  -7.5000001117587090E-002  -7.5000001117587090E-002  -1.0000000000000000     
  -7.5000001117587090E-002  -5.0000000745058060E-002  -1.0000000000000000     
  -7.5000001117587090E-002  -2.5000000372529030E-002  -1.0000000000000000     
  -7.5000001117587090E-002   0.0000000000000000       -1.0000000000000000     
  -7.5000001117587090E-002   2.5000000372529030E-002  -1.0000000000000000     
  -7.5000001117587090E-002   5.0000000745058060E-002  -1.0000000000000000     
  -7.5000001117587090E-002   7.5000001117587090E-002  -1.0000000000000000     
  -7.5000001117587090E-002  0.10000000149011612       -1.0000000000000000     
  -7.5000001117587090E-002  0.12500000186264515       -1.0000000000000000     
  -7.5000001117587090E-002  0.15000000223517418       -1.0000000000000000     
  -7.5000001117587090E-002  0.17500000260770321       -1.0000000000000000     
  -7.5000001117587090E-002  0.20000000298023224       -1.0000000000000000     
  -7.5000001117587090E-002  0.22500000335276127       -1.0000000000000000     
  -7.5000001117587090E-002  0.25000000372529030       -1.0000000000000000     
  -7.5000001117587090E-002  0.27500000409781933       -1.0000000000000000     
  -7.5000001117587090E-002  0.30000000447034836       -1.0000000000000000     
  -7.5000001117587090E-002  0.32500000484287739       -1.0000000000000000     
  -7.5000001117587090E-002  0.35000000521540642       -1.0000000000000000     
  -7.5000001117587090E-002  0.37500000558793545       -1.0000000000000000     
  -7.5000001117587090E-002  0.40000000596046448       -1.0000000000000000     
  -7.5000001117587090E-002  0.42500000633299351       -1.0000000000000000     
  -7.5000001117587090E-002  0.45000000670552254       -1.0000000000000000     
  -7.5000001117587090E-002  0.47500000707805157       -1.0000000000000000     
  -7.5000001117587090E-002  0.50000000745058060       -1.0000000000000000     
  -7.5000001117587090E-002  0.52500000782310963       -1.0000000000000000     
  -7.5000001117587090E-002  0.55000000819563866       -1.0000000000000000     
  -7.5000001117587090E-002  0.57500000856816769        1.0000000000000000     
  -7.5000001117587090E-002  0.60000000894069672        1.0000000000000000     
  -5.0000000745058060E-002  -7.5000001117587090E-002  -1.0000000000000000     
  -5.0000000745058060E-002  -5.0000000745058060E-002  -1.0000000000000000     
  -5.0000000745058060E-002  -2.5000000372529030E-002  -1.0000000000000000     
  -5.0000000745058060E-002   0.0000000000000000       -1.0000000000000000     
  -5.0000000745058060E-002   2.5000000372529030E-002  -1.0000000000000000     
  -5.0000000745058060E-002   5.0000000745058060E-002  -1.0000000000000000     
  -5.0000000745058060E-002   7.5000001117587090E-002  -1.0000000000000000     
  -5.0000000745058060E-002  0.10000000149011612       -1.0000000000000000     
  -5.0000000745058060E-002  0.12500000186264515       -1.0000000000000000     
  -5.0000000745058060E-002  0.15000000223517418       -1.0000000000000000     
  -5.0000000745058060E-002  0.17500000260770321       -1.0000000000000000     
  -5.0000000745058060E-002  0.20000000298023224       -1.0000000000000000     
  -5.0000000745058060E-002  0.22500000335276127       -1.0000000000000000     
  -5.0000000745058060E-002  0.25000000372529030       -1.0000000000000000     
  -5.0000000745058060E-002  0.27500000409781933       -1.0000000000000000     
  -5.0000000745058060E-002  0.30000000447034836       -1.0000000000000000     
  -5.0000000745058060E-002  0.32500000484287739       -1.0000000000000000     
  -5.0000000745058060E-002  0.35000000521540642       -1.0000000000000000     
  -5.0000000745058060E-002  0.37500000558793545       -1.0000000000000000     
  -5.0000000745058060E-002  0.40000000596046448       -1.0000000000000000     
  -5.0000000745058060E-002  0.42500000633299351       -1.0000000000000000     
  -5.0000000745058060E-002  0.45000000670552254       -1.0000000000000000     
  -5.0000000745058060E-002  0.47500000707805157       -1.0000000000000000     
  -5.0000000745058060E-002  0.50000000745058060       -1.0000000000000000     
  -5.0000000745058060E-002  0.52500000782310963       -1.0000000000000000     
  -5.0000000745058060E-002  0.55000000819563866       -1.0000000000000000     
  -5.0000000745058060E-002  0.57500000856816769        1.0000000000000000     
  -5.0000000745058060E-002  0.60000000894069672        1.0000000000000000     
  -2.5000000372529030E-002  -7.5000001117587090E-002  -1.0000000000000000     
  -2.5000000372529030E-002  -5.0000000745058060E-002  -1.0000000000000000     
  -2.5000000372529030E-002  -2.5000000372529030E-002   1.0000000000000000     
  -2.5000000372529030E-002   0.0000000000000000        1.0000000000000000     
  -2.5000000372529030E-002   2.5000000372529030E-002   1.0000000000000000     
  -2.5000000372529030E-002   5.0000000745058060E-002   1.0000000000000000     
  -2.5000000372529030E-002   7.5000001117587090E-002   1.0000000000000000     
  -2.5000000372529030E-002  0.10000000149011612        1.0000000000000000     
  -2.5000000372529030E-002  0.12500000186264515        1.0000000000000000     
  -2.5000000372529030E-002  0.15000000223517418        1.0000000000000000     
  -2.5000000372529030E-002  0.17500000260770321        1.0000000000000000     
  -2.5000000372529030E-002  0.20000000298023224        1.0000000000000000     
  -2.5000000372529030E-002  0.22500000335276127        1.0000000000000000     
  -2.5000000372529030E-002  0.25000000372529030        1.0000000000000000     
  -2.5000000372529030E-002  0.27500000409781933        1.0000000000000000     
  -2.5000000372529030E-002  0.30000000447034836        1.0000000000000000     
  -2.5000000372529030E-002  0.32500000484287739        1.0000000000000000     
  -2.5000000372529030E-002  0.35000000521540642        1.0000000000000000     
  -2.5000000372529030E-002  0.37500000558793545        1.0000000000000000     
  -2.5000000372529030E-002  0.40000000596046448        1.0000000000000000     
  -2.5000000372529030E-002  0.42500000633299351        1.0000000000000000     
  -2.5000000372529030E-002  0.45000000670552254        1.0000000000000000     
  -2.5000000372529030E-002  0.47500000707805157        1.0000000000000000     
  -2.5000000372529030E-002  0.50000000745058060        1.0000000000000000     
  -2.5000000372529030E-002  0.52500000782310963        1.0000000000000000     
  -2.5000000372529030E-002  0.55000000819563866        1.0000000000000000     
  -2.5000000372529030E-002  0.57500000856816769        1.0000000000000000     
  -2.5000000372529030E-002  0.60000000894069672        1.0000000000000000     
   0.0000000000000000       -7.5000001117587090E-002  -1.0000000000000000     
   0.0000000000000000       -5.0000000745058060E-002  -1.0000000000000000     
   0.0000000000000000       -2.5000000372529030E-002   1.0000000000000000     
   0.0000000000000000        0.0000000000000000        1.0000000000000000     
   0.0000000000000000        2.5000000372529030E-002   1.0000000000000000     
   0.0000000000000000        5.0000000745058060E-002   1.0000000000000000     
   0.0000000000000000        7.5000001117587090E-002   1.0000000000000000     
   0.0000000000000000       0.10000000149011612        1.0000000000000000     
   0.0000000000000000       0.12500000186264515        1.0000000000000000     
   0.0000000000000000       0.15000000223517418        1.0000000000000000     
   0.0000000000000000       0.17500000260770321        1.0000000000000000     
   0.0000000000000000       0.20000000298023224        1.0000000000000000     
   0.0000000000000000       0.22500000335276127        1.0000000000000000     
   0.0000000000000000       0.25000000372529030        1.0000000000000000     
   0.0000000000000000       0.27500000409781933        1.0000000000000000     
   0.0000000000000000       0.30000000447034836        1.0000000000000000     
   0.0000000000000000       0.32500000484287739        1.0000000000000000     
   0.0000000000000000       0.35000000521540642        1.0000000000000000     
   0.0000000000000000       0.37500000558793545        1.0000000000000000     
   0.0000000000000000       0.40000000596046448        1.0000000000000000     
   0.0000000000000000       0.42500000633299351        1.0000000000000000     
   0.0000000000000000       0.45000000670552254        1.0000000000000000     
   0.0000000000000000       0.47500000707805157        1.0000000000000000     
   0.0000000000000000       0.50000000745058060        1.0000000000000000     
   0.0000000000000000       0.52500000782310963        1.0000000000000000     
   0.0000000000000000       0.55000000819563866        1.0000000000000000     
   0.0000000000000000       0.57500000856816769        1.0000000000000000     
   0.0000000000000000       0.60000000894069672        1.0000000000000000     
   2.5000000372529030E-002  -7.5000001117587090E-002  -1.0000000000000000     
   2.5000000372529030E-002  -5.0000000745058060E-002  -1.0000000000000000     
   2.5000000372529030E-002  -2.5000000372529030E-002   1.0000000000000000     
   2.5000000372529030E-002   0.0000000000000000        1.0000000000000000     
   2.4824415104906922E-002   2.4462222063459028E-002   0.0000000000000000     
   2.4902766409475537E-002   4.9558280929818350E-002   0.0000000000000000     
   2.4951260384946463E-002   7.4498379040693202E-002   0.0000000000000000     
   2.4978894794596241E-002   9.9480443946731847E-002   0.0000000000000000     
   2.4993790354624078E-002  0.12446712109351092        0.0000000000000000     
   2.4999257036242745E-002  0.14946178051163084        0.0000000000000000     
   2.5000000372261421E-002  0.17446100406212742        0.0000000000000000     
   2.5000000372513181E-002  0.19946100443420589        0.0000000000000000     
   2.5000000372529030E-002  0.22446100480670608        0.0000000000000000     
   2.5000000372529030E-002  0.24946100517923495        0.0000000000000000     
   2.5000000372529030E-002  0.27446100555176411        0.0000000000000000     
   2.5000000372529030E-002  0.29946100592429314        0.0000000000000000     
   2.5000000372529030E-002  0.32446100629682217        0.0000000000000000     
   2.5000000372529030E-002  0.34946100666935120        0.0000000000000000     
   2.5000000372529030E-002  0.37446100704188023        0.0000000000000000     
   2.5000000372529030E-002  0.39946100741440926        0.0000000000000000     
   2.5000000372529030E-002  0.42446100778693829        0.0000000000000000     
   2.5000000372529030E-002  0.44946100815946732        0.0000000000000000     
   2.5000000372529030E-002  0.47446100853199646        0.0000000000000000     
   2.5000000372529030E-002  0.49946100890452594        0.0000000000000000     
   5.0000000745058060E-002  -7.5000001117587090E-002  -1.0000000000000000     
   5.0000000745058060E-002  -5.0000000745058060E-002  -1.0000000000000000     
   5.0000000745058060E-002  -2.5000000372529030E-002   1.0000000000000000     
   5.0000000745058060E-002   0.0000000000000000        1.0000000000000000     
   4.9869045104775737E-002   2.4473841608041180E-002   0.0000000000000000     
   4.9910894769032925E-002   4.9618705992903571E-002   0.0000000000000000     
   4.9941426519544592E-002   7.4527543896517376E-002   0.0000000000000000     
   4.9968084390840599E-002   9.9503871084548265E-002   0.0000000000000000     
   4.9986706542258903E-002  0.12448002720869204        0.0000000000000000     
   4.9996583564391947E-002  0.14946629824871199        0.0000000000000000     
   4.9999658667242250E-002  0.17446141812716154        0.0000000000000000     
   5.0000000745006941E-002  0.19946100326348684        0.0000000000000000     
   5.0000000745057456E-002  0.22446100363587446        0.0000000000000000     
   5.0000000745058060E-002  0.24946100400840127        0.0000000000000000     
   5.0000000745058060E-002  0.27446100438093030        0.0000000000000000     
   5.0000000745058060E-002  0.29946100475345933        0.0000000000000000     
   5.0000000745058060E-002  0.32446100512598836        0.0000000000000000     
   5.0000000745058060E-002  0.34946100549851739        0.0000000000000000     
   5.0000000745058060E-002  0.37446100587104642        0.0000000000000000     
   5.0000000745058060E-002  0.39946100624357544        0.0000000000000000     
   5.0000000745058060E-002  0.42446100661610447        0.0000000000000000     
   5.0000000745058060E-002  0.44946100698863350        0.0000000000000000     
   5.0000000745058060E-002  0.47446100736116253        0.0000000000000000     
   5.0000000745058060E-002  0.49946100773369134        0.0000000000000000     
   7.5000001117587090E-002  -7.5000001117587090E-002  -1.0000000000000000     
   7.5000001117587090E-002  -5.0000000745058060E-002  -1.0000000000000000     
   7.5000001117587090E-002  -2.5000000372529030E-002   1.0000000000000000     
   7.5000001117587090E-002   0.0000000000000000        1.0000000000000000     
   7.4922682773720217E-002   2.4474862372937310E-002   0.0000000000000000     
   7.4937572767604640E-002   4.9648212232795787E-002   0.0000000000000000     
   7.4954679319572046E-002   7.4551041378087948E-002   0.0000000000000000     
   7.4971184053110415E-002   9.9524845086147104E-002   0.0000000000000000     
   7.4984881641889878E-002  0.12449339832237137        0.0000000000000000     
   7.4994510185276031E-002  0.14947326471661052        0.0000000000000000     
   7.4999287384533153E-002  0.17446345384224979        0.0000000000000000     
   7.5000001118206108E-002  0.19946103822532210        0.0000000000000000     
   7.5000001117584800E-002  0.22446100329850335        0.0000000000000000     
   7.5000001117587090E-002  0.24946100367102225        0.0000000000000000     
   7.5000001117587090E-002  0.27446100404355128        0.0000000000000000     
   7.5000001117587090E-002  0.29946100441608031        0.0000000000000000     
   7.5000001117587090E-002  0.32446100478860934        0.0000000000000000     
   7.5000001117587090E-002  0.34946100516113837        0.0000000000000000     
   7.5000001117587090E-002  0.37446100553366740        0.0000000000000000     
   7.5000001117587090E-002  0.39946100590619643        0.0000000000000000     
   7.5000001117587090E-002  0.42446100627872546        0.0000000000000000     
   7.5000001117587090E-002  0.44946100665125449        0.0000000000000000     
   7.5000001117587090E-002  0.47446100702378341        0.0000000000000000     
   7.5000001117587090E-002  0.49946100739631222        0.0000000000000000     
  0.10000000149011612       -7.5000001117587090E-002  -1.0000000000000000     
  0.10000000149011612       -5.0000000745058060E-002  -1.0000000000000000     
  0.10000000149011612       -2.5000000372529030E-002   1.0000000000000000     
  0.10000000149011612        0.0000000000000000        1.0000000000000000     
   9.9968365776217788E-002   2.4473052938456016E-002   0.0000000000000000     
   9.9974389943744718E-002   4.9660306758579680E-002   0.0000000000000000     
   9.9979645303605272E-002   7.4560366619402463E-002   0.0000000000000000     
   9.9985192572418904E-002   9.9534532219730701E-002   0.0000000000000000     
   9.9991467520373495E-002  0.12450272529072172        0.0000000000000000     
   9.9996783561438846E-002  0.14947966689402323        0.0000000000000000     
   9.9999580675894831E-002  0.17446564529475447        0.0000000000000000     
  0.10000000149132331       0.19946107667458934        0.0000000000000000     
  0.10000000149011415       0.22446100329109170        0.0000000000000000     
  0.10000000149011612       0.24946100366359805        0.0000000000000000     
  0.10000000149011612       0.27446100403612683        0.0000000000000000     
  0.10000000149011612       0.29946100440865586        0.0000000000000000     
  0.10000000149011612       0.32446100478118489        0.0000000000000000     
  0.10000000149011612       0.34946100515371392        0.0000000000000000     
  0.10000000149011612       0.37446100552624295        0.0000000000000000     
  0.10000000149011612       0.39946100589877198        0.0000000000000000     
  0.10000000149011612       0.42446100627130101        0.0000000000000000     
  0.10000000149011612       0.44946100664383004        0.0000000000000000     
  0.10000000149011612       0.47446100701635902        0.0000000000000000     
  0.10000000149011612       0.49946100738888805        0.0000000000000000     
  0.12500000186264515       -7.5000001117587090E-002  -1.0000000000000000     
  0.12500000186264515       -5.0000000745058060E-002  -1.0000000000000000     
  0.12500000186264515       -2.5000000372529030E-002   1.0000000000000000     
  0.12500000186264515        0.0000000000000000        1.0000000000000000     
  0.12500278306397763        2.4472803121551607E-002   0.0000000000000000     
  0.12500444459080592        4.9663904515800245E-002   0.0000000000000000     
  0.12500568760559314        7.4562998439246478E-002   0.0000000000000000     
  0.12500546547826880        9.9537638066360234E-002   0.0000000000000000     
  0.12500373116865268       0.12450486624463389        0.0000000000000000     
  0.12500162908165438       0.14948082985369590        0.0000000000000000     
  0.12500022817991854       0.17446598236230171        0.0000000000000000     
  0.12500000186209570       0.19946108178403316        0.0000000000000000     
  0.12500000186264598       0.22446100329109445        0.0000000000000000     
  0.12500000186264515       0.24946100366359791        0.0000000000000000     
  0.12500000186264515       0.27446100403612667        0.0000000000000000     
  0.12500000186264515       0.29946100440865570        0.0000000000000000     
  0.12500000186264515       0.32446100478118473        0.0000000000000000     
  0.12500000186264515       0.34946100515371376        0.0000000000000000     
  0.12500000186264515       0.37446100552624279        0.0000000000000000     
  0.12500000186264515       0.39946100589877181        0.0000000000000000     
  0.12500000186264515       0.42446100627130084        0.0000000000000000     
  0.12500000186264515       0.44946100664382987        0.0000000000000000     
  0.12500000186264515       0.47446100701635890        0.0000000000000000     
  0.12500000186264515       0.49946100738888793        0.0000000000000000     
  0.15000000223517418       -7.5000001117587090E-002  -1.0000000000000000     
  0.15000000223517418       -5.0000000745058060E-002  -1.0000000000000000     
  0.15000000223517418       -2.5000000372529030E-002   1.0000000000000000     
  0.15000000223517418        0.0000000000000000        1.0000000000000000     
  0.15003938601530881        2.4476314989878838E-002   0.0000000000000000     
  0.15003771802907448        4.9663210979014043E-002   0.0000000000000000     
  0.15003210086496541        7.4560635144699169E-002   0.0000000000000000     
  0.15002338395178980        9.9532048996303926E-002   0.0000000000000000     
  0.15001381089271160       0.12449884156825471        0.0000000000000000     
  0.15000557575218640       0.14947622660029891        0.0000000000000000     
  0.15000076513192004       0.17446421717513699        0.0000000000000000     
  0.15000000223412874       0.19946105324827684        0.0000000000000000     
  0.15000000223517676       0.22446100329108493        0.0000000000000000     
  0.15000000223517418       0.24946100366359777        0.0000000000000000     
  0.15000000223517418       0.27446100403612667        0.0000000000000000     
  0.15000000223517418       0.29946100440865570        0.0000000000000000     
  0.15000000223517418       0.32446100478118473        0.0000000000000000     
  0.15000000223517418       0.34946100515371376        0.0000000000000000     
  0.15000000223517418       0.37446100552624279        0.0000000000000000     
  0.15000000223517418       0.39946100589877181        0.0000000000000000     
  0.15000000223517418       0.42446100627130084        0.0000000000000000     
  0.15000000223517418       0.44946100664382987        0.0000000000000000     
  0.15000000223517418       0.47446100701635890        0.0000000000000000     
  0.15000000223517418       0.49946100738888793        0.0000000000000000     
  0.17500000260770321       -7.5000001117587090E-002  -1.0000000000000000     
  0.17500000260770321       -5.0000000745058060E-002  -1.0000000000000000     
  0.17500000260770321       -2.5000000372529030E-002   1.0000000000000000     
  0.17500000260770321        0.0000000000000000        1.0000000000000000     
  0.17507442006231222        2.4484965311115665E-002   0.0000000000000000     
  0.17506987217450259        4.9653967836189208E-002   0.0000000000000000     
  0.17505443974153456        7.4547736907519785E-002   0.0000000000000000     
  0.17503404951109247        9.9518050450575241E-002   0.0000000000000000     
  0.17501628195810240       0.12448674771092400        0.0000000000000000     
  0.17500459964803639       0.14946832663731044        0.0000000000000000     
  0.17500049002782736       0.17446159458473043        0.0000000000000000     
  0.17500000260777523       0.19946100291877339        0.0000000000000000     
  0.17500000260770465       0.22446100329107299        0.0000000000000000     
  0.17500000260770321       0.24946100366359764        0.0000000000000000     
  0.17500000260770321       0.27446100403612667        0.0000000000000000     
  0.17500000260770321       0.29946100440865570        0.0000000000000000     
  0.17500000260770321       0.32446100478118473        0.0000000000000000     
  0.17500000260770321       0.34946100515371376        0.0000000000000000     
  0.17500000260770321       0.37446100552624279        0.0000000000000000     
  0.17500000260770321       0.39946100589877181        0.0000000000000000     
  0.17500000260770321       0.42446100627130084        0.0000000000000000     
  0.17500000260770321       0.44946100664382987        0.0000000000000000     
  0.17500000260770321       0.47446100701635890        0.0000000000000000     
  0.17500000260770321       0.49946100738888793        0.0000000000000000     
  0.20000000298023224       -7.5000001117587090E-002  -1.0000000000000000     
  0.20000000298023224       -5.0000000745058060E-002  -1.0000000000000000     
  0.20000000298023224       -2.5000000372529030E-002   1.0000000000000000     
  0.20000000298023224        0.0000000000000000        1.0000000000000000     
  0.20015839899989954        2.4499518354637772E-002   0.0000000000000000     
  0.20011261642615724        4.9627799248727102E-002   0.0000000000000000     
  0.20006566436691825        7.4520317294383770E-002   0.0000000000000000     
  0.20002927061829262        9.9492413104853475E-002   0.0000000000000000     
  0.20000876253232952       0.12447073513137034        0.0000000000000000     
  0.20000106457230146       0.14946217967419126        0.0000000000000000     
  0.20000000298062701       0.17446100357329922        0.0000000000000000     
  0.20000000298026069       0.19946100291859664        0.0000000000000000     
  0.20000000298023224       0.22446100329106905        0.0000000000000000     
  0.20000000298023224       0.24946100366359764        0.0000000000000000     
  0.20000000298023224       0.27446100403612667        0.0000000000000000     
  0.20000000298023224       0.29946100440865570        0.0000000000000000     
  0.20000000298023224       0.32446100478118473        0.0000000000000000     
  0.20000000298023224       0.34946100515371376        0.0000000000000000     
  0.20000000298023224       0.37446100552624279        0.0000000000000000     
  0.20000000298023224       0.39946100589877181        0.0000000000000000     
  0.20000000298023224       0.42446100627130084        0.0000000000000000     
  0.20000000298023224       0.44946100664382987        0.0000000000000000     
  0.20000000298023224       0.47446100701635890        0.0000000000000000     
  0.20000000298023224       0.49946100738888793        0.0000000000000000     
  0.22500000335276127       -7.5000001117587090E-002  -1.0000000000000000     
  0.22500000335276127       -5.0000000745058060E-002  -1.0000000000000000     
  0.22500000335276127       -2.5000000372529030E-002   1.0000000000000000     
  0.22500000335276127        0.0000000000000000        1.0000000000000000     
  0.22517781612118418        2.4512265814713861E-002   0.0000000000000000     
  0.22508625098976598        4.9539418060924469E-002   0.0000000000000000     
  0.22503424935693941        7.4475031320590301E-002   0.0000000000000000     
  0.22501048287938527        9.9465833282580476E-002   0.0000000000000000     
  0.22500132252142657       0.12446217125350678        0.0000000000000000     
  0.22500001330347380       0.14946101212455587        0.0000000000000000     
  0.22500000335287768       0.17446100254617528        0.0000000000000000     
  0.22500000335276546       0.19946100291854496        0.0000000000000000     
  0.22500000335276127       0.22446100329106861        0.0000000000000000     
  0.22500000335276127       0.24946100366359764        0.0000000000000000     
  0.22500000335276127       0.27446100403612667        0.0000000000000000     
  0.22500000335276127       0.29946100440865570        0.0000000000000000     
  0.22500000335276127       0.32446100478118473        0.0000000000000000     
  0.22500000335276127       0.34946100515371376        0.0000000000000000     
  0.22500000335276127       0.37446100552624279        0.0000000000000000     
  0.22500000335276127       0.39946100589877181        0.0000000000000000     
  0.22500000335276127       0.42446100627130084        0.0000000000000000     
  0.22500000335276127       0.44946100664382987        0.0000000000000000     
  0.22500000335276127       0.47446100701635890        0.0000000000000000     
  0.22500000335276127       0.49946100738888793        0.0000000000000000     
  0.25000000372529030       -7.5000001117587090E-002  -1.0000000000000000     
  0.25000000372529030       -5.0000000745058060E-002  -1.0000000000000000     
  0.25000000372529030       -2.5000000372529030E-002   1.0000000000000000     
  0.25000000372529030        0.0000000000000000        1.0000000000000000     
  0.25006489024100848        2.4470857265782159E-002   0.0000000000000000     
  0.25001565156585354        4.9471990302026807E-002   0.0000000000000000     
  0.25000129108142305        7.4461793223302097E-002   0.0000000000000000     
  0.25000012479088107        9.9461001394590326E-002   0.0000000000000000     
  0.25000000475350348       0.12446100180260869        0.0000000000000000     
  0.25000000372552222       0.14946100217373595        0.0000000000000000     
  0.25000000372530234       0.17446100254602376        0.0000000000000000     
  0.25000000372529030       0.19946100291853958        0.0000000000000000     
  0.25000000372529030       0.22446100329106861        0.0000000000000000     
  0.25000000372529030       0.24946100366359764        0.0000000000000000     
  0.25000000372529030       0.27446100403612667        0.0000000000000000     
  0.25000000372529030       0.29946100440865570        0.0000000000000000     
  0.25000000372529030       0.32446100478118473        0.0000000000000000     
  0.25000000372529030       0.34946100515371376        0.0000000000000000     
  0.25000000372529030       0.37446100552624279        0.0000000000000000     
  0.25000000372529030       0.39946100589877181        0.0000000000000000     
  0.25000000372529030       0.42446100627130084        0.0000000000000000     
  0.25000000372529030       0.44946100664382987        0.0000000000000000     
  0.25000000372529030       0.47446100701635890        0.0000000000000000     
  0.25000000372529030       0.49946100738888793        0.0000000000000000     
  0.27500000409781933       -7.5000001117587090E-002  -1.0000000000000000     
  0.27500000409781933       -5.0000000745058060E-002  -1.0000000000000000     
  0.27500000409781933       -2.5000000372529030E-002   1.0000000000000000     
  0.27500000409781933        0.0000000000000000        1.0000000000000000     
  0.30000000447034836       -7.5000001117587090E-002  -1.0000000000000000     
  0.30000000447034836       -5.0000000745058060E-002  -1.0000000000000000     
  0.30000000447034836       -2.5000000372529030E-002   1.0000000000000000     
  0.30000000447034836        0.0000000000000000        1.0000000000000000     
  0.32500000484287739       -7.5000001117587090E-002  -1.0000000000000000     
  0.32500000484287739       -5.0000000745058060E-002  -1.0000000000000000     
  0.32500000484287739       -2.5000000372529030E-002   1.0000000000000000     
  0.32500000484287739        0.0000000000000000        1.0000000000000000     
  0.35000000521540642       -7.5000001117587090E-002  -1.0000000000000000     
  0.35000000521540642       -5.0000000745058060E-002  -1.0000000000000000     
  0.35000000521540642       -2.5000000372529030E-002   1.0000000000000000     
  0.35000000521540642        0.0000000000000000        1.0000000000000000     
  0.37500000558793545       -7.5000001117587090E-002  -1.0000000000000000     
  0.37500000558793545       -5.0000000745058060E-002  -1.0000000000000000     
  0.37500000558793545       -2.5000000372529030E-002   1.0000000000000000     
  0.37500000558793545        0.0000000000000000        1.0000000000000000     
  0.40000000596046448       -7.5000001117587090E-002  -1.0000000000000000     
  0.40000000596046448       -5.0000000745058060E-002  -1.0000000000000000     
  0.40000000596046448       -2.5000000372529030E-002   1.0000000000000000     
  0.40000000596046448        0.0000000000000000        1.0000000000000000     
  0.42500000633299351       -7.5000001117587090E-002  -1.0000000000000000     
  0.42500000633299351       -5.0000000745058060E-002  -1.0000000000000000     
  0.42500000633299351       -2.5000000372529030E-002   1.0000000000000000     
  0.42500000633299351        0.0000000000000000        1.0000000000000000     
  0.45000000670552254       -7.5000001117587090E-002  -1.0000000000000000     
  0.45000000670552254       -5.0000000745058060E-002  -1.0000000000000000     
  0.45000000670552254       -2.5000000372529030E-002   1.0000000000000000     
  0.45000000670552254        0.0000000000000000        1.0000000000000000     
  0.47500000707805157       -7.5000001117587090E-002  -1.0000000000000000     
  0.47500000707805157       -5.0000000745058060E-002  -1.0000000000000000     
  0.47500000707805157       -2.5000000372529030E-002   1.0000000000000000     
  0.47500000707805157        0.0000000000000000        1.0000000000000000     
  0.50000000745058060       -7.5000001117587090E-002  -1.0000000000000000     
  0.50000000745058060       -5.0000000745058060E-002  -1.0000000000000000     
  0.50000000745058060       -2.5000000372529030E-002   1.0000000000000000     
  0.50000000745058060        0.0000000000000000        1.0000000000000000     
  0.52500000782310963       -7.5000001117587090E-002  -1.0000000000000000     
  0.52500000782310963       -5.0000000745058060E-002  -1.0000000000000000     
  0.52500000782310963       -2.5000000372529030E-002   1.0000000000000000     
  0.52500000782310963        0.0000000000000000        1.0000000000000000     
  0.55000000819563866       -7.5000001117587090E-002  -1.0000000000000000     
  0.55000000819563866       -5.0000000745058060E-002  -1.0000000000000000     
  0.55000000819563866       -2.5000000372529030E-002   1.0000000000000000     
  0.55000000819563866        0.0000000000000000        1.0000000000000000     
  0.57500000856816769       -7.5000001117587090E-002  -1.0000000000000000     
  0.57500000856816769       -5.0000000745058060E-002  -1.0000000000000000     
  0.57500000856816769       -2.5000000372529030E-002   1.0000000000000000     
  0.57500000856816769        0.0000000000000000        1.0000000000000000     
  0.60000000894069672       -7.5000001117587090E-002  -1.0000000000000000     
  0.60000000894069672       -5.0000000745058060E-002  -1.0000000000000000     
  0.60000000894069672       -2.5000000372529030E-002   1.0000000000000000     
  0.60000000894069672        0.0000000000000000        1.0000000000000000     
  0.62500000931322575       -7.5000001117587090E-002  -1.0000000000000000     
  0.62500000931322575       -5.0000000745058060E-002  -1.0000000000000000     
  0.62500000931322575       -2.5000000372529030E-002   1.0000000000000000     
  0.62500000931322575        0.0000000000000000        1.0000000000000000     
  0.65000000968575478       -7.5000001117587090E-002  -1.0000000000000000     
  0.65000000968575478       -5.0000000745058060E-002  -1.0000000000000000     
  0.65000000968575478       -2.5000000372529030E-002   1.0000000000000000     
  0.65000000968575478        0.0000000000000000        1.0000000000000000     
  0.67500001005828381       -7.5000001117587090E-002  -1.0000000000000000     
  0.67500001005828381       -5.0000000745058060E-002  -1.0000000000000000     
  0.67500001005828381       -2.5000000372529030E-002   1.0000000000000000     
  0.67500001005828381        0.0000000000000000        1.0000000000000000     
  0.70000001043081284       -7.5000001117587090E-002  -1.0000000000000000     
  0.70000001043081284       -5.0000000745058060E-002  -1.0000000000000000     
  0.70000001043081284       -2.5000000372529030E-002   1.0000000000000000     
  0.70000001043081284        0.0000000000000000        1.0000000000000000     
  0.72500001080334187       -7.5000001117587090E-002  -1.0000000000000000     
  0.72500001080334187       -5.0000000745058060E-002  -1.0000000000000000     
  0.72500001080334187       -2.5000000372529030E-002   1.0000000000000000     
  0.72500001080334187        0.0000000000000000        1.0000000000000000     
  0.75000001117587090       -7.5000001117587090E-002  -1.0000000000000000     
  0.75000001117587090       -5.0000000745058060E-002  -1.0000000000000000     
  0.75000001117587090       -2.5000000372529030E-002   1.0000000000000000     
  0.75000001117587090        0.0000000000000000        1.0000000000000000     
  0.77500001154839993       -7.5000001117587090E-002  -1.0000000000000000     
  0.77500001154839993       -5.0000000745058060E-002  -1.0000000000000000     
  0.77500001154839993       -2.5000000372529030E-002   1.0000000000000000     
  0.77500001154839993        0.0000000000000000        1.0000000000000000     
  0.80000001192092896       -7.5000001117587090E-002  -1.0000000000000000     
  0.80000001192092896       -5.0000000745058060E-002  -1.0000000000000000     
  0.80000001192092896       -2.5000000372529030E-002   1.0000000000000000     
  0.80000001192092896        0.0000000000000000        1.0000000000000000     
  0.82500001229345798       -7.5000001117587090E-002  -1.0000000000000000     
  0.82500001229345798       -5.0000000745058060E-002  -1.0000000000000000     
  0.82500001229345798       -2.5000000372529030E-002   1.0000000000000000     
  0.82500001229345798        0.0000000000000000        1.0000000000000000     
  0.85000001266598701       -7.5000001117587090E-002  -1.0000000000000000     
  0.85000001266598701       -5.0000000745058060E-002  -1.0000000000000000     
  0.85000001266598701       -2.5000000372529030E-002   1.0000000000000000     
  0.85000001266598701        0.0000000000000000        1.0000000000000000     
  0.87500001303851604       -7.5000001117587090E-002  -1.0000000000000000     
  0.87500001303851604       -5.0000000745058060E-002  -1.0000000000000000     
  0.87500001303851604       -2.5000000372529030E-002   1.0000000000000000     
  0.87500001303851604        0.0000000000000000        1.0000000000000000     
  0.90000001341104507       -7.5000001117587090E-002  -1.0000000000000000     
  0.90000001341104507       -5.0000000745058060E-002  -1.0000000000000000     
  0.90000001341104507       -2.5000000372529030E-002   1.0000000000000000     
  0.90000001341104507        0.0000000000000000        1.0000000000000000     
  0.92500001378357410       -7.5000001117587090E-002  -1.0000000000000000     
  0.92500001378357410       -5.0000000745058060E-002  -1.0000000000000000     
  0.92500001378357410       -2.5000000372529030E-002   1.0000000000000000     
  0.92500001378357410        0.0000000000000000        1.0000000000000000     
  0.95000001415610313       -7.5000001117587090E-002  -1.0000000000000000     
  0.95000001415610313       -5.0000000745058060E-002  -1.0000000000000000     
  0.95000001415610313       -2.5000000372529030E-002   1.0000000000000000     
  0.95000001415610313        0.0000000000000000        1.0000000000000000     
  0.97500001452863216       -7.5000001117587090E-002  -1.0000000000000000     
  0.97500001452863216       -5.0000000745058060E-002  -1.0000000000000000     
  0.97500001452863216       -2.5000000372529030E-002   1.0000000000000000     
  0.97500001452863216        0.0000000000000000        1.0000000000000000     
   1.0000000149011612       -7.5000001117587090E-002  -1.0000000000000000     
   1.0000000149011612       -5.0000000745058060E-002  -1.0000000000000000     
   1.0000000149011612       -2.5000000372529030E-002   1.0000000000000000     
   1.0000000149011612        0.0000000000000000        1.0000000000000000     
   1.0250000152736902       -7.5000001117587090E-002  -1.0000000000000000     
   1.0250000152736902       -5.0000000745058060E-002  -1.0000000000000000     
   1.0250000152736902       -2.5000000372529030E-002   1.0000000000000000     
   1.0250000152736902        0.0000000000000000        1.0000000000000000     
   1.0250000152736902        2.5000000372529030E-002   1.0000000000000000     
   1.0250000152736902        5.0000000745058060E-002   1.0000000000000000     
   1.0250000152736902        7.5000001117587090E-002   1.0000000000000000     
   1.0250000152736902       0.10000000149011612        1.0000000000000000     
   1.0250000152736902       0.12500000186264515        1.0000000000000000     
   1.0250000152736902       0.15000000223517418        1.0000000000000000     
   1.0250000152736902       0.17500000260770321        1.0000000000000000     
   1.0250000152736902       0.20000000298023224        1.0000000000000000     
   1.0250000152736902       0.22500000335276127        1.0000000000000000     
   1.0250000152736902       0.25000000372529030        1.0000000000000000     
   1.0250000152736902       0.27500000409781933        1.0000000000000000     
   1.0250000152736902       0.30000000447034836        1.0000000000000000     
   1.0250000152736902       0.32500000484287739        1.0000000000000000     
   1.0250000152736902       0.35000000521540642        1.0000000000000000     
   1.0250000152736902       0.37500000558793545        1.0000000000000000     
   1.0250000152736902       0.40000000596046448        1.0000000000000000     
   1.0250000152736902       0.42500000633299351        1.0000000000000000     
   1.0250000152736902       0.45000000670552254        1.0000000000000000     
   1.0250000152736902       0.47500000707805157        1.0000000000000000     
   1.0250000152736902       0.50000000745058060        1.0000000000000000     
   1.0250000152736902       0.52500000782310963        1.0000000000000000     
   1.0250000152736902       0.55000000819563866        1.0000000000000000     
   1.0250000152736902       0.57500000856816769        1.0000000000000000     
   1.0250000152736902       0.60000000894069672        1.0000000000000000     
   1.0500000156462193       -7.5000001117587090E-002  -1.0000000000000000     
   1.0500000156462193       -5.0000000745058060E-002  -1.0000000000000000     
   1.0500000156462193       -2.5000000372529030E-002   1.0000000000000000     
   1.0500000156462193        0.0000000000000000        1.0000000000000000     
   1.0500000156462193        2.5000000372529030E-002   1.0000000000000000     
   1.0500000156462193        5.0000000745058060E-002   1.0000000000000000     
   1.0500000156462193        7.5000001117587090E-002   1.0000000000000000     
   1.0500000156462193       0.10000000149011612        1.0000000000000000     
   1.0500000156462193       0.12500000186264515        1.0000000000000000     
   1.0500000156462193       0.15000000223517418        1.0000000000000000     
   1.0500000156462193       0.17500000260770321        1.0000000000000000     
   1.0500000156462193       0.20000000298023224        1.0000000000000000     
   1.0500000156462193       0.22500000335276127        1.0000000000000000     
   1.0500000156462193       0.25000000372529030        1.0000000000000000     
   1.0500000156462193       0.27500000409781933        1.0000000000000000     
   1.0500000156462193       0.30000000447034836        1.0000000000000000     
   1.0500000156462193       0.32500000484287739        1.0000000000000000     
   1.0500000156462193       0.35000000521540642        1.0000000000000000     
   1.0500000156462193       0.37500000558793545        1.0000000000000000     
   1.0500000156462193       0.40000000596046448        1.0000000000000000     
   1.0500000156462193       0.42500000633299351        1.0000000000000000     
   1.0500000156462193       0.45000000670552254        1.0000000000000000     
   1.0500000156462193       0.47500000707805157        1.0000000000000000     
   1.0500000156462193       0.50000000745058060        1.0000000000000000     
   1.0500000156462193       0.52500000782310963        1.0000000000000000     
   1.0500000156462193       0.55000000819563866        1.0000000000000000     
   1.0500000156462193       0.57500000856816769        1.0000000000000000     
   1.0500000156462193       0.60000000894069672        1.0000000000000000     
   1.0750000160187483       -7.5000001117587090E-002  -1.0000000000000000     
   1.0750000160187483       -5.0000000745058060E-002  -1.0000000000000000     
   1.0750000160187483       -2.5000000372529030E-002  -1.0000000000000000     
   1.0750000160187483        0.0000000000000000       -1.0000000000000000     
   1.0750000160187483        2.5000000372529030E-002  -1.0000000000000000     
   1.0750000160187483        5.0000000745058060E-002  -1.0000000000000000     
   1.0750000160187483        7.5000001117587090E-002  -1.0000000000000000     
   1.0750000160187483       0.10000000149011612       -1.0000000000000000     
   1.0750000160187483       0.12500000186264515       -1.0000000000000000     
   1.0750000160187483       0.15000000223517418       -1.0000000000000000     
   1.0750000160187483       0.17500000260770321       -1.0000000000000000     
   1.0750000160187483       0.20000000298023224       -1.0000000000000000     
   1.0750000160187483       0.22500000335276127       -1.0000000000000000     
   1.0750000160187483       0.25000000372529030       -1.0000000000000000     
   1.0750000160187483       0.27500000409781933       -1.0000000000000000     
   1.0750000160187483       0.30000000447034836       -1.0000000000000000     
   1.0750000160187483       0.32500000484287739       -1.0000000000000000     
   1.0750000160187483       0.35000000521540642       -1.0000000000000000     
   1.0750000160187483       0.37500000558793545       -1.0000000000000000     
   1.0750000160187483       0.40000000596046448       -1.0000000000000000     
   1.0750000160187483       0.42500000633299351       -1.0000000000000000     
   1.0750000160187483       0.45000000670552254       -1.0000000000000000     
   1.0750000160187483       0.47500000707805157       -1.0000000000000000     
   1.0750000160187483       0.50000000745058060       -1.0000000000000000     
   1.0750000160187483       0.52500000782310963       -1.0000000000000000     
   1.0750000160187483       0.55000000819563866       -1.0000000000000000     
   1.0750000160187483       0.57500000856816769        1.0000000000000000     
   1.0750000160187483       0.60000000894069672        1.0000000000000000     
   1.1000000163912773       -7.5000001117587090E-002  -1.0000000000000000     
   1.1000000163912773       -5.0000000745058060E-002  -1.0000000000000000     
   1.1000000163912773       -2.5000000372529030E-002  -1.0000000000000000     
   1.1000000163912773        0.0000000000000000       -1.0000000000000000     
   1.1000000163912773        2.5000000372529030E-002  -1.0000000000000000     
   1.1000000163912773        5.0000000745058060E-002  -1.0000000000000000     
   1.1000000163912773        7.5000001117587090E-002  -1.0000000000000000     
   1.1000000163912773       0.10000000149011612       -1.0000000000000000     
   1.1000000163912773       0.12500000186264515       -1.0000000000000000     
   1.1000000163912773       0.15000000223517418       -1.0000000000000000     
   1.1000000163912773       0.17500000260770321       -1.0000000000000000     
   1.1000000163912773       0.20000000298023224       -1.0000000000000000     
   1.1000000163912773       0.22500000335276127       -1.0000000000000000     
   1.1000000163912773       0.25000000372529030       -1.0000000000000000     
   1.1000000163912773       0.27500000409781933       -1.0000000000000000     
   1.1000000163912773       0.30000000447034836       -1.0000000000000000     
   1.1000000163912773       0.32500000484287739       -1.0000000000000000     
   1.1000000163912773       0.35000000521540642       -1.0000000000000000     
   1.1000000163912773       0.37500000558793545       -1.0000000000000000     
   1.1000000163912773       0.40000000596046448       -1.0000000000000000     
   1.1000000163912773       0.42500000633299351       -1.0000000000000000     
   1.1000000163912773       0.45000000670552254       -1.0000000000000000     
   1.1000000163912773       0.47500000707805157       -1.0000000000000000     
   1.1000000163912773       0.50000000745058060       -1.0000000000000000     
   1.1000000163912773       0.52500000782310963       -1.0000000000000000     
   1.1000000163912773       0.55000000819563866       -1.0000000000000000     
   1.1000000163912773       0.57500000856816769        1.0000000000000000     
   1.1000000163912773       0.60000000894069672        1.0000000000000000     
