-0.075 -0.075 -1         0.00000  0
-0.075 -0.050 -1         0.00000  0
-0.075 -0.025 -1         0.00000  0
-0.075  0.000 -1         0.00000  0
-0.075  0.025 -1         0.00000  0
-0.075  0.050 -1         0.00000  0
-0.075  0.075 -1         0.00000  0
-0.075  0.100 -1         0.00000  0
-0.075  0.125 -1         0.00000  0
-0.075  0.150 -1         0.00000  0
-0.075  0.175 -1         0.00000  0
-0.075  0.200 -1         0.00000  0
-0.075  0.225 -1         0.00000  0
-0.075  0.250 -1         0.00000  0
-0.075  0.275 -1         0.00000  0
-0.075  0.300 -1         0.00000  0
-0.075  0.325 -1         0.00000  0
-0.075  0.350 -1         0.00000  0
-0.075  0.375 -1         0.00000  0
-0.075  0.400 -1         0.00000  0
-0.075  0.425 -1         0.00000  0
-0.075  0.450 -1         0.00000  0
-0.075  0.475 -1         0.00000  0
-0.075  0.500 -1         0.00000  0
-0.075  0.525 -1         0.00000  0
-0.075  0.550 -1         0.00000  0
-0.075  0.575  1         0.00000  0
-0.075  0.600  1         0.00000  0
-0.050 -0.075 -1         0.00000  0
-0.050 -0.050 -1         0.00000  0
-0.050 -0.025 -1         0.00000  0
-0.050  0.000 -1         0.00000  0
-0.050  0.025 -1         0.00000  0
-0.050  0.050 -1         0.00000  0
-0.050  0.075 -1         0.00000  0
-0.050  0.100 -1         0.00000  0
-0.050  0.125 -1         0.00000  0
-0.050  0.150 -1         0.00000  0
-0.050  0.175 -1         0.00000  0
-0.050  0.200 -1         0.00000  0
-0.050  0.225 -1         0.00000  0
-0.050  0.250 -1         0.00000  0
-0.050  0.275 -1         0.00000  0
-0.050  0.300 -1         0.00000  0
-0.050  0.325 -1         0.00000  0
-0.050  0.350 -1         0.00000  0
-0.050  0.375 -1         0.00000  0
-0.050  0.400 -1         0.00000  0
-0.050  0.425 -1         0.00000  0
-0.050  0.450 -1         0.00000  0
-0.050  0.475 -1         0.00000  0
-0.050  0.500 -1         0.00000  0
-0.050  0.525 -1         0.00000  0
-0.050  0.550 -1         0.00000  0
-0.050  0.575  1         0.00000  0
-0.050  0.600  1         0.00000  0
-0.025 -0.075 -1         0.00000  0
-0.025 -0.050 -1         0.00000  0
-0.025 -0.025  1         0.00000  0
-0.025  0.000  1         0.00000  0
-0.025  0.025  1         0.00000  0
-0.025  0.050  1         0.00000  0
-0.025  0.075  1         0.00000  0
-0.025  0.100  1         0.00000  0
-0.025  0.125  1         0.00000  0
-0.025  0.150  1         0.00000  0
-0.025  0.175  1         0.00000  0
-0.025  0.200  1         0.00000  0
-0.025  0.225  1         0.00000  0
-0.025  0.250  1         0.00000  0
-0.025  0.275  1         0.00000  0
-0.025  0.300  1         0.00000  0
-0.025  0.325  1         0.00000  0
-0.025  0.350  1         0.00000  0
-0.025  0.375  1         0.00000  0
-0.025  0.400  1         0.00000  0
-0.025  0.425  1         0.00000  0
-0.025  0.450  1         0.00000  0
-0.025  0.475  1         0.00000  0
-0.025  0.500  1         0.00000  0
-0.025  0.525  1         0.00000  0
-0.025  0.550  1         0.00000  0
-0.025  0.575  1         0.00000  0
-0.025  0.600  1         0.00000  0
 0.000 -0.075 -1         0.00000  0
 0.000 -0.050 -1         0.00000  0
 0.000 -0.025  1         0.00000  0
 0.000  0.000  1         0.00000  0
 0.000  0.025  1         0.00000  0
 0.000  0.050  1         0.00000  0
 0.000  0.075  1         0.00000  0
 0.000  0.100  1         0.00000  0
 0.000  0.125  1         0.00000  0
 0.000  0.150  1         0.00000  0
 0.000  0.175  1         0.00000  0
 0.000  0.200  1         0.00000  0
 0.000  0.225  1         0.00000  0
 0.000  0.250  1         0.00000  0
 0.000  0.275  1         0.00000  0
 0.000  0.300  1         0.00000  0
 0.000  0.325  1         0.00000  0
 0.000  0.350  1         0.00000  0
 0.000  0.375  1         0.00000  0
 0.000  0.400  1         0.00000  0
 0.000  0.425  1         0.00000  0
 0.000  0.450  1         0.00000  0
 0.000  0.475  1         0.00000  0
 0.000  0.500  1         0.00000  0
 0.000  0.525  1         0.00000  0
 0.000  0.550  1         0.00000  0
 0.000  0.575  1         0.00000  0
 0.000  0.600  1         0.00000  0
 0.025 -0.075 -1         0.00000  0
 0.025 -0.050 -1         0.00000  0
 0.025 -0.025  1         0.00000  0
 0.025  0.000  1         0.00000  0
 0.125  0.101  0         0.00000  0
 0.054  0.811  0         0.00000  0
47.442 ******  0         0.00000  0
 1.530  2.868  0         0.00000  0
 0.059  0.013  0         0.00000  0
 0.398  2.312  0         0.00000  0
-0.256 -1.003  0         0.00000  0
 0.450  0.670  0         0.00000  0
-4.244  0.744  0         0.00000  0
 6.745 ******  0         0.00000  0
-2.144 ******  0         0.00000  0
-3.685 -1.246  0         0.00000  0
 0.032  0.112  0         0.00000  0
 4.538  1.642  0         0.00000  0
 0.088  0.244  0         0.00000  0
 0.077  0.105  0         0.00000  0
 0.271  0.157  0         0.00000  0
****** ******  0         0.00000  0
 6.620 -2.751  0         0.00000  0
-2.550  4.005  0         0.00000  0
 0.050 -0.075 -1         0.00000  0
 0.050 -0.050 -1         0.00000  0
 0.050 -0.025  1         0.00000  0
 0.050  0.000  1      1733.58817  0
75.972 28.957  0         0.00000  0
 0.323  0.808  0         0.00000  0
 5.607 -1.130  0         0.00000  0
-2.943 -6.125  0         0.00000  0
 0.023 -1.137  0         0.00000  0
 0.234  0.604  0         0.00000  0
-1.155  2.093  0         0.00000  0
 5.709  8.757  0         0.00000  0
 0.444  0.024  0         0.00000  0
 0.224  0.135  0         0.00000  0
 0.227  0.553  0         0.00000  0
 7.472  4.407  0         0.00000  0
 0.061  0.155  0         0.00000  0
 0.800  0.518  0         0.00000  0
 0.041  0.162  0         0.00000  0
-7.714 20.132  0         0.00000  0
 0.022  0.637  0         0.00000  0
 0.172  0.558  0         0.00000  0
 0.244  0.316  0         0.00000  0
 0.175  0.469  0         0.00000  0
 0.075 -0.075 -1         0.00000  0
 0.075 -0.050 -1         0.00000  0
 0.075 -0.025  1         0.00000  0
 0.075  0.000  1         0.00000  0
 0.672 -0.473  0         0.00000  0
****** ******  0         0.00000  0
-0.811 -1.477  0         0.00000  0
 0.845  0.611  0         0.00000  0
-0.054  1.648  0         0.00000  0
 0.481  0.053  0         0.00000  0
 4.991 18.594  0         0.00000  0
-6.042 30.267  0         0.00000  0
 0.279  0.257  0         0.00000  0
 0.340  0.458  0         0.00000  0
 0.462  0.057  0         0.00000  0
 0.392  0.260  0         0.00000  0
 0.490  0.017  0         0.00000  0
-1.153  1.579  0         0.00000  0
 1.139 -0.288  0         0.00000  0
 0.185  0.842  0         0.00000  0
 2.004 11.105  0         0.00000  0
****** ******  0         0.00000  0
 0.678  0.209  0   3005860.75449  0
****** 78.164  0         0.00000  0
 0.100 -0.075 -1         0.00000  0
 0.100 -0.050 -1         0.00000  0
 0.100 -0.025  1         0.00000  0
 0.100  0.000  1         0.00000  0
 0.829  0.063  0         0.00000  0
 0.746  0.258  0         0.00000  0
 4.945  1.274  0         0.00000  0
 0.735  0.283  0         0.00000  0
 0.616  0.148  0         0.00000  0
 4.939  3.289  0         0.00000  0
 0.659  1.705  0         0.00000  0
 0.836  0.230  0     20386.53287  1
-1.473  3.098  0         0.00000  0
-6.522 -3.919  0         0.00000  0
 0.802  0.310  0         0.00000  0
 1.398  0.448  0         0.00000  0
-2.455 -1.497  0         0.00000  0
-1.527  1.016  0         0.00000  0
 0.729  0.199  0         0.00000  0
****** ******  0         0.00000  0
-8.521 ******  0         0.00000  0
-5.691 -9.645  0         0.00000  0
 3.575 ******  0         0.00000  0
22.448  3.028  0         0.00000  0
 0.125 -0.075 -1         0.00000  0
 0.125 -0.050 -1         0.00000  0
 0.125 -0.025  1         0.00000  0
 0.125  0.000  1         0.00000  0
 0.760  0.154  0         0.00000  0
 0.852  0.229  0         0.00000  0
-2.548  9.820  0         0.00000  0
 0.885  0.140  0         0.00000  0
 4.162 13.780  0         0.00000  0
 0.883  0.053  0         0.00000  0
 4.601 -9.874  0         0.00000  0
 0.832  0.028  0         0.00000  0
 0.951  0.340  0         0.00000  0
 0.899  0.109  0         0.00000  0
 0.891  0.080  0         0.00000  0
 0.829 -0.229  0         0.00000  0
****** 32.582  0         0.00000  0
 0.990  0.161  0         0.00000  0
 0.427  0.321  0         0.00000  0
-1.099  2.477  0         0.00000  0
 2.876  3.823  0         0.00000  0
 0.895 -1.611  0         0.00000  0
 0.871  0.018  0         0.00000  0
******  5.811  0         0.00000  0
 0.150 -0.075 -1         0.00000  0
 0.150 -0.050 -1         0.00000  0
 0.150 -0.025  1         0.00000  0
 0.150  0.000  1         0.00000  0
 0.922  0.379  0         0.00000  0
 0.702  0.077  0         0.00000  0
-0.744 ******  0         0.00000  0
 0.503  0.554  0         0.00000  0
-0.203  1.507  0         0.00000  0
12.372 ******  0         0.00000  0
 1.009  0.121  0         0.00000  0
 1.137 -0.616  0         0.00000  0
-7.057  6.909  0         0.00000  0
 0.832  0.244  0     17057.91975  1
 0.882  0.262  0         0.00000  0
****** ******  0         0.00000  0
 0.761  0.186  0         0.00000  0
****** ******  0         0.00000  0
 1.054  2.256  0         0.00000  0
-1.132  1.565  0         0.00000  0
****** ******  0         0.00000  0
 7.306 -6.743  0         0.00000  0
 0.735  0.155  0         0.00000  0
 0.936  0.188  0         0.00000  0
 0.175 -0.075 -1         0.00000  0
 0.175 -0.050 -1         0.00000  0
 0.175 -0.025  1         0.00000  0
 0.175  0.000  1         0.00000  0
****** 43.978  0         0.00000  0
20.884 -6.849  0         0.00000  0
 3.470  3.166  0         0.00000  0
****** 36.349  0         0.00000  0
 0.723  0.120  0         0.00000  0
 0.967  0.370  0         0.00000  0
 0.479  0.590  0         0.00000  0
 0.978  0.231  0         0.00000  0
-1.342 -1.121  0         0.00000  0
****** -8.021  0         0.00000  0
-6.263  2.231  0         0.00000  0
 0.986  0.189  0         0.00000  0
 0.663  0.372  0         0.00000  0
****** ******  0         0.00000  0
58.546 23.487  0         0.00000  0
17.759 76.391  0         0.00000  0
 0.944  0.207  0         0.00000  0
 0.672  0.619  0         0.00000  0
 0.789  0.021  0         0.00000  0
 0.922  0.190  0         0.00000  0
 0.200 -0.075 -1         0.00000  0
 0.200 -0.050 -1         0.00000  0
 0.200 -0.025  1         0.00000  0
 0.200  0.000  1         0.00000  0
-0.270  0.250  0         0.00000  0
 0.974  0.322  0         0.00000  0
 0.980  0.590  0         0.00000  0
 0.816  0.544  0         0.00000  0
 0.583  3.264  0         0.00000  0
 0.858  0.179  0         0.00000  0
 0.240  0.057  0         0.00000  0
 2.601 15.622  0         0.00000  0
36.180 25.313  0         0.00000  0
 1.407  4.849  0         0.00000  0
 0.923  0.405  0         0.00000  0
 0.823  0.180  0         0.00000  0
 0.850  0.325  0         0.00000  0
 0.872  0.210  0         0.00000  0
-2.551  1.224  0         0.00000  0
 0.821  0.304  0         0.00000  0
 0.869  0.304  0         0.00000  0
-0.215  2.805  0         0.00000  0
52.528  9.031  0         0.00000  0
****** ******  0         0.00000  0
 0.225 -0.075 -1         0.00000  0
 0.225 -0.050 -1         0.00000  0
 0.225 -0.025  1         0.00000  0
 0.225  0.000  1         0.00000  0
 0.939  0.277  0         0.00000  0
 0.557  0.066  0         0.00000  0
 0.474  0.252  0         0.00000  0
 0.299  0.342  0         0.00000  0
 8.674 -1.372  0         0.00000  0
 0.588  0.989  0         0.00000  0
 1.812  5.719  0         0.00000  0
 0.931  0.353  0         0.00000  0
 4.356  4.824  0         0.00000  0
 0.792  0.252  0         0.00000  0
 0.408  0.095  0         0.00000  0
 0.060  0.241  0         0.00000  0
 0.092 -4.935  0         0.00000  0
 0.668  0.211  0   3015060.76368  0
 0.084  0.302  0         0.00000  0
 0.572  1.232  0         0.00000  0
 0.993  0.213  0         0.00000  0
-7.311  0.122  0         0.00000  0
 0.348  0.150  0         0.00000  0
 2.760 -4.872  0         0.00000  0
 0.250 -0.075 -1         0.00000  0
 0.250 -0.050 -1         0.00000  0
 0.250 -0.025  1         0.00000  0
 0.250  0.000  1         0.00000  0
 0.882  0.890  0         0.00000  0
 0.870  0.676  0         0.00000  0
 0.815  0.243  0         0.00000  0
 0.863  0.399  0         0.00000  0
 0.990  0.248  0         0.00000  0
 0.518  0.231  0         0.00000  0
 0.594  0.160  0         0.00000  0
 0.796  0.657  0         0.00000  0
 0.391  0.946  0         0.00000  0
 2.916 -6.118  0         0.00000  0
****** ******  0         0.00000  0
-7.510 -4.767  0         0.00000  0
 1.235  0.537  0         0.00000  0
 0.954  0.267  0         0.00000  0
11.067  5.438  0         0.00000  0
 0.858  0.085  0         0.00000  0
 0.796  0.630  0         0.00000  0
 0.892  0.236  0         0.00000  0
 0.798  0.613  0         0.00000  0
****** ******  0         0.00000  0
 0.275 -0.075 -1         0.00000  0
 0.275 -0.050 -1         0.00000  0
 0.275 -0.025  1         0.00000  0
 0.275  0.000  1         0.00000  0
 0.300 -0.075 -1         0.00000  0
 0.300 -0.050 -1         0.00000  0
 0.300 -0.025  1         0.00000  0
 0.300  0.000  1         0.00000  0
 0.325 -0.075 -1         0.00000  0
 0.325 -0.050 -1         0.00000  0
 0.325 -0.025  1         0.00000  0
 0.325  0.000  1         0.00000  0
 0.350 -0.075 -1         0.00000  0
 0.350 -0.050 -1         0.00000  0
 0.350 -0.025  1         0.00000  0
 0.350  0.000  1         0.00000  0
 0.375 -0.075 -1         0.00000  0
 0.375 -0.050 -1         0.00000  0
 0.375 -0.025  1         0.00000  0
 0.375  0.000  1         0.00000  0
 0.400 -0.075 -1         0.00000  0
 0.400 -0.050 -1         0.00000  0
 0.400 -0.025  1         0.00000  0
 0.400  0.000  1         0.00000  0
 0.425 -0.075 -1         0.00000  0
 0.425 -0.050 -1         0.00000  0
 0.425 -0.025  1         0.00000  0
 0.425  0.000  1         0.00000  0
 0.450 -0.075 -1         0.00000  0
 0.450 -0.050 -1         0.00000  0
 0.450 -0.025  1         0.00000  0
 0.450  0.000  1         0.00000  0
 0.475 -0.075 -1         0.00000  0
 0.475 -0.050 -1         0.00000  0
 0.475 -0.025  1         0.00000  0
 0.475  0.000  1         0.00000  0
 0.500 -0.075 -1         0.00000  0
 0.500 -0.050 -1         0.00000  0
 0.500 -0.025  1         0.00000  0
 0.500  0.000  1         0.00000  0
 0.525 -0.075 -1         0.00000  0
 0.525 -0.050 -1         0.00000  0
 0.525 -0.025  1         0.00000  0
 0.525  0.000  1         0.00000  0
 0.550 -0.075 -1         0.00000  0
 0.550 -0.050 -1         0.00000  0
 0.550 -0.025  1         0.00000  0
 0.550  0.000  1         0.00000  0
 0.575 -0.075 -1         0.00000  0
 0.575 -0.050 -1         0.00000  0
 0.575 -0.025  1         0.00000  0
 0.575  0.000  1         0.00000  0
 0.600 -0.075 -1         0.00000  0
 0.600 -0.050 -1         0.00000  0
 0.600 -0.025  1         0.00000  0
 0.600  0.000  1         0.00000  0
 0.625 -0.075 -1         0.00000  0
 0.625 -0.050 -1         0.00000  0
 0.625 -0.025  1         0.00000  0
 0.625  0.000  1         0.00000  0
 0.650 -0.075 -1         0.00000  0
 0.650 -0.050 -1         0.00000  0
 0.650 -0.025  1         0.00000  0
 0.650  0.000  1         0.00000  0
 0.675 -0.075 -1         0.00000  0
 0.675 -0.050 -1         0.00000  0
 0.675 -0.025  1         0.00000  0
 0.675  0.000  1         0.00000  0
 0.700 -0.075 -1         0.00000  0
 0.700 -0.050 -1         0.00000  0
 0.700 -0.025  1         0.00000  0
 0.700  0.000  1         0.00000  0
 0.725 -0.075 -1         0.00000  0
 0.725 -0.050 -1         0.00000  0
 0.725 -0.025  1         0.00000  0
 0.725  0.000  1         0.00000  0
 0.750 -0.075 -1         0.00000  0
 0.750 -0.050 -1         0.00000  0
 0.750 -0.025  1         0.00000  0
 0.750  0.000  1         0.00000  0
 0.775 -0.075 -1         0.00000  0
 0.775 -0.050 -1         0.00000  0
 0.775 -0.025  1         0.00000  0
 0.775  0.000  1         0.00000  0
 0.800 -0.075 -1         0.00000  0
 0.800 -0.050 -1         0.00000  0
 0.800 -0.025  1         0.00000  0
 0.800  0.000  1         0.00000  0
 0.825 -0.075 -1         0.00000  0
 0.825 -0.050 -1         0.00000  0
 0.825 -0.025  1         0.00000  0
 0.825  0.000  1         0.00000  0
 0.850 -0.075 -1         0.00000  0
 0.850 -0.050 -1         0.00000  0
 0.850 -0.025  1         0.00000  0
 0.850  0.000  1         0.00000  0
 0.875 -0.075 -1         0.00000  0
 0.875 -0.050 -1         0.00000  0
 0.875 -0.025  1         0.00000  0
 0.875  0.000  1         0.00000  0
 0.900 -0.075 -1         0.00000  0
 0.900 -0.050 -1         0.00000  0
 0.900 -0.025  1         0.00000  0
 0.900  0.000  1         0.00000  0
 0.925 -0.075 -1         0.00000  0
 0.925 -0.050 -1         0.00000  0
 0.925 -0.025  1         0.00000  0
 0.925  0.000  1         0.00000  0
 0.950 -0.075 -1         0.00000  0
 0.950 -0.050 -1         0.00000  0
 0.950 -0.025  1         0.00000  0
 0.950  0.000  1         0.00000  0
 0.975 -0.075 -1         0.00000  0
 0.975 -0.050 -1         0.00000  0
 0.975 -0.025  1         0.00000  0
 0.975  0.000  1         0.00000  0
 1.000 -0.075 -1         0.00000  0
 1.000 -0.050 -1         0.00000  0
 1.000 -0.025  1         0.00000  0
 1.000  0.000  1         0.00000  0
 1.025 -0.075 -1         0.00000  0
 1.025 -0.050 -1         0.00000  0
 1.025 -0.025  1         0.00000  0
 1.025  0.000  1         0.00000  0
 1.025  0.025  1         0.00000  0
 1.025  0.050  1         0.00000  0
 1.025  0.075  1         0.00000  0
 1.025  0.100  1         0.00000  0
 1.025  0.125  1       684.23239  0
 1.025  0.150  1         0.00000  0
 1.025  0.175  1         0.00000  0
 1.025  0.200  1         0.00000  0
 1.025  0.225  1         0.00000  0
 1.025  0.250  1         0.00000  0
 1.025  0.275  1         0.00000  0
 1.025  0.300  1         0.00000  0
 1.025  0.325  1         0.00000  0
 1.025  0.350  1         0.00000  0
 1.025  0.375  1         0.00000  0
 1.025  0.400  1         0.00000  0
 1.025  0.425  1         0.00000  0
 1.025  0.450  1         0.00000  0
 1.025  0.475  1         0.00000  0
 1.025  0.500  1         0.00000  0
 1.025  0.525  1         0.00000  0
 1.025  0.550  1         0.00000  0
 1.025  0.575  1         0.00000  0
 1.025  0.600  1         0.00000  0
 1.050 -0.075 -1         0.00000  0
 1.050 -0.050 -1         0.00000  0
 1.050 -0.025  1         0.00000  0
 1.050  0.000  1         0.00000  0
 1.050  0.025  1         0.00000  0
 1.050  0.050  1         0.00000  0
 1.050  0.075  1         0.00000  0
 1.050  0.100  1         0.00000  0
 1.050  0.125  1         0.00000  0
 1.050  0.150  1         0.00000  0
 1.050  0.175  1         0.00000  0
 1.050  0.200  1         0.00000  0
 1.050  0.225  1         0.00000  0
 1.050  0.250  1         0.00000  0
 1.050  0.275  1         0.00000  0
 1.050  0.300  1         0.00000  0
 1.050  0.325  1         0.00000  0
 1.050  0.350  1         0.00000  0
 1.050  0.375  1         0.00000  0
 1.050  0.400  1         0.00000  0
 1.050  0.425  1         0.00000  0
 1.050  0.450  1         0.00000  0
 1.050  0.475  1         0.00000  0
 1.050  0.500  1         0.00000  0
 1.050  0.525  1         0.00000  0
 1.050  0.550  1         0.00000  0
 1.050  0.575  1         0.00000  0
 1.050  0.600  1         0.00000  0
 1.075 -0.075 -1         0.00000  0
 1.075 -0.050 -1         0.00000  0
 1.075 -0.025 -1         0.00000  0
 1.075  0.000 -1         0.00000  0
 1.075  0.025 -1         0.00000  0
 1.075  0.050 -1         0.00000  0
 1.075  0.075 -1         0.00000  0
 1.075  0.100 -1         0.00000  0
 1.075  0.125 -1         0.00000  0
 1.075  0.150 -1         0.00000  0
 1.075  0.175 -1         0.00000  0
 1.075  0.200 -1         0.00000  0
 1.075  0.225 -1         0.00000  0
 1.075  0.250 -1         0.00000  0
 1.075  0.275 -1         0.00000  0
 1.075  0.300 -1         0.00000  0
 1.075  0.325 -1         0.00000  0
 1.075  0.350 -1         0.00000  0
 1.075  0.375 -1         0.00000  0
 1.075  0.400 -1         0.00000  0
 1.075  0.425 -1         0.00000  0
 1.075  0.450 -1         0.00000  0
 1.075  0.475 -1         0.00000  0
 1.075  0.500 -1         0.00000  0
 1.075  0.525 -1         0.00000  0
 1.075  0.550 -1         0.00000  0
 1.075  0.575  1         0.00000  0
 1.075  0.600  1         0.00000  0
 1.100 -0.075 -1         0.00000  0
 1.100 -0.050 -1         0.00000  0
 1.100 -0.025 -1         0.00000  0
 1.100  0.000 -1         0.00000  0
 1.100  0.025 -1         0.00000  0
 1.100  0.050 -1         0.00000  0
 1.100  0.075 -1         0.00000  0
 1.100  0.100 -1         0.00000  0
 1.100  0.125 -1         0.00000  0
 1.100  0.150 -1         0.00000  0
 1.100  0.175 -1         0.00000  0
 1.100  0.200 -1         0.00000  0
 1.100  0.225 -1         0.00000  0
 1.100  0.250 -1         0.00000  0
 1.100  0.275 -1         0.00000  0
 1.100  0.300 -1         0.00000  0
 1.100  0.325 -1         0.00000  0
 1.100  0.350 -1         0.00000  0
 1.100  0.375 -1         0.00000  0
 1.100  0.400 -1         0.00000  0
 1.100  0.425 -1         0.00000  0
 1.100  0.450 -1         0.00000  0
 1.100  0.475 -1         0.00000  0
 1.100  0.500 -1         0.00000  0
 1.100  0.525 -1         0.00000  0
 1.100  0.550 -1         0.00000  0
 1.100  0.575  1         0.00000  0
 1.100  0.600  1         0.00000  0
