-0.075 -0.075 -1         0.00000  0
-0.075 -0.050 -1         0.00000  0
-0.075 -0.025 -1         0.00000  0
-0.075  0.000 -1         0.00000  0
-0.075  0.025 -1         0.00000  0
-0.075  0.050 -1         0.00000  0
-0.075  0.075 -1         0.00000  0
-0.075  0.100 -1         0.00000  0
-0.075  0.125 -1         0.00000  0
-0.075  0.150 -1         0.00000  0
-0.075  0.175 -1         0.00000  0
-0.075  0.200 -1         0.00000  0
-0.075  0.225 -1         0.00000  0
-0.075  0.250 -1         0.00000  0
-0.075  0.275 -1         0.00000  0
-0.075  0.300 -1         0.00000  0
-0.075  0.325 -1         0.00000  0
-0.075  0.350 -1         0.00000  0
-0.075  0.375 -1         0.00000  0
-0.075  0.400 -1         0.00000  0
-0.075  0.425 -1         0.00000  0
-0.075  0.450 -1         0.00000  0
-0.075  0.475 -1         0.00000  0
-0.075  0.500 -1         0.00000  0
-0.075  0.525 -1         0.00000  0
-0.075  0.550 -1         0.00000  0
-0.075  0.575  1         0.00000  0
-0.075  0.600  1         0.00000  0
-0.050 -0.075 -1         0.00000  0
-0.050 -0.050 -1         0.00000  0
-0.050 -0.025 -1         0.00000  0
-0.050  0.000 -1         0.00000  0
-0.050  0.025 -1         0.00000  0
-0.050  0.050 -1         0.00000  0
-0.050  0.075 -1         0.00000  0
-0.050  0.100 -1         0.00000  0
-0.050  0.125 -1         0.00000  0
-0.050  0.150 -1         0.00000  0
-0.050  0.175 -1         0.00000  0
-0.050  0.200 -1         0.00000  0
-0.050  0.225 -1         0.00000  0
-0.050  0.250 -1         0.00000  0
-0.050  0.275 -1         0.00000  0
-0.050  0.300 -1         0.00000  0
-0.050  0.325 -1         0.00000  0
-0.050  0.350 -1         0.00000  0
-0.050  0.375 -1         0.00000  0
-0.050  0.400 -1         0.00000  0
-0.050  0.425 -1         0.00000  0
-0.050  0.450 -1         0.00000  0
-0.050  0.475 -1         0.00000  0
-0.050  0.500 -1         0.00000  0
-0.050  0.525 -1         0.00000  0
-0.050  0.550 -1         0.00000  0
-0.050  0.575  1         0.00000  0
-0.050  0.600  1         0.00000  0
-0.025 -0.075 -1         0.00000  0
-0.025 -0.050 -1         0.00000  0
-0.025 -0.025  1         0.00000  0
-0.025  0.000  1         0.00000  0
-0.025  0.025  1         0.00000  0
-0.025  0.050  1         0.00000  0
-0.025  0.075  1         0.00000  0
-0.025  0.100  1         0.00000  0
-0.025  0.125  1         0.00000  0
-0.025  0.150  1         0.00000  0
-0.025  0.175  1         0.00000  0
-0.025  0.200  1         0.00000  0
-0.025  0.225  1         0.00000  0
-0.025  0.250  1         0.00000  0
-0.025  0.275  1         0.00000  0
-0.025  0.300  1         0.00000  0
-0.025  0.325  1         0.00000  0
-0.025  0.350  1         0.00000  0
-0.025  0.375  1         0.00000  0
-0.025  0.400  1         0.00000  0
-0.025  0.425  1         0.00000  0
-0.025  0.450  1         0.00000  0
-0.025  0.475  1         0.00000  0
-0.025  0.500  1         0.00000  0
-0.025  0.525  1         0.00000  0
-0.025  0.550  1         0.00000  0
-0.025  0.575  1         0.00000  0
-0.025  0.600  1         0.00000  0
 0.000 -0.075 -1         0.00000  0
 0.000 -0.050 -1         0.00000  0
 0.000 -0.025  1         0.00000  0
 0.000  0.000  1         0.00000  0
 0.000  0.025  1         0.00000  0
 0.000  0.050  1       201.53317  0
 0.000  0.075  1         0.00000  0
 0.000  0.100  1         0.00000  0
 0.000  0.125  1         0.00000  0
 0.000  0.150  1         0.00000  0
 0.000  0.175  1         0.00000  0
 0.000  0.200  1         0.00000  0
 0.000  0.225  1         0.00000  0
 0.000  0.250  1         0.00000  0
 0.000  0.275  1         0.00000  0
 0.000  0.300  1         0.00000  0
 0.000  0.325  1         0.00000  0
 0.000  0.350  1         0.00000  0
 0.000  0.375  1         0.00000  0
 0.000  0.400  1         0.00000  0
 0.000  0.425  1         0.00000  0
 0.000  0.450  1         0.00000  0
 0.000  0.475  1         0.00000  0
 0.000  0.500  1         0.00000  0
 0.000  0.525  1         0.00000  0
 0.000  0.550  1         0.00000  0
 0.000  0.575  1         0.00000  0
 0.000  0.600  1         0.00000  0
 0.025 -0.075 -1         0.00000  0
 0.025 -0.050 -1         0.00000  0
 0.025 -0.025  1         0.00000  0
 0.025  0.000  1      1004.67335  0
 0.086  0.018  0      1129.98075  0
 0.345  0.033  0       630.65587  0
 0.141  0.021  0       435.76104  0
 0.408  0.083  0         0.00000  0
 0.024  0.044  0      1445.82130  0
 0.118  0.028  0         0.00000  0
 0.033  0.021  0       922.70990  0
 0.321  0.021  0         0.00000  0
 0.174  0.023  0       673.24187  0
 0.142  0.049  0       473.64855  0
 0.167  0.071  0         0.00000  0
 0.053  0.058  0         0.00000  0
 0.052  0.034  0        74.22410  0
 0.046  0.074  0         0.00000  0
 0.088  0.068  0         0.00000  0
 0.103  0.081  0         0.00000  0
 0.151  0.066  0         0.00000  0
 0.195  0.061  0         0.00000  0
 0.201  0.042  0       181.74420  0
 0.023  0.068  0         0.00000  0
 0.050 -0.075 -1         0.00000  0
 0.050 -0.050 -1         0.00000  0
 0.050 -0.025  1         0.00000  0
 0.050  0.000  1         0.00000  0
 0.209  0.022  0         0.00000  0
 0.379  0.056  0         0.00000  0
 0.438  0.054  0         0.00000  0
 0.411  0.042  0       817.51559  0
 0.368  0.022  0         0.00000  0
 0.303  0.047  0         0.00000  0
 0.365  0.072  0         0.00000  0
 0.422  0.063  0       265.66840  0
 0.171  0.042  0       948.96949  0
 0.241  0.020  0         0.00000  0
 0.235  0.044  0       556.09459  0
 0.483  0.040  0       535.19414  0
 0.074  0.040  0        22.21050  0
 0.352  0.060  0       214.52793  0
 0.098  0.046  0       640.37885  0
 0.078  0.085  0         0.00000  0
 0.327  0.044  0         0.00000  0
 0.120  0.052  0         0.00000  0
 0.206  0.073  0         0.00000  0
 0.238  0.068  0         0.00000  0
 0.075 -0.075 -1         0.00000  0
 0.075 -0.050 -1         0.00000  0
 0.075 -0.025  1         0.00000  0
 0.075  0.000  1       911.62350  0
 0.387  0.030  0         0.00000  0
 0.288  0.023  0       258.96963  0
 0.688  0.021  0       979.75471  0
 0.417  0.021  0      1334.07711  0
 0.554  0.020  0      2690.69991  0
 0.464  0.033  0       699.69497  0
 0.508  0.063  0         0.00000  0
 0.397  0.070  0         0.00000  0
 0.446  0.022  0       904.51490  0
 0.482  0.092  0         0.00000  0
 0.496  0.020  0         0.00000  0
 0.268  0.033  0      1238.59267  0
 0.578  0.033  0         0.00000  0
 0.450  0.088  0         0.00000  0
 0.292  0.066  0         0.00000  0
 0.333  0.070  0         0.00000  0
 0.584  0.062  0         0.00000  0
 0.249  0.056  0         0.00000  0
 0.545  0.065  0         0.00000  0
 0.277  0.053  0         0.00000  0
 0.100 -0.075 -1         0.00000  0
 0.100 -0.050 -1         0.00000  0
 0.100 -0.025  1         0.00000  0
 0.100  0.000  1       899.30426  0
 0.832  0.030  0       955.26305  0
 0.822  0.052  0         0.00000  0
 0.785  0.029  0         0.00000  0
 0.639  0.024  0       571.23121  0
 0.728  0.026  0         0.00000  0
 0.662  0.024  0         0.00000  0
 0.798  0.080  0       280.45993  0
 0.833  0.099  0         0.00000  0
 0.779  0.062  0      1520.46282  0
 0.696  0.085  0         0.00000  0
 0.898  0.090  0       902.13154  0
 0.602  0.022  0       732.61821  0
 0.751  0.022  0      1993.58363  0
 0.730  0.074  0         0.00000  0
 0.683  0.043  0       498.25241  0
 0.522  0.032  0         0.00000  0
 0.621  0.061  0         0.00000  0
 0.466  0.059  0         0.00000  0
 0.611  0.039  0         0.00000  0
 0.489  0.066  0         0.00000  0
 0.125 -0.075 -1         0.00000  0
 0.125 -0.050 -1         0.00000  0
 0.125 -0.025  1         0.00000  0
 0.125  0.000  1         0.00000  0
 0.892  0.041  0      2743.38281  0
 0.913  0.107  0      1749.45034  0
 0.909  0.026  0      1498.84199  0
 0.811  0.021  0      1691.92810  0
 0.934  0.189  0         0.00000  0
 0.963  0.107  0      1807.17437  0
 0.966  0.020  0      2240.50606  0
 0.946  0.040  0       505.61905  0
 0.866  0.187  0         0.00000  0
 0.854  0.024  0       974.32863  0
 0.875  0.025  0       708.03440  0
 0.896  0.136  0         0.00000  0
 0.766  0.039  0         0.00000  0
 0.859  0.082  0         0.00000  0
 0.745  0.069  0         0.00000  0
 0.531  0.045  0         0.00000  0
 0.690  0.058  0         0.00000  0
 0.562  0.041  0         0.00000  0
 0.708  0.052  0       717.81328  0
 0.638  0.072  0         0.00000  0
 0.150 -0.075 -1         0.00000  0
 0.150 -0.050 -1         0.00000  0
 0.150 -0.025  1         0.00000  0
 0.150  0.000  1      1127.95152  0
 1.002  0.164  0         0.00000  0
 0.926  0.070  0      2711.50445  0
 0.968  0.064  0      1378.72745  0
 0.969  0.216  0      1476.69669  0
 0.884  0.297  0         0.00000  0
 0.932  0.163  0         0.00000  0
 0.982  0.039  0      2540.84123  0
 0.932  0.025  0      2374.50722  0
 0.957  0.203  0       617.92752  0
 0.930  0.095  0      1703.75861  0
 0.912  0.055  0      1713.50414  0
 0.889  0.186  0         0.00000  0
 0.879  0.083  0      1887.33814  0
 0.801  0.051  0       835.23535  0
 0.817  0.087  0       227.66832  0
 0.771  0.098  0         0.00000  0
 0.796  0.110  0         0.00000  0
 0.768  0.080  0         0.00000  0
 0.643  0.046  0         0.00000  0
 0.731  0.046  0         0.00000  0
 0.175 -0.075 -1         0.00000  0
 0.175 -0.050 -1         0.00000  0
 0.175 -0.025  1         0.00000  0
 0.175  0.000  1      1307.82593  0
 0.993  0.211  0         0.00000  0
 1.004  0.119  0       729.56139  0
 0.879  0.268  0         0.00000  0
 0.899  0.276  0         0.00000  0
 0.864  0.240  0         0.00000  0
 1.002  0.321  0         0.00000  0
 0.911  0.308  0         0.00000  0
 0.970  0.159  0       410.31349  0
 0.970  0.087  0      2790.03184  0
 0.923  0.243  0         0.00000  0
 0.974  0.264  0         0.00000  0
 1.000  0.231  0         0.00000  0
 0.983  0.146  0       948.23987  0
 0.949  0.164  0      1831.97169  0
 0.890  0.217  0         0.00000  0
 0.918  0.136  0       900.89646  0
 0.942  0.134  0         0.00000  0
 0.840  0.075  0      2494.91783  0
 0.853  0.056  0         0.00000  0
 0.884  0.116  0         0.00000  0
 0.200 -0.075 -1         0.00000  0
 0.200 -0.050 -1         0.00000  0
 0.200 -0.025  1         0.00000  0
 0.200  0.000  1      1166.06630  0
 0.923  0.286  0         0.00000  0
 0.996  0.053  0      2081.60073  0
 0.973  0.321  0         0.00000  0
 0.941  0.393  0         0.00000  0
 0.941  0.289  0         0.00000  0
 1.002  0.024  0      1625.39563  0
 0.807  0.247  0         0.00000  0
 0.965  0.450  0         0.00000  0
 0.859  0.347  0         0.00000  0
 0.783  0.184  0         0.00000  0
 0.996  0.252  0      2451.78069  0
 0.947  0.065  0      1652.37677  0
 0.992  0.096  0      1582.03885  0
 0.983  0.125  0         0.00000  0
 0.881  0.241  0         0.00000  0
 0.973  0.187  0         0.00000  0
 1.003  0.188  0       407.13069  0
 0.953  0.240  0         0.00000  0
 0.932  0.222  0         0.00000  0
 0.898  0.152  0         0.00000  0
 0.225 -0.075 -1         0.00000  0
 0.225 -0.050 -1         0.00000  0
 0.225 -0.025  1         0.00000  0
 0.225  0.000  1      1356.85948  0
 1.000  0.421  0         0.00000  0
 0.784  0.612  0         0.00000  0
 0.730  0.967  0         0.00000  0
 0.789  0.814  0         0.00000  0
 0.954  0.419  0         0.00000  0
 0.953  0.346  0         0.00000  0
 0.968  0.876  0         0.00000  0
 0.996  0.294  0         0.00000  0
 0.888  0.322  0         0.00000  0
 0.991  0.272  0         0.00000  0
 0.754  0.208  0         0.00000  0
 0.860  0.282  0         0.00000  0
 1.001  0.408  0         0.00000  0
 0.952  0.307  0         0.00000  0
 0.760  0.270  0         0.00000  0
 0.903  0.251  0         0.00000  0
 0.944  0.114  0      1667.29018  0
 0.795  0.249  0         0.00000  0
 0.904  0.188  0         0.00000  0
 0.884  0.061  0       535.46616  0
 0.250 -0.075 -1         0.00000  0
 0.250 -0.050 -1         0.00000  0
 0.250 -0.025  1         0.00000  0
 0.250  0.000  1      1382.87822  0
 0.888  1.101  0         0.00000  0
 0.915  1.127  0         0.00000  0
 0.837  0.870  0         0.00000  0
 0.812  0.310  0         0.00000  0
 1.003  0.075  0      2166.66950  0
 0.798  0.978  0         0.00000  0
 0.779  0.297  0         0.00000  0
 0.912  1.108  0         0.00000  0
 0.873  0.527  0         0.00000  0
 0.851  0.369  0         0.00000  0
 0.832  0.434  0         0.00000  0
 0.991  0.333  0         0.00000  0
 1.032  0.760  0         0.00000  0
 0.965  0.683  0         0.00000  0
 0.921  0.532  0         0.00000  0
 0.736  0.225  0         0.00000  0
 0.940  0.318  0         0.00000  0
 0.832  0.265  0         0.00000  0
 0.957  0.255  0         0.00000  0
 0.910  0.221  0       183.98739  0
 0.275 -0.075 -1         0.00000  0
 0.275 -0.050 -1         0.00000  0
 0.275 -0.025  1         0.00000  0
 0.275  0.000  1         0.00000  0
 0.300 -0.075 -1         0.00000  0
 0.300 -0.050 -1         0.00000  0
 0.300 -0.025  1         0.00000  0
 0.300  0.000  1         0.00000  0
 0.325 -0.075 -1         0.00000  0
 0.325 -0.050 -1         0.00000  0
 0.325 -0.025  1         0.00000  0
 0.325  0.000  1      1390.56473  0
 0.350 -0.075 -1         0.00000  0
 0.350 -0.050 -1         0.00000  0
 0.350 -0.025  1         0.00000  0
 0.350  0.000  1         0.00000  0
 0.375 -0.075 -1         0.00000  0
 0.375 -0.050 -1         0.00000  0
 0.375 -0.025  1         0.00000  0
 0.375  0.000  1       824.55839  0
 0.400 -0.075 -1         0.00000  0
 0.400 -0.050 -1         0.00000  0
 0.400 -0.025  1         0.00000  0
 0.400  0.000  1       810.04250  0
 0.425 -0.075 -1         0.00000  0
 0.425 -0.050 -1         0.00000  0
 0.425 -0.025  1         0.00000  0
 0.425  0.000  1      3242.02762  0
 0.450 -0.075 -1         0.00000  0
 0.450 -0.050 -1         0.00000  0
 0.450 -0.025  1         0.00000  0
 0.450  0.000  1       927.64222  0
 0.475 -0.075 -1         0.00000  0
 0.475 -0.050 -1         0.00000  0
 0.475 -0.025  1         0.00000  0
 0.475  0.000  1         0.00000  0
 0.500 -0.075 -1         0.00000  0
 0.500 -0.050 -1         0.00000  0
 0.500 -0.025  1         0.00000  0
 0.500  0.000  1      1054.59062  0
 0.525 -0.075 -1         0.00000  0
 0.525 -0.050 -1         0.00000  0
 0.525 -0.025  1         0.00000  0
 0.525  0.000  1         0.00000  0
 0.550 -0.075 -1         0.00000  0
 0.550 -0.050 -1         0.00000  0
 0.550 -0.025  1         0.00000  0
 0.550  0.000  1      2348.28589  0
 0.575 -0.075 -1         0.00000  0
 0.575 -0.050 -1         0.00000  0
 0.575 -0.025  1         0.00000  0
 0.575  0.000  1         0.00000  0
 0.600 -0.075 -1         0.00000  0
 0.600 -0.050 -1         0.00000  0
 0.600 -0.025  1         0.00000  0
 0.600  0.000  1       207.45064  0
 0.625 -0.075 -1         0.00000  0
 0.625 -0.050 -1         0.00000  0
 0.625 -0.025  1         0.00000  0
 0.625  0.000  1         0.00000  0
 0.650 -0.075 -1         0.00000  0
 0.650 -0.050 -1         0.00000  0
 0.650 -0.025  1         0.00000  0
 0.650  0.000  1       995.42579  0
 0.675 -0.075 -1         0.00000  0
 0.675 -0.050 -1         0.00000  0
 0.675 -0.025  1         0.00000  0
 0.675  0.000  1      3197.89505  0
 0.700 -0.075 -1         0.00000  0
 0.700 -0.050 -1         0.00000  0
 0.700 -0.025  1         0.00000  0
 0.700  0.000  1         0.00000  0
 0.725 -0.075 -1         0.00000  0
 0.725 -0.050 -1         0.00000  0
 0.725 -0.025  1         0.00000  0
 0.725  0.000  1         0.00000  0
 0.750 -0.075 -1         0.00000  0
 0.750 -0.050 -1         0.00000  0
 0.750 -0.025  1         0.00000  0
 0.750  0.000  1      2748.72807  0
 0.775 -0.075 -1         0.00000  0
 0.775 -0.050 -1         0.00000  0
 0.775 -0.025  1         0.00000  0
 0.775  0.000  1         0.00000  0
 0.800 -0.075 -1         0.00000  0
 0.800 -0.050 -1         0.00000  0
 0.800 -0.025  1         0.00000  0
 0.800  0.000  1         0.00000  0
 0.825 -0.075 -1         0.00000  0
 0.825 -0.050 -1         0.00000  0
 0.825 -0.025  1         0.00000  0
 0.825  0.000  1      1200.75331  0
 0.850 -0.075 -1         0.00000  0
 0.850 -0.050 -1         0.00000  0
 0.850 -0.025  1         0.00000  0
 0.850  0.000  1      2911.59654  0
 0.875 -0.075 -1         0.00000  0
 0.875 -0.050 -1         0.00000  0
 0.875 -0.025  1         0.00000  0
 0.875  0.000  1      1157.44255  0
 0.900 -0.075 -1         0.00000  0
 0.900 -0.050 -1         0.00000  0
 0.900 -0.025  1         0.00000  0
 0.900  0.000  1         0.00000  0
 0.925 -0.075 -1         0.00000  0
 0.925 -0.050 -1         0.00000  0
 0.925 -0.025  1         0.00000  0
 0.925  0.000  1         0.00000  0
 0.950 -0.075 -1         0.00000  0
 0.950 -0.050 -1         0.00000  0
 0.950 -0.025  1         0.00000  0
 0.950  0.000  1      1022.50868  0
 0.975 -0.075 -1         0.00000  0
 0.975 -0.050 -1         0.00000  0
 0.975 -0.025  1         0.00000  0
 0.975  0.000  1      2837.51810  0
 1.000 -0.075 -1         0.00000  0
 1.000 -0.050 -1         0.00000  0
 1.000 -0.025  1         0.00000  0
 1.000  0.000  1      2074.99119  0
 1.025 -0.075 -1         0.00000  0
 1.025 -0.050 -1         0.00000  0
 1.025 -0.025  1         0.00000  0
 1.025  0.000  1      1050.83355  0
 1.025  0.025  1      2133.51146  0
 1.025  0.050  1       115.64837  0
 1.025  0.075  1      2541.12965  0
 1.025  0.100  1         0.00000  0
 1.025  0.125  1         0.00000  0
 1.025  0.150  1         0.00000  0
 1.025  0.175  1       426.18208  0
 1.025  0.200  1        46.08237  0
 1.025  0.225  1         0.00000  0
 1.025  0.250  1         0.00000  0
 1.025  0.275  1         0.00000  0
 1.025  0.300  1         0.00000  0
 1.025  0.325  1         0.00000  0
 1.025  0.350  1         0.00000  0
 1.025  0.375  1         0.00000  0
 1.025  0.400  1         0.00000  0
 1.025  0.425  1         0.00000  0
 1.025  0.450  1         0.00000  0
 1.025  0.475  1         0.00000  0
 1.025  0.500  1         0.00000  0
 1.025  0.525  1         0.00000  0
 1.025  0.550  1         0.00000  0
 1.025  0.575  1         0.00000  0
 1.025  0.600  1         0.00000  0
 1.050 -0.075 -1         0.00000  0
 1.050 -0.050 -1         0.00000  0
 1.050 -0.025  1         0.00000  0
 1.050  0.000  1         0.00000  0
 1.050  0.025  1         0.00000  0
 1.050  0.050  1         0.00000  0
 1.050  0.075  1         0.00000  0
 1.050  0.100  1         0.00000  0
 1.050  0.125  1         0.00000  0
 1.050  0.150  1         0.00000  0
 1.050  0.175  1         0.00000  0
 1.050  0.200  1         0.00000  0
 1.050  0.225  1         0.00000  0
 1.050  0.250  1         0.00000  0
 1.050  0.275  1         0.00000  0
 1.050  0.300  1         0.00000  0
 1.050  0.325  1         0.00000  0
 1.050  0.350  1         0.00000  0
 1.050  0.375  1         0.00000  0
 1.050  0.400  1         0.00000  0
 1.050  0.425  1         0.00000  0
 1.050  0.450  1         0.00000  0
 1.050  0.475  1         0.00000  0
 1.050  0.500  1         0.00000  0
 1.050  0.525  1         0.00000  0
 1.050  0.550  1         0.00000  0
 1.050  0.575  1         0.00000  0
 1.050  0.600  1         0.00000  0
 1.075 -0.075 -1         0.00000  0
 1.075 -0.050 -1         0.00000  0
 1.075 -0.025 -1         0.00000  0
 1.075  0.000 -1         0.00000  0
 1.075  0.025 -1         0.00000  0
 1.075  0.050 -1         0.00000  0
 1.075  0.075 -1         0.00000  0
 1.075  0.100 -1         0.00000  0
 1.075  0.125 -1         0.00000  0
 1.075  0.150 -1         0.00000  0
 1.075  0.175 -1         0.00000  0
 1.075  0.200 -1         0.00000  0
 1.075  0.225 -1         0.00000  0
 1.075  0.250 -1         0.00000  0
 1.075  0.275 -1         0.00000  0
 1.075  0.300 -1         0.00000  0
 1.075  0.325 -1         0.00000  0
 1.075  0.350 -1         0.00000  0
 1.075  0.375 -1         0.00000  0
 1.075  0.400 -1         0.00000  0
 1.075  0.425 -1         0.00000  0
 1.075  0.450 -1         0.00000  0
 1.075  0.475 -1         0.00000  0
 1.075  0.500 -1         0.00000  0
 1.075  0.525 -1         0.00000  0
 1.075  0.550 -1         0.00000  0
 1.075  0.575  1         0.00000  0
 1.075  0.600  1         0.00000  0
 1.100 -0.075 -1         0.00000  0
 1.100 -0.050 -1         0.00000  0
 1.100 -0.025 -1         0.00000  0
 1.100  0.000 -1         0.00000  0
 1.100  0.025 -1         0.00000  0
 1.100  0.050 -1         0.00000  0
 1.100  0.075 -1         0.00000  0
 1.100  0.100 -1         0.00000  0
 1.100  0.125 -1         0.00000  0
 1.100  0.150 -1         0.00000  0
 1.100  0.175 -1         0.00000  0
 1.100  0.200 -1         0.00000  0
 1.100  0.225 -1         0.00000  0
 1.100  0.250 -1         0.00000  0
 1.100  0.275 -1         0.00000  0
 1.100  0.300 -1         0.00000  0
 1.100  0.325 -1         0.00000  0
 1.100  0.350 -1         0.00000  0
 1.100  0.375 -1         0.00000  0
 1.100  0.400 -1         0.00000  0
 1.100  0.425 -1         0.00000  0
 1.100  0.450 -1         0.00000  0
 1.100  0.475 -1         0.00000  0
 1.100  0.500 -1         0.00000  0
 1.100  0.525 -1         0.00000  0
 1.100  0.550 -1         0.00000  0
 1.100  0.575  1         0.00000  0
 1.100  0.600  1         0.00000  0
