-0.075 -0.075 -1         0.00000  0
-0.075 -0.050 -1         0.00000  0
-0.075 -0.025 -1         0.00000  0
-0.075  0.000 -1         0.00000  0
-0.075  0.025 -1         0.00000  0
-0.075  0.050 -1         0.00000  0
-0.075  0.075 -1         0.00000  0
-0.075  0.100 -1         0.00000  0
-0.075  0.125 -1         0.00000  0
-0.075  0.150 -1         0.00000  0
-0.075  0.175 -1         0.00000  0
-0.075  0.200 -1         0.00000  0
-0.075  0.225 -1         0.00000  0
-0.075  0.250 -1         0.00000  0
-0.075  0.275 -1         0.00000  0
-0.075  0.300 -1         0.00000  0
-0.075  0.325 -1         0.00000  0
-0.075  0.350 -1         0.00000  0
-0.075  0.375 -1         0.00000  0
-0.075  0.400 -1         0.00000  0
-0.075  0.425 -1         0.00000  0
-0.075  0.450 -1         0.00000  0
-0.075  0.475 -1         0.00000  0
-0.075  0.500 -1         0.00000  0
-0.075  0.525 -1         0.00000  0
-0.075  0.550 -1         0.00000  0
-0.075  0.575  1         0.00000  0
-0.075  0.600  1         0.00000  0
-0.050 -0.075 -1         0.00000  0
-0.050 -0.050 -1         0.00000  0
-0.050 -0.025 -1         0.00000  0
-0.050  0.000 -1         0.00000  0
-0.050  0.025 -1         0.00000  0
-0.050  0.050 -1         0.00000  0
-0.050  0.075 -1         0.00000  0
-0.050  0.100 -1         0.00000  0
-0.050  0.125 -1         0.00000  0
-0.050  0.150 -1         0.00000  0
-0.050  0.175 -1         0.00000  0
-0.050  0.200 -1         0.00000  0
-0.050  0.225 -1         0.00000  0
-0.050  0.250 -1         0.00000  0
-0.050  0.275 -1         0.00000  0
-0.050  0.300 -1         0.00000  0
-0.050  0.325 -1         0.00000  0
-0.050  0.350 -1         0.00000  0
-0.050  0.375 -1         0.00000  0
-0.050  0.400 -1         0.00000  0
-0.050  0.425 -1         0.00000  0
-0.050  0.450 -1         0.00000  0
-0.050  0.475 -1         0.00000  0
-0.050  0.500 -1         0.00000  0
-0.050  0.525 -1         0.00000  0
-0.050  0.550 -1         0.00000  0
-0.050  0.575  1         0.00000  0
-0.050  0.600  1         0.00000  0
-0.025 -0.075 -1         0.00000  0
-0.025 -0.050 -1         0.00000  0
-0.025 -0.025  1         0.00000  0
-0.025  0.000  1         0.00000  0
-0.025  0.025  1         0.00000  0
-0.025  0.050  1         0.00000  0
-0.025  0.075  1         0.00000  0
-0.025  0.100  1         0.00000  0
-0.025  0.125  1         0.00000  0
-0.025  0.150  1         0.00000  0
-0.025  0.175  1         0.00000  0
-0.025  0.200  1         0.00000  0
-0.025  0.225  1         0.00000  0
-0.025  0.250  1         0.00000  0
-0.025  0.275  1         0.00000  0
-0.025  0.300  1         0.00000  0
-0.025  0.325  1         0.00000  0
-0.025  0.350  1         0.00000  0
-0.025  0.375  1         0.00000  0
-0.025  0.400  1         0.00000  0
-0.025  0.425  1         0.00000  0
-0.025  0.450  1         0.00000  0
-0.025  0.475  1         0.00000  0
-0.025  0.500  1         0.00000  0
-0.025  0.525  1         0.00000  0
-0.025  0.550  1         0.00000  0
-0.025  0.575  1         0.00000  0
-0.025  0.600  1       150.23702  0
 0.000 -0.075 -1         0.00000  0
 0.000 -0.050 -1         0.00000  0
 0.000 -0.025  1         0.00000  0
 0.000  0.000  1         0.00000  0
 0.000  0.025  1         0.00000  0
 0.000  0.050  1         0.00000  0
 0.000  0.075  1         0.00000  0
 0.000  0.100  1         0.00000  0
 0.000  0.125  1         0.00000  0
 0.000  0.150  1         0.00000  0
 0.000  0.175  1         0.00000  0
 0.000  0.200  1         0.00000  0
 0.000  0.225  1         0.00000  0
 0.000  0.250  1         0.00000  0
 0.000  0.275  1         0.00000  0
 0.000  0.300  1         0.00000  0
 0.000  0.325  1         0.00000  0
 0.000  0.350  1         0.00000  0
 0.000  0.375  1         0.00000  0
 0.000  0.400  1         0.00000  0
 0.000  0.425  1         0.00000  0
 0.000  0.450  1         0.00000  0
 0.000  0.475  1         0.00000  0
 0.000  0.500  1         0.00000  0
 0.000  0.525  1         0.00000  0
 0.000  0.550  1         0.00000  0
 0.000  0.575  1         0.00000  0
 0.000  0.600  1         0.00000  0
 0.025 -0.075 -1         0.00000  0
 0.025 -0.050 -1         0.00000  0
 0.025 -0.025  1         0.00000  0
 0.025  0.000  1         0.00000  0
 1.821  0.808  0         0.00000  0
-1.617  0.977  0         0.00000  0
****** ******  0         0.00000  0
20.247 49.283  0         0.00000  0
 0.783  0.018  0         0.00000  0
 1.480  8.994  0         0.00000  0
****** ******  0         0.00000  0
 0.998  0.580  0         0.00000  0
******  6.531  0         0.00000  0
66.390 ******  0         0.00000  0
****** ******  0         0.00000  0
****** ******  0         0.00000  0
****** ******  0         0.00000  0
47.684 14.159  0         0.00000  0
****** ******  0         0.00000  0
 0.027  0.031  0         0.00000  0
 2.130  0.223  0         0.00000  0
****** ******  0         0.00000  0
77.473 ******  0         0.00000  0
****** 38.862  0         0.00000  0
 0.050 -0.075 -1         0.00000  0
 0.050 -0.050 -1         0.00000  0
 0.050 -0.025  1         0.00000  0
 0.050  0.000  1         0.00000  0
****** ******  0         0.00000  0
-0.326  0.831  0         0.00000  0
79.793 ******  0         0.00000  0
****** ******  0         0.00000  0
-9.245 ******  0         0.00000  0
-0.505 -0.158  0         0.00000  0
****** 14.420  0         0.00000  0
27.610 42.266  0         0.00000  0
 1.366  6.165  0         0.00000  0
****** -0.017  0         0.00000  0
 3.138  0.263  0         0.00000  0
53.696 25.863  0         0.00000  0
 0.536  0.022  0         0.00000  0
-7.935  7.156  0         0.00000  0
 0.410  0.082  0         0.00000  0
****** ******  0         0.00000  0
-1.689 -0.027  0         0.00000  0
 1.565 13.333  0         0.00000  0
12.907  4.381  0         0.00000  0
 0.257  0.063  0         0.00000  0
 0.075 -0.075 -1         0.00000  0
 0.075 -0.050 -1         0.00000  0
 0.075 -0.025  1         0.00000  0
 0.075  0.000  1         0.00000  0
 9.161 ******  0         0.00000  0
****** ******  0         0.00000  0
****** ******  0         0.00000  0
12.997 12.332  0         0.00000  0
****** 48.415  0         0.00000  0
****** 23.047  0         0.00000  0
23.188 94.130  0         0.00000  0
****** ******  0         0.00000  0
 0.161  0.011  0         0.00000  0
 0.220  0.169  0         0.00000  0
37.029 ******  0         0.00000  0
 0.985  0.105  0         0.00000  0
****** ******  0         0.00000  0
-8.236  4.452  0         0.00000  0
 4.280 ******  0         0.00000  0
-0.912  1.097  0         0.00000  0
14.186 86.023  0         0.00000  0
****** ******  0         0.00000  0
 0.663  0.011  0         0.00000  0
****** ******  0         0.00000  0
 0.100 -0.075 -1         0.00000  0
 0.100 -0.050 -1         0.00000  0
 0.100 -0.025  1         0.00000  0
 0.100  0.000  1         0.00000  0
 0.571  0.017  0         0.00000  0
****** ******  0         0.00000  0
92.895 25.152  0         0.00000  0
 0.806  0.432  0         0.00000  0
****** ******  0         0.00000  0
39.146 25.721  0         0.00000  0
-0.267  4.981  0         0.00000  0
 0.329  0.169  0         0.00000  0
****** 16.569  0         0.00000  0
****** ******  0         0.00000  0
-6.272 44.972  0         0.00000  0
49.629  7.735  0         0.00000  0
****** ******  0         0.00000  0
****** 15.220  0         0.00000  0
****** ******  0         0.00000  0
****** ******  0         0.00000  0
****** ******  0         0.00000  0
****** ******  0         0.00000  0
15.565 ******  0         0.00000  0
****** 11.980  0         0.00000  0
 0.125 -0.075 -1         0.00000  0
 0.125 -0.050 -1         0.00000  0
 0.125 -0.025  1         0.00000  0
 0.125  0.000  1         0.00000  0
19.570 ******  0         0.00000  0
****** ******  0         0.00000  0
****** ******  0         0.00000  0
****** -1.588  0         0.00000  0
24.567 93.821  0         0.00000  0
 0.909  0.163  0         0.00000  0
****** ******  0         0.00000  0
****** ******  0         0.00000  0
20.798 ******  0         0.00000  0
 0.179  0.118  0         0.00000  0
 0.739  0.025  0         0.00000  0
19.512 ******  0         0.00000  0
****** ******  0         0.00000  0
****** ******  0         0.00000  0
 1.060  0.137  0         0.00000  0
-6.915  9.227  0         0.00000  0
21.223 31.767  0         0.00000  0
13.033 ******  0         0.00000  0
****** ******  0         0.00000  0
****** 26.263  0         0.00000  0
 0.150 -0.075 -1         0.00000  0
 0.150 -0.050 -1         0.00000  0
 0.150 -0.025  1         0.00000  0
 0.150  0.000  1      6256.58630  0
-1.612  4.333  0         0.00000  0
****** ******  0         0.00000  0
****** ******  0         0.00000  0
-3.515  2.435  0         0.00000  0
-4.311  4.102  0         0.00000  0
78.160 ******  0         0.00000  0
****** ******  0         0.00000  0
 5.749 ******  0         0.00000  0
****** ******  0         0.00000  0
******  7.816  0         0.00000  0
****** ******  0         0.00000  0
****** ******  0         0.00000  0
 0.422 23.749  0         0.00000  0
****** ******  0         0.00000  0
 2.439  8.183  0         0.00000  0
******  6.432  0         0.00000  0
****** ******  0         0.00000  0
34.392 ******  0         0.00000  0
 1.104 ******  0         0.00000  0
12.634 ******  0         0.00000  0
 0.175 -0.075 -1         0.00000  0
 0.175 -0.050 -1         0.00000  0
 0.175 -0.025  1         0.00000  0
 0.175  0.000  1         0.00000  0
****** ******  0         0.00000  0
****** ******  0         0.00000  0
15.796 12.770  0         0.00000  0
****** ******  0         0.00000  0
-0.447  5.466  0         0.00000  0
****** ******  0         0.00000  0
-0.037  0.611  0         0.00000  0
14.390  7.605  0         0.00000  0
****** ******  0         0.00000  0
****** ******  0         0.00000  0
****** 11.076  0         0.00000  0
-8.550  6.033  0         0.00000  0
-4.170  4.396  0         0.00000  0
****** ******  0         0.00000  0
****** ******  0         0.00000  0
****** ******  0         0.00000  0
 0.203  0.153  0         0.00000  0
-0.481  0.735  0         0.00000  0
 2.518  2.051  0         0.00000  0
11.956 ******  0         0.00000  0
 0.200 -0.075 -1         0.00000  0
 0.200 -0.050 -1         0.00000  0
 0.200 -0.025  1         0.00000  0
 0.200  0.000  1         0.00000  0
****** -3.871  0         0.00000  0
****** ******  0         0.00000  0
****** ******  0         0.00000  0
94.345 ******  0         0.00000  0
 0.203 12.625  0         0.00000  0
****** -4.149  0         0.00000  0
****** ******  0         0.00000  0
27.910 ******  0         0.00000  0
****** ******  0         0.00000  0
 5.679 23.534  0         0.00000  0
****** ******  0         0.00000  0
****** 13.476  0         0.00000  0
****** ******  0         0.00000  0
****** 11.872  0         0.00000  0
****** 10.729  0         0.00000  0
****** 15.548  0         0.00000  0
****** ******  0         0.00000  0
-7.114 15.668  0         0.00000  0
****** 62.680  0         0.00000  0
****** ******  0         0.00000  0
 0.225 -0.075 -1         0.00000  0
 0.225 -0.050 -1         0.00000  0
 0.225 -0.025  1         0.00000  0
 0.225  0.000  1         0.00000  0
-1.920 10.112  0         0.00000  0
****** ******  0         0.00000  0
 8.581 -1.443  0         0.00000  0
 4.064 28.289  0         0.00000  0
55.136 ******  0         0.00000  0
-1.201  2.079  0         0.00000  0
14.710 80.225  0         0.00000  0
****** ******  0         0.00000  0
22.012 23.660  0         0.00000  0
****** ******  0         0.00000  0
 6.342  6.153  0         0.00000  0
 0.079  0.097  0         0.00000  0
****** ******  0         0.00000  0
****** ******  0         0.00000  0
16.505 ******  0         0.00000  0
-0.444  3.990  0         0.00000  0
******  2.252  0         0.00000  0
****** -2.989  0         0.00000  0
98.682 ******  0         0.00000  0
20.479 ******  0         0.00000  0
 0.250 -0.075 -1         0.00000  0
 0.250 -0.050 -1         0.00000  0
 0.250 -0.025  1         0.00000  0
 0.250  0.000  1         0.00000  0
10.193 27.716  0         0.00000  0
 0.112  0.032  0         0.00000  0
****** -9.549  0         0.00000  0
 2.152  0.067  0         0.00000  0
-0.182  2.211  0         0.00000  0
****** 41.044  0         0.00000  0
****** ******  0         0.00000  0
 0.240  0.112  0         0.00000  0
 0.141  9.882  0         0.00000  0
18.627 ******  0         0.00000  0
****** ******  0         0.00000  0
****** ******  0         0.00000  0
 1.818 -2.989  0         0.00000  0
 3.206 ******  0         0.00000  0
72.496 33.527  0         0.00000  0
****** ******  0         0.00000  0
 1.007  0.117  0         0.00000  0
17.073 ******  0         0.00000  0
 3.327 -1.210  0         0.00000  0
****** ******  0         0.00000  0
 0.275 -0.075 -1         0.00000  0
 0.275 -0.050 -1         0.00000  0
 0.275 -0.025  1         0.00000  0
 0.275  0.000  1         0.00000  0
 0.300 -0.075 -1         0.00000  0
 0.300 -0.050 -1         0.00000  0
 0.300 -0.025  1         0.00000  0
 0.300  0.000  1         0.00000  0
 0.325 -0.075 -1         0.00000  0
 0.325 -0.050 -1         0.00000  0
 0.325 -0.025  1         0.00000  0
 0.325  0.000  1         0.00000  0
 0.350 -0.075 -1         0.00000  0
 0.350 -0.050 -1         0.00000  0
 0.350 -0.025  1         0.00000  0
 0.350  0.000  1         0.00000  0
 0.375 -0.075 -1         0.00000  0
 0.375 -0.050 -1         0.00000  0
 0.375 -0.025  1         0.00000  0
 0.375  0.000  1         0.00000  0
 0.400 -0.075 -1         0.00000  0
 0.400 -0.050 -1         0.00000  0
 0.400 -0.025  1         0.00000  0
 0.400  0.000  1         0.00000  0
 0.425 -0.075 -1         0.00000  0
 0.425 -0.050 -1         0.00000  0
 0.425 -0.025  1         0.00000  0
 0.425  0.000  1         0.00000  0
 0.450 -0.075 -1         0.00000  0
 0.450 -0.050 -1         0.00000  0
 0.450 -0.025  1         0.00000  0
 0.450  0.000  1         0.00000  0
 0.475 -0.075 -1         0.00000  0
 0.475 -0.050 -1         0.00000  0
 0.475 -0.025  1         0.00000  0
 0.475  0.000  1         0.00000  0
 0.500 -0.075 -1         0.00000  0
 0.500 -0.050 -1         0.00000  0
 0.500 -0.025  1         0.00000  0
 0.500  0.000  1         0.00000  0
 0.525 -0.075 -1         0.00000  0
 0.525 -0.050 -1         0.00000  0
 0.525 -0.025  1         0.00000  0
 0.525  0.000  1         0.00000  0
 0.550 -0.075 -1         0.00000  0
 0.550 -0.050 -1         0.00000  0
 0.550 -0.025  1         0.00000  0
 0.550  0.000  1         0.00000  0
 0.575 -0.075 -1         0.00000  0
 0.575 -0.050 -1         0.00000  0
 0.575 -0.025  1         0.00000  0
 0.575  0.000  1       366.76633  0
 0.600 -0.075 -1         0.00000  0
 0.600 -0.050 -1         0.00000  0
 0.600 -0.025  1         0.00000  0
 0.600  0.000  1         0.00000  0
 0.625 -0.075 -1         0.00000  0
 0.625 -0.050 -1         0.00000  0
 0.625 -0.025  1         0.00000  0
 0.625  0.000  1         0.00000  0
 0.650 -0.075 -1         0.00000  0
 0.650 -0.050 -1         0.00000  0
 0.650 -0.025  1         0.00000  0
 0.650  0.000  1         0.00000  0
 0.675 -0.075 -1         0.00000  0
 0.675 -0.050 -1         0.00000  0
 0.675 -0.025  1         0.00000  0
 0.675  0.000  1        86.81404  0
 0.700 -0.075 -1         0.00000  0
 0.700 -0.050 -1         0.00000  0
 0.700 -0.025  1         0.00000  0
 0.700  0.000  1         0.00000  0
 0.725 -0.075 -1         0.00000  0
 0.725 -0.050 -1         0.00000  0
 0.725 -0.025  1         0.00000  0
 0.725  0.000  1         0.00000  0
 0.750 -0.075 -1         0.00000  0
 0.750 -0.050 -1         0.00000  0
 0.750 -0.025  1         0.00000  0
 0.750  0.000  1         0.00000  0
 0.775 -0.075 -1         0.00000  0
 0.775 -0.050 -1         0.00000  0
 0.775 -0.025  1         0.00000  0
 0.775  0.000  1         0.00000  0
 0.800 -0.075 -1         0.00000  0
 0.800 -0.050 -1         0.00000  0
 0.800 -0.025  1         0.00000  0
 0.800  0.000  1         0.00000  0
 0.825 -0.075 -1         0.00000  0
 0.825 -0.050 -1         0.00000  0
 0.825 -0.025  1         0.00000  0
 0.825  0.000  1         0.00000  0
 0.850 -0.075 -1         0.00000  0
 0.850 -0.050 -1         0.00000  0
 0.850 -0.025  1         0.00000  0
 0.850  0.000  1         0.00000  0
 0.875 -0.075 -1         0.00000  0
 0.875 -0.050 -1         0.00000  0
 0.875 -0.025  1         0.00000  0
 0.875  0.000  1         0.00000  0
 0.900 -0.075 -1         0.00000  0
 0.900 -0.050 -1         0.00000  0
 0.900 -0.025  1         0.00000  0
 0.900  0.000  1         0.00000  0
 0.925 -0.075 -1         0.00000  0
 0.925 -0.050 -1         0.00000  0
 0.925 -0.025  1         0.00000  0
 0.925  0.000  1         0.00000  0
 0.950 -0.075 -1         0.00000  0
 0.950 -0.050 -1         0.00000  0
 0.950 -0.025  1         0.00000  0
 0.950  0.000  1         0.00000  0
 0.975 -0.075 -1         0.00000  0
 0.975 -0.050 -1         0.00000  0
 0.975 -0.025  1         0.00000  0
 0.975  0.000  1         0.00000  0
 1.000 -0.075 -1         0.00000  0
 1.000 -0.050 -1         0.00000  0
 1.000 -0.025  1         0.00000  0
 1.000  0.000  1         0.00000  0
 1.025 -0.075 -1         0.00000  0
 1.025 -0.050 -1         0.00000  0
 1.025 -0.025  1         0.00000  0
 1.025  0.000  1         0.00000  0
 1.025  0.025  1         0.00000  0
 1.025  0.050  1         0.00000  0
 1.025  0.075  1         0.00000  0
 1.025  0.100  1         0.00000  0
 1.025  0.125  1      4055.61883  0
 1.025  0.150  1         0.00000  0
 1.025  0.175  1         0.00000  0
 1.025  0.200  1         0.00000  0
 1.025  0.225  1         0.00000  0
 1.025  0.250  1         0.00000  0
 1.025  0.275  1         0.00000  0
 1.025  0.300  1         0.00000  0
 1.025  0.325  1         0.00000  0
 1.025  0.350  1         0.00000  0
 1.025  0.375  1         0.00000  0
 1.025  0.400  1         0.00000  0
 1.025  0.425  1         0.00000  0
 1.025  0.450  1         0.00000  0
 1.025  0.475  1         0.00000  0
 1.025  0.500  1         0.00000  0
 1.025  0.525  1         0.00000  0
 1.025  0.550  1         0.00000  0
 1.025  0.575  1         0.00000  0
 1.025  0.600  1         0.00000  0
 1.050 -0.075 -1         0.00000  0
 1.050 -0.050 -1         0.00000  0
 1.050 -0.025  1         0.00000  0
 1.050  0.000  1         0.00000  0
 1.050  0.025  1         0.00000  0
 1.050  0.050  1         0.00000  0
 1.050  0.075  1         0.00000  0
 1.050  0.100  1         0.00000  0
 1.050  0.125  1      8905.08073  0
 1.050  0.150  1      1439.84587  0
 1.050  0.175  1         0.00000  0
 1.050  0.200  1         0.00000  0
 1.050  0.225  1         0.00000  0
 1.050  0.250  1         0.00000  0
 1.050  0.275  1         0.00000  0
 1.050  0.300  1         0.00000  0
 1.050  0.325  1         0.00000  0
 1.050  0.350  1         0.00000  0
 1.050  0.375  1         0.00000  0
 1.050  0.400  1         0.00000  0
 1.050  0.425  1         0.00000  0
 1.050  0.450  1         0.00000  0
 1.050  0.475  1         0.00000  0
 1.050  0.500  1         0.00000  0
 1.050  0.525  1         0.00000  0
 1.050  0.550  1         0.00000  0
 1.050  0.575  1         0.00000  0
 1.050  0.600  1         0.00000  0
 1.075 -0.075 -1         0.00000  0
 1.075 -0.050 -1         0.00000  0
 1.075 -0.025 -1         0.00000  0
 1.075  0.000 -1         0.00000  0
 1.075  0.025 -1         0.00000  0
 1.075  0.050 -1         0.00000  0
 1.075  0.075 -1         0.00000  0
 1.075  0.100 -1         0.00000  0
 1.075  0.125 -1         0.00000  0
 1.075  0.150 -1         0.00000  0
 1.075  0.175 -1         0.00000  0
 1.075  0.200 -1         0.00000  0
 1.075  0.225 -1         0.00000  0
 1.075  0.250 -1         0.00000  0
 1.075  0.275 -1         0.00000  0
 1.075  0.300 -1         0.00000  0
 1.075  0.325 -1         0.00000  0
 1.075  0.350 -1         0.00000  0
 1.075  0.375 -1         0.00000  0
 1.075  0.400 -1         0.00000  0
 1.075  0.425 -1         0.00000  0
 1.075  0.450 -1         0.00000  0
 1.075  0.475 -1         0.00000  0
 1.075  0.500 -1         0.00000  0
 1.075  0.525 -1         0.00000  0
 1.075  0.550 -1         0.00000  0
 1.075  0.575  1         0.00000  0
 1.075  0.600  1         0.00000  0
 1.100 -0.075 -1         0.00000  0
 1.100 -0.050 -1         0.00000  0
 1.100 -0.025 -1         0.00000  0
 1.100  0.000 -1         0.00000  0
 1.100  0.025 -1         0.00000  0
 1.100  0.050 -1         0.00000  0
 1.100  0.075 -1         0.00000  0
 1.100  0.100 -1         0.00000  0
 1.100  0.125 -1         0.00000  0
 1.100  0.150 -1         0.00000  0
 1.100  0.175 -1         0.00000  0
 1.100  0.200 -1         0.00000  0
 1.100  0.225 -1         0.00000  0
 1.100  0.250 -1         0.00000  0
 1.100  0.275 -1         0.00000  0
 1.100  0.300 -1         0.00000  0
 1.100  0.325 -1         0.00000  0
 1.100  0.350 -1         0.00000  0
 1.100  0.375 -1         0.00000  0
 1.100  0.400 -1         0.00000  0
 1.100  0.425 -1         0.00000  0
 1.100  0.450 -1         0.00000  0
 1.100  0.475 -1         0.00000  0
 1.100  0.500 -1         0.00000  0
 1.100  0.525 -1         0.00000  0
 1.100  0.550 -1         0.00000  0
 1.100  0.575  1         0.00000  0
 1.100  0.600  1         0.00000  0
