-0.075 -0.075 -1         0.00000  0
-0.075 -0.050 -1         0.00000  0
-0.075 -0.025 -1         0.00000  0
-0.075  0.000 -1         0.00000  0
-0.075  0.025 -1         0.00000  0
-0.075  0.050 -1         0.00000  0
-0.075  0.075 -1         0.00000  0
-0.075  0.100 -1         0.00000  0
-0.075  0.125 -1         0.00000  0
-0.075  0.150 -1         0.00000  0
-0.075  0.175 -1         0.00000  0
-0.075  0.200 -1         0.00000  0
-0.075  0.225 -1         0.00000  0
-0.075  0.250 -1         0.00000  0
-0.075  0.275 -1         0.00000  0
-0.075  0.300 -1         0.00000  0
-0.075  0.325 -1         0.00000  0
-0.075  0.350 -1         0.00000  0
-0.075  0.375 -1         0.00000  0
-0.075  0.400 -1         0.00000  0
-0.075  0.425 -1         0.00000  0
-0.075  0.450 -1         0.00000  0
-0.075  0.475 -1         0.00000  0
-0.075  0.500 -1         0.00000  0
-0.075  0.525 -1         0.00000  0
-0.075  0.550 -1         0.00000  0
-0.075  0.575  1         0.00000  0
-0.075  0.600  1         0.00000  0
-0.050 -0.075 -1         0.00000  0
-0.050 -0.050 -1         0.00000  0
-0.050 -0.025 -1         0.00000  0
-0.050  0.000 -1         0.00000  0
-0.050  0.025 -1         0.00000  0
-0.050  0.050 -1         0.00000  0
-0.050  0.075 -1         0.00000  0
-0.050  0.100 -1         0.00000  0
-0.050  0.125 -1         0.00000  0
-0.050  0.150 -1         0.00000  0
-0.050  0.175 -1         0.00000  0
-0.050  0.200 -1         0.00000  0
-0.050  0.225 -1         0.00000  0
-0.050  0.250 -1         0.00000  0
-0.050  0.275 -1         0.00000  0
-0.050  0.300 -1         0.00000  0
-0.050  0.325 -1         0.00000  0
-0.050  0.350 -1         0.00000  0
-0.050  0.375 -1         0.00000  0
-0.050  0.400 -1         0.00000  0
-0.050  0.425 -1         0.00000  0
-0.050  0.450 -1         0.00000  0
-0.050  0.475 -1         0.00000  0
-0.050  0.500 -1         0.00000  0
-0.050  0.525 -1         0.00000  0
-0.050  0.550 -1         0.00000  0
-0.050  0.575  1         0.00000  0
-0.050  0.600  1         0.00000  0
-0.025 -0.075 -1         0.00000  0
-0.025 -0.050 -1         0.00000  0
-0.025 -0.025  1         0.00000  0
-0.025  0.000  1         0.00000  0
-0.025  0.025  1         0.00000  0
-0.025  0.050  1         0.00000  0
-0.025  0.075  1         0.00000  0
-0.025  0.100  1         0.00000  0
-0.025  0.125  1         0.00000  0
-0.025  0.150  1         0.00000  0
-0.025  0.175  1         0.00000  0
-0.025  0.200  1         0.00000  0
-0.025  0.225  1         0.00000  0
-0.025  0.250  1         0.00000  0
-0.025  0.275  1         0.00000  0
-0.025  0.300  1         0.00000  0
-0.025  0.325  1         0.00000  0
-0.025  0.350  1         0.00000  0
-0.025  0.375  1         0.00000  0
-0.025  0.400  1         0.00000  0
-0.025  0.425  1         0.00000  0
-0.025  0.450  1         0.00000  0
-0.025  0.475  1         0.00000  0
-0.025  0.500  1         0.00000  0
-0.025  0.525  1         0.00000  0
-0.025  0.550  1         0.00000  0
-0.025  0.575  1         0.00000  0
-0.025  0.600  1         0.00000  0
 0.000 -0.075 -1         0.00000  0
 0.000 -0.050 -1         0.00000  0
 0.000 -0.025  1         0.00000  0
 0.000  0.000  1      1166.50811  0
 0.000  0.025  1      2459.41989  0
 0.000  0.050  1      2032.39658  0
 0.000  0.075  1      1828.90600  0
 0.000  0.100  1      1729.57410  0
 0.000  0.125  1      1716.23283  0
 0.000  0.150  1      1567.96935  0
 0.000  0.175  1      1407.35438  0
 0.000  0.200  1      1243.35812  0
 0.000  0.225  1      1043.02565  0
 0.000  0.250  1       901.84775  0
 0.000  0.275  1       780.80560  0
 0.000  0.300  1       474.84232  0
 0.000  0.325  1       376.97286  0
 0.000  0.350  1       554.57774  0
 0.000  0.375  1       349.83380  0
 0.000  0.400  1       639.05103  0
 0.000  0.425  1       373.80726  0
 0.000  0.450  1       355.47849  0
 0.000  0.475  1         0.00000  0
 0.000  0.500  1         0.00000  0
 0.000  0.525  1         0.00000  0
 0.000  0.550  1         0.00000  0
 0.000  0.575  1         0.00000  0
 0.000  0.600  1         0.00000  0
 0.025 -0.075 -1         0.00000  0
 0.025 -0.050 -1         0.00000  0
 0.025 -0.025  1         0.00000  0
 0.025  0.000  1      3394.41754  0
 0.024  0.023  0      3581.46603  0
 0.026  0.047  0      2680.62740  0
 0.025  0.069  0      2811.11795  0
 0.025  0.092  0      2454.92703  0
 0.025  0.116  0      2307.87141  0
 0.025  0.139  0      2036.95385  0
 0.025  0.163  0      2044.00771  0
 0.025  0.186  0      1716.40075  0
 0.025  0.210  0      1704.87405  0
 0.025  0.234  0      1529.15590  0
 0.025  0.258  0      1501.61299  0
 0.025  0.282  0      1346.33488  0
 0.025  0.306  0       818.79353  0
 0.025  0.331  0      1011.69604  0
 0.025  0.355  0       742.09892  0
 0.025  0.380  0       517.22251  0
 0.025  0.404  0      1231.98792  0
 0.024  0.429  0        34.21960  0
 0.025  0.455  0       631.95576  0
 0.025  0.478  0         0.00000  0
 0.050 -0.075 -1         0.00000  0
 0.050 -0.050 -1         0.00000  0
 0.050 -0.025  1         0.00000  0
 0.050  0.000  1      3031.46761  0
 0.054  0.023  0      2580.12298  0
 0.054  0.045  0      2588.86121  0
 0.054  0.069  0      2100.20301  0
 0.053  0.092  0      2136.96682  0
 0.053  0.115  0      1947.41885  0
 0.053  0.139  0      1491.53903  0
 0.053  0.162  0      1607.43298  0
 0.052  0.186  0      1406.54772  0
 0.052  0.209  0      1196.27269  0
 0.052  0.233  0      1130.71206  0
 0.052  0.257  0      1076.51259  0
 0.051  0.281  0       968.09437  0
 0.051  0.306  0       626.54536  0
 0.051  0.330  0       643.79028  0
 0.051  0.354  0       169.61278  0
 0.051  0.379  0       100.12529  0
 0.050  0.404  0      1198.20008  0
 0.051  0.428  0       544.85450  0
 0.050  0.453  0       728.93974  0
 0.050  0.477  0         0.00000  0
 0.075 -0.075 -1         0.00000  0
 0.075 -0.050 -1         0.00000  0
 0.075 -0.025  1         0.00000  0
 0.075  0.000  1      3518.44237  0
 0.082  0.023  0      2890.84732  0
 0.080  0.046  0      2701.59103  0
 0.080  0.069  0      2532.93607  0
 0.080  0.093  0      2378.25398  0
 0.079  0.116  0      2169.26277  0
 0.079  0.139  0      2020.18507  0
 0.079  0.163  0      1918.14761  0
 0.078  0.186  0      1723.71088  0
 0.078  0.210  0      1724.44540  0
 0.077  0.234  0      1290.21818  0
 0.077  0.258  0      1062.09487  0
 0.077  0.282  0      1028.92743  0
 0.077  0.306  0       974.05044  0
 0.076  0.330  0      1108.16388  0
 0.076  0.355  0      1036.51133  0
 0.076  0.379  0       479.44994  0
 0.075  0.404  0       297.16526  0
 0.075  0.428  0       332.95780  0
 0.075  0.454  0       204.61509  0
 0.075  0.478  0         0.00000  0
 0.100 -0.075 -1         0.00000  0
 0.100 -0.050 -1         0.00000  0
 0.100 -0.025  1         0.00000  0
 0.100  0.000  1      2710.73940  0
 0.110  0.023  0      2564.49124  0
 0.109  0.046  0      2186.48637  0
 0.108  0.069  0      2222.96220  0
 0.108  0.092  0      1862.65674  0
 0.107  0.115  0      1509.74285  0
 0.107  0.138  0      1569.29404  0
 0.106  0.161  0      1409.75882  0
 0.105  0.185  0      1103.72338  0
 0.105  0.209  0      1225.16994  0
 0.104  0.232  0      1063.02838  0
 0.104  0.257  0       951.15361  0
 0.103  0.280  0       710.28170  0
 0.102  0.305  0       562.07454  0
 0.102  0.329  0       357.27135  0
 0.101  0.354  0       398.52055  0
 0.101  0.379  0       552.11114  0
 0.101  0.403  0       189.20559  0
 0.101  0.428  0        85.50432  0
 0.101  0.453  0        19.33259  0
 0.100  0.477  0         0.00000  0
 0.125 -0.075 -1         0.00000  0
 0.125 -0.050 -1         0.00000  0
 0.125 -0.025  1         0.00000  0
 0.125  0.000  1      3041.82215  0
 0.138  0.023  0      2831.91813  0
 0.136  0.045  0      2458.81670  0
 0.136  0.068  0      2111.30706  0
 0.135  0.092  0      2190.17890  0
 0.134  0.114  0      2345.27036  0
 0.133  0.138  0      1694.89101  0
 0.132  0.161  0      1809.47505  0
 0.131  0.185  0      1727.17164  0
 0.131  0.209  0      1240.06982  0
 0.130  0.232  0      1188.15893  0
 0.129  0.256  0      1155.12151  0
 0.128  0.281  0       914.12137  0
 0.128  0.305  0       863.36510  0
 0.127  0.329  0       580.23650  0
 0.127  0.354  0       314.99589  0
 0.126  0.378  0       396.89701  0
 0.126  0.403  0       472.18094  0
 0.126  0.428  0       423.81761  0
 0.125  0.453  0       240.55884  0
 0.125  0.477  0         0.00000  0
 0.150 -0.075 -1         0.00000  0
 0.150 -0.050 -1         0.00000  0
 0.150 -0.025  1         0.00000  0
 0.150  0.000  1      2443.69132  0
 0.168  0.023  0      1843.08923  0
 0.164  0.046  0      1861.81654  0
 0.164  0.067  0      2002.69795  0
 0.163  0.090  0      1426.72043  0
 0.161  0.113  0      1300.01367  0
 0.160  0.136  0      1110.35744  0
 0.159  0.159  0      1054.94666  0
 0.158  0.183  0      1010.67996  0
 0.157  0.207  0      1002.11028  0
 0.156  0.231  0       812.11484  0
 0.155  0.255  0       719.06865  0
 0.154  0.279  0       568.92107  0
 0.154  0.304  0       471.70417  0
 0.153  0.328  0       550.81450  0
 0.153  0.353  0       721.86373  0
 0.152  0.377  0       360.85894  0
 0.152  0.402  0        68.16769  0
 0.151  0.427  0         2.99330  0
 0.151  0.452  0         0.00000  0
 0.150  0.477  0         0.00000  0
 0.175 -0.075 -1         0.00000  0
 0.175 -0.050 -1         0.00000  0
 0.175 -0.025  1         0.00000  0
 0.175  0.000  1      3104.48051  0
 0.197  0.023  0      1843.77147  0
 0.193  0.044  0      1891.21579  0
 0.193  0.067  0      1880.84945  0
 0.190  0.090  0      1790.89888  0
 0.189  0.112  0      1519.94274  0
 0.187  0.136  0      1706.05718  0
 0.186  0.159  0      1615.98394  0
 0.184  0.183  0      1192.05455  0
 0.183  0.206  0      1170.73132  0
 0.182  0.230  0       786.39692  0
 0.181  0.255  0       731.59232  0
 0.180  0.279  0       658.20251  0
 0.179  0.303  0       346.31034  0
 0.178  0.328  0       155.32273  0
 0.178  0.353  0       231.85890  0
 0.177  0.377  0       261.19429  0
 0.177  0.402  0       423.18809  0
 0.176  0.427  0       214.24442  0
 0.176  0.452  0       191.34489  0
 0.175  0.476  0         0.00000  0
 0.200 -0.075 -1         0.00000  0
 0.200 -0.050 -1         0.00000  0
 0.200 -0.025  1         0.00000  0
 0.200  0.000  1      2945.69366  0
 0.229  0.023  0      1191.42766  0
 0.223  0.042  0      1806.11579  0
 0.221  0.064  0       903.36812  0
 0.219  0.087  0      1080.53972  0
 0.217  0.109  0       855.05567  0
 0.214  0.133  0       483.66701  0
 0.213  0.156  0       591.74360  0
 0.211  0.180  0       491.31520  0
 0.209  0.204  0       577.88878  0
 0.208  0.229  0       501.49110  0
 0.207  0.253  0       556.86046  0
 0.205  0.277  0       525.96361  0
 0.205  0.302  0       461.81523  0
 0.204  0.327  0       466.35197  0
 0.203  0.352  0       221.48099  0
 0.202  0.376  0       172.20342  0
 0.202  0.401  0         0.00000  0
 0.201  0.426  0         0.00000  0
 0.201  0.452  0         0.00000  0
 0.200  0.476  0         0.00000  0
 0.225 -0.075 -1         0.00000  0
 0.225 -0.050 -1         0.00000  0
 0.225 -0.025  1         0.00000  0
 0.225  0.000  1      1209.85713  0
 0.261  0.022  0      2500.07652  0
 0.255  0.043  0       471.77755  0
 0.253  0.064  0      1113.25794  0
 0.248  0.085  0      1141.11193  0
 0.245  0.108  0      1012.35597  0
 0.242  0.131  0       782.21319  0
 0.239  0.155  0       991.17198  0
 0.237  0.179  0       838.70896  0
 0.235  0.203  0       665.81138  0
 0.233  0.228  0       509.13039  0
 0.232  0.252  0       297.13125  0
 0.231  0.277  0        56.18676  0
 0.230  0.302  0        41.48980  0
 0.229  0.326  0       256.76173  0
 0.228  0.351  0       143.24021  0
 0.227  0.376  0       218.39110  0
 0.227  0.401  0       286.47267  0
 0.227  0.426  0        39.23259  0
 0.226  0.451  0       169.34576  0
 0.225  0.475  0         0.00000  0
 0.250 -0.075 -1         0.00000  0
 0.250 -0.050 -1         0.00000  0
 0.250 -0.025  1         0.00000  0
 0.250  0.000  1       540.70069  0
 0.302  0.021  0         0.00000  0
 0.289  0.032  0         0.00000  0
 0.283  0.053  0         0.00000  0
 0.277  0.078  0         0.00000  0
 0.272  0.102  0         0.00000  0
 0.268  0.126  0         0.00000  0
 0.265  0.151  0         0.00000  0
 0.262  0.176  0         0.00000  0
 0.260  0.201  0         0.00000  0
 0.258  0.225  0         0.00000  0
 0.257  0.250  0         0.00000  0
 0.256  0.275  0         0.00000  0
 0.255  0.300  0         0.00000  0
 0.254  0.325  0         0.00000  0
 0.253  0.350  0         0.00000  0
 0.252  0.375  0         0.00000  0
 0.252  0.400  0         0.00000  0
 0.251  0.425  0         0.00000  0
 0.250  0.450  0         0.00000  0
 0.250  0.475  0         0.00000  0
 0.275 -0.075 -1         0.00000  0
 0.275 -0.050 -1         0.00000  0
 0.275 -0.025  1         0.00000  0
 0.275  0.000  1      1607.66197  0
 0.300 -0.075 -1         0.00000  0
 0.300 -0.050 -1         0.00000  0
 0.300 -0.025  1         0.00000  0
 0.300  0.000  1      1715.14439  0
 0.325 -0.075 -1         0.00000  0
 0.325 -0.050 -1         0.00000  0
 0.325 -0.025  1         0.00000  0
 0.325  0.000  1         0.00000  0
 0.350 -0.075 -1         0.00000  0
 0.350 -0.050 -1         0.00000  0
 0.350 -0.025  1         0.00000  0
 0.350  0.000  1         0.00000  0
 0.375 -0.075 -1         0.00000  0
 0.375 -0.050 -1         0.00000  0
 0.375 -0.025  1         0.00000  0
 0.375  0.000  1         0.00000  0
 0.400 -0.075 -1         0.00000  0
 0.400 -0.050 -1         0.00000  0
 0.400 -0.025  1         0.00000  0
 0.400  0.000  1         0.00000  0
 0.425 -0.075 -1         0.00000  0
 0.425 -0.050 -1         0.00000  0
 0.425 -0.025  1         0.00000  0
 0.425  0.000  1         0.00000  0
 0.450 -0.075 -1         0.00000  0
 0.450 -0.050 -1         0.00000  0
 0.450 -0.025  1         0.00000  0
 0.450  0.000  1         0.00000  0
 0.475 -0.075 -1         0.00000  0
 0.475 -0.050 -1         0.00000  0
 0.475 -0.025  1         0.00000  0
 0.475  0.000  1         0.00000  0
 0.500 -0.075 -1         0.00000  0
 0.500 -0.050 -1         0.00000  0
 0.500 -0.025  1         0.00000  0
 0.500  0.000  1         0.00000  0
 0.525 -0.075 -1         0.00000  0
 0.525 -0.050 -1         0.00000  0
 0.525 -0.025  1         0.00000  0
 0.525  0.000  1         0.00000  0
 0.550 -0.075 -1         0.00000  0
 0.550 -0.050 -1         0.00000  0
 0.550 -0.025  1         0.00000  0
 0.550  0.000  1         0.00000  0
 0.575 -0.075 -1         0.00000  0
 0.575 -0.050 -1         0.00000  0
 0.575 -0.025  1         0.00000  0
 0.575  0.000  1         0.00000  0
 0.600 -0.075 -1         0.00000  0
 0.600 -0.050 -1         0.00000  0
 0.600 -0.025  1         0.00000  0
 0.600  0.000  1         0.00000  0
 0.625 -0.075 -1         0.00000  0
 0.625 -0.050 -1         0.00000  0
 0.625 -0.025  1         0.00000  0
 0.625  0.000  1         0.00000  0
 0.650 -0.075 -1         0.00000  0
 0.650 -0.050 -1         0.00000  0
 0.650 -0.025  1         0.00000  0
 0.650  0.000  1         0.00000  0
 0.675 -0.075 -1         0.00000  0
 0.675 -0.050 -1         0.00000  0
 0.675 -0.025  1         0.00000  0
 0.675  0.000  1         0.00000  0
 0.700 -0.075 -1         0.00000  0
 0.700 -0.050 -1         0.00000  0
 0.700 -0.025  1         0.00000  0
 0.700  0.000  1         0.00000  0
 0.725 -0.075 -1         0.00000  0
 0.725 -0.050 -1         0.00000  0
 0.725 -0.025  1         0.00000  0
 0.725  0.000  1         0.00000  0
 0.750 -0.075 -1         0.00000  0
 0.750 -0.050 -1         0.00000  0
 0.750 -0.025  1         0.00000  0
 0.750  0.000  1         0.00000  0
 0.775 -0.075 -1         0.00000  0
 0.775 -0.050 -1         0.00000  0
 0.775 -0.025  1         0.00000  0
 0.775  0.000  1         0.00000  0
 0.800 -0.075 -1         0.00000  0
 0.800 -0.050 -1         0.00000  0
 0.800 -0.025  1         0.00000  0
 0.800  0.000  1         0.00000  0
 0.825 -0.075 -1         0.00000  0
 0.825 -0.050 -1         0.00000  0
 0.825 -0.025  1         0.00000  0
 0.825  0.000  1         0.00000  0
 0.850 -0.075 -1         0.00000  0
 0.850 -0.050 -1         0.00000  0
 0.850 -0.025  1         0.00000  0
 0.850  0.000  1         0.00000  0
 0.875 -0.075 -1         0.00000  0
 0.875 -0.050 -1         0.00000  0
 0.875 -0.025  1         0.00000  0
 0.875  0.000  1         0.00000  0
 0.900 -0.075 -1         0.00000  0
 0.900 -0.050 -1         0.00000  0
 0.900 -0.025  1         0.00000  0
 0.900  0.000  1         0.00000  0
 0.925 -0.075 -1         0.00000  0
 0.925 -0.050 -1         0.00000  0
 0.925 -0.025  1         0.00000  0
 0.925  0.000  1         0.00000  0
 0.950 -0.075 -1         0.00000  0
 0.950 -0.050 -1         0.00000  0
 0.950 -0.025  1         0.00000  0
 0.950  0.000  1         0.00000  0
 0.975 -0.075 -1         0.00000  0
 0.975 -0.050 -1         0.00000  0
 0.975 -0.025  1         0.00000  0
 0.975  0.000  1         0.00000  0
 1.000 -0.075 -1         0.00000  0
 1.000 -0.050 -1         0.00000  0
 1.000 -0.025  1         0.00000  0
 1.000  0.000  1         0.00000  0
 1.025 -0.075 -1         0.00000  0
 1.025 -0.050 -1         0.00000  0
 1.025 -0.025  1         0.00000  0
 1.025  0.000  1         0.00000  0
 1.025  0.025  1         0.00000  0
 1.025  0.050  1         0.00000  0
 1.025  0.075  1         0.00000  0
 1.025  0.100  1         0.00000  0
 1.025  0.125  1         0.00000  0
 1.025  0.150  1         0.00000  0
 1.025  0.175  1         0.00000  0
 1.025  0.200  1         0.00000  0
 1.025  0.225  1         0.00000  0
 1.025  0.250  1         0.00000  0
 1.025  0.275  1         0.00000  0
 1.025  0.300  1         0.00000  0
 1.025  0.325  1         0.00000  0
 1.025  0.350  1         0.00000  0
 1.025  0.375  1         0.00000  0
 1.025  0.400  1         0.00000  0
 1.025  0.425  1         0.00000  0
 1.025  0.450  1         0.00000  0
 1.025  0.475  1         0.00000  0
 1.025  0.500  1         0.00000  0
 1.025  0.525  1         0.00000  0
 1.025  0.550  1         0.00000  0
 1.025  0.575  1         0.00000  0
 1.025  0.600  1         0.00000  0
 1.050 -0.075 -1         0.00000  0
 1.050 -0.050 -1         0.00000  0
 1.050 -0.025  1         0.00000  0
 1.050  0.000  1         0.00000  0
 1.050  0.025  1         0.00000  0
 1.050  0.050  1         0.00000  0
 1.050  0.075  1         0.00000  0
 1.050  0.100  1         0.00000  0
 1.050  0.125  1         0.00000  0
 1.050  0.150  1         0.00000  0
 1.050  0.175  1         0.00000  0
 1.050  0.200  1         0.00000  0
 1.050  0.225  1         0.00000  0
 1.050  0.250  1         0.00000  0
 1.050  0.275  1         0.00000  0
 1.050  0.300  1         0.00000  0
 1.050  0.325  1         0.00000  0
 1.050  0.350  1         0.00000  0
 1.050  0.375  1         0.00000  0
 1.050  0.400  1         0.00000  0
 1.050  0.425  1         0.00000  0
 1.050  0.450  1         0.00000  0
 1.050  0.475  1         0.00000  0
 1.050  0.500  1         0.00000  0
 1.050  0.525  1         0.00000  0
 1.050  0.550  1         0.00000  0
 1.050  0.575  1         0.00000  0
 1.050  0.600  1         0.00000  0
 1.075 -0.075 -1         0.00000  0
 1.075 -0.050 -1         0.00000  0
 1.075 -0.025 -1         0.00000  0
 1.075  0.000 -1         0.00000  0
 1.075  0.025 -1         0.00000  0
 1.075  0.050 -1         0.00000  0
 1.075  0.075 -1         0.00000  0
 1.075  0.100 -1         0.00000  0
 1.075  0.125 -1         0.00000  0
 1.075  0.150 -1         0.00000  0
 1.075  0.175 -1         0.00000  0
 1.075  0.200 -1         0.00000  0
 1.075  0.225 -1         0.00000  0
 1.075  0.250 -1         0.00000  0
 1.075  0.275 -1         0.00000  0
 1.075  0.300 -1         0.00000  0
 1.075  0.325 -1         0.00000  0
 1.075  0.350 -1         0.00000  0
 1.075  0.375 -1         0.00000  0
 1.075  0.400 -1         0.00000  0
 1.075  0.425 -1         0.00000  0
 1.075  0.450 -1         0.00000  0
 1.075  0.475 -1         0.00000  0
 1.075  0.500 -1         0.00000  0
 1.075  0.525 -1         0.00000  0
 1.075  0.550 -1         0.00000  0
 1.075  0.575  1         0.00000  0
 1.075  0.600  1         0.00000  0
 1.100 -0.075 -1         0.00000  0
 1.100 -0.050 -1         0.00000  0
 1.100 -0.025 -1         0.00000  0
 1.100  0.000 -1         0.00000  0
 1.100  0.025 -1         0.00000  0
 1.100  0.050 -1         0.00000  0
 1.100  0.075 -1         0.00000  0
 1.100  0.100 -1         0.00000  0
 1.100  0.125 -1         0.00000  0
 1.100  0.150 -1         0.00000  0
 1.100  0.175 -1         0.00000  0
 1.100  0.200 -1         0.00000  0
 1.100  0.225 -1         0.00000  0
 1.100  0.250 -1         0.00000  0
 1.100  0.275 -1         0.00000  0
 1.100  0.300 -1         0.00000  0
 1.100  0.325 -1         0.00000  0
 1.100  0.350 -1         0.00000  0
 1.100  0.375 -1         0.00000  0
 1.100  0.400 -1         0.00000  0
 1.100  0.425 -1         0.00000  0
 1.100  0.450 -1         0.00000  0
 1.100  0.475 -1         0.00000  0
 1.100  0.500 -1         0.00000  0
 1.100  0.525 -1         0.00000  0
 1.100  0.550 -1         0.00000  0
 1.100  0.575  1         0.00000  0
 1.100  0.600  1         0.00000  0
