-0.075 -0.075 -1         0.00000  0
-0.075 -0.050 -1         0.00000  0
-0.075 -0.025 -1         0.00000  0
-0.075  0.000 -1         0.00000  0
-0.075  0.025 -1         0.00000  0
-0.075  0.050 -1         0.00000  0
-0.075  0.075 -1         0.00000  0
-0.075  0.100 -1         0.00000  0
-0.075  0.125 -1         0.00000  0
-0.075  0.150 -1         0.00000  0
-0.075  0.175 -1         0.00000  0
-0.075  0.200 -1         0.00000  0
-0.075  0.225 -1         0.00000  0
-0.075  0.250 -1         0.00000  0
-0.075  0.275 -1         0.00000  0
-0.075  0.300 -1         0.00000  0
-0.075  0.325 -1         0.00000  0
-0.075  0.350 -1         0.00000  0
-0.075  0.375 -1         0.00000  0
-0.075  0.400 -1         0.00000  0
-0.075  0.425 -1         0.00000  0
-0.075  0.450 -1         0.00000  0
-0.075  0.475 -1         0.00000  0
-0.075  0.500 -1         0.00000  0
-0.075  0.525 -1         0.00000  0
-0.075  0.550 -1         0.00000  0
-0.075  0.575  1         0.00000  0
-0.075  0.600  1         0.00000  0
-0.050 -0.075 -1         0.00000  0
-0.050 -0.050 -1         0.00000  0
-0.050 -0.025 -1         0.00000  0
-0.050  0.000 -1         0.00000  0
-0.050  0.025 -1         0.00000  0
-0.050  0.050 -1         0.00000  0
-0.050  0.075 -1         0.00000  0
-0.050  0.100 -1         0.00000  0
-0.050  0.125 -1         0.00000  0
-0.050  0.150 -1         0.00000  0
-0.050  0.175 -1         0.00000  0
-0.050  0.200 -1         0.00000  0
-0.050  0.225 -1         0.00000  0
-0.050  0.250 -1         0.00000  0
-0.050  0.275 -1         0.00000  0
-0.050  0.300 -1         0.00000  0
-0.050  0.325 -1         0.00000  0
-0.050  0.350 -1         0.00000  0
-0.050  0.375 -1         0.00000  0
-0.050  0.400 -1         0.00000  0
-0.050  0.425 -1         0.00000  0
-0.050  0.450 -1         0.00000  0
-0.050  0.475 -1         0.00000  0
-0.050  0.500 -1         0.00000  0
-0.050  0.525 -1         0.00000  0
-0.050  0.550 -1         0.00000  0
-0.050  0.575  1         0.00000  0
-0.050  0.600  1         0.00000  0
-0.025 -0.075 -1         0.00000  0
-0.025 -0.050 -1         0.00000  0
-0.025 -0.025  1         0.00000  0
-0.025  0.000  1         0.00000  0
-0.025  0.025  1         0.00000  0
-0.025  0.050  1         0.00000  0
-0.025  0.075  1         0.00000  0
-0.025  0.100  1         0.00000  0
-0.025  0.125  1         0.00000  0
-0.025  0.150  1         0.00000  0
-0.025  0.175  1         0.00000  0
-0.025  0.200  1         0.00000  0
-0.025  0.225  1         0.00000  0
-0.025  0.250  1         0.00000  0
-0.025  0.275  1         0.00000  0
-0.025  0.300  1         0.00000  0
-0.025  0.325  1         0.00000  0
-0.025  0.350  1         0.00000  0
-0.025  0.375  1         0.00000  0
-0.025  0.400  1         0.00000  0
-0.025  0.425  1         0.00000  0
-0.025  0.450  1         0.00000  0
-0.025  0.475  1         0.00000  0
-0.025  0.500  1         0.00000  0
-0.025  0.525  1         0.00000  0
-0.025  0.550  1         0.00000  0
-0.025  0.575  1         0.00000  0
-0.025  0.600  1         0.00000  0
 0.000 -0.075 -1         0.00000  0
 0.000 -0.050 -1         0.00000  0
 0.000 -0.025  1         0.00000  0
 0.000  0.000  1       293.52749  0
 0.000  0.025  1       762.96538  0
 0.000  0.050  1         0.00000  0
 0.000  0.075  1      3045.13804  0
 0.000  0.100  1       321.21773  0
 0.000  0.125  1      2743.52327  0
 0.000  0.150  1         0.00000  0
 0.000  0.175  1         0.00000  0
 0.000  0.200  1         0.00000  0
 0.000  0.225  1         0.00000  0
 0.000  0.250  1         0.00000  0
 0.000  0.275  1         0.00000  0
 0.000  0.300  1         0.00000  0
 0.000  0.325  1         0.00000  0
 0.000  0.350  1         0.00000  0
 0.000  0.375  1         0.00000  0
 0.000  0.400  1         0.00000  0
 0.000  0.425  1         0.00000  0
 0.000  0.450  1         0.00000  0
 0.000  0.475  1         0.00000  0
 0.000  0.500  1         0.00000  0
 0.000  0.525  1         0.00000  0
 0.000  0.550  1         0.00000  0
 0.000  0.575  1         0.00000  0
 0.000  0.600  1         0.00000  0
 0.025 -0.075 -1         0.00000  0
 0.025 -0.050 -1         0.00000  0
 0.025 -0.025  1         0.00000  0
 0.025  0.000  1      1817.90727  0
 0.065  0.020  0      2606.86940  0
 0.163  0.039  0      1712.50765  0
 0.097  0.025  0       286.48880  0
 0.191  0.076  0      2210.98463  0
 0.025  0.023  0      2206.69420  0
 0.077  0.045  0      1561.86137  0
 0.052  0.039  0       768.28745  0
 0.137  0.072  0      1133.95885  0
 0.112  0.043  0      1673.50735  0
 0.063  0.069  0      2089.70456  0
 0.082  0.082  0         0.00000  0
 0.025  0.046  0      1408.72307  0
 0.018  0.085  0       959.32624  0
 0.035  0.135  0         0.00000  0
 0.036  0.101  0      1059.73985  0
 0.085  0.114  0      2014.59301  0
 0.054  0.164  0         0.00000  0
 0.064  0.165  0         0.00000  0
 0.087  0.136  0         0.00000  0
 0.018  0.136  0        95.59713  0
 0.050 -0.075 -1         0.00000  0
 0.050 -0.050 -1         0.00000  0
 0.050 -0.025  1         0.00000  0
 0.050  0.000  1         0.00000  0
 0.124  0.025  0      2826.17917  0
 0.188  0.022  0      1761.62392  0
 0.216  0.085  0       494.90038  0
 0.189  0.043  0       950.76219  0
 0.137  0.055  0         0.00000  0
 0.172  0.060  0       735.74784  0
 0.169  0.088  0         0.00000  0
 0.199  0.120  0         0.00000  0
 0.094  0.059  0      1959.71457  0
 0.105  0.081  0       812.10397  0
 0.107  0.103  0      1556.21687  0
 0.239  0.086  0      1486.30126  0
 0.040  0.061  0      1806.80076  0
 0.186  0.137  0       507.21087  0
 0.051  0.091  0        44.80199  0
 0.059  0.115  0         9.05593  0
 0.133  0.116  0      1514.67822  0
 0.065  0.136  0        94.06544  0
 0.105  0.134  0         0.00000  0
 0.124  0.144  0         0.00000  0
 0.075 -0.075 -1         0.00000  0
 0.075 -0.050 -1         0.00000  0
 0.075 -0.025  1         0.00000  0
 0.075  0.000  1      2836.15935  0
 0.221  0.021  0         0.00000  0
 0.150  0.023  0      1427.50760  0
 0.364  0.026  0       813.45117  0
 0.259  0.021  0      2951.39662  0
 0.295  0.022  0      1553.71741  0
 0.226  0.044  0      1352.64006  0
 0.286  0.039  0      1006.39153  0
 0.213  0.057  0       744.65318  0
 0.247  0.059  0         0.00000  0
 0.191  0.098  0       817.97571  0
 0.256  0.040  0      1137.11917  0
 0.133  0.094  0       456.74671  0
 0.284  0.071  0         0.00000  0
 0.221  0.140  0       140.70461  1
 0.156  0.106  0      1436.84747  0
 0.160  0.127  0         0.00000  0
 0.263  0.161  0         0.00000  0
 0.138  0.150  0         0.00000  0
 0.225  0.150  0         0.00000  1
 0.179  0.149  0         0.00000  0
 0.100 -0.075 -1         0.00000  0
 0.100 -0.050 -1         0.00000  0
 0.100 -0.025  1         0.00000  0
 0.100  0.000  1      1062.00873  0
 0.475  0.028  0       397.70395  0
 0.439  0.022  0       272.12942  0
 0.406  0.023  0       843.64745  0
 0.331  0.021  0         0.00000  0
 0.384  0.030  0       633.35919  0
 0.326  0.042  0       810.53066  0
 0.410  0.049  0         0.00000  0
 0.464  0.043  0         0.00000  0
 0.416  0.107  0         0.00000  0
 0.352  0.046  0      1746.33178  0
 0.452  0.062  0       305.59042  0
 0.303  0.055  0      1764.01181  0
 0.393  0.062  0       686.44938  0
 0.333  0.067  0       338.44043  0
 0.313  0.076  0       790.49973  0
 0.263  0.079  0      1388.51339  0
 0.247  0.112  0         0.00000  0
 0.223  0.110  0         0.00000  0
 0.286  0.141  0         0.00000  0
 0.264  0.104  0      1109.51621  0
 0.125 -0.075 -1         0.00000  0
 0.125 -0.050 -1         0.00000  0
 0.125 -0.025  1         0.00000  0
 0.125  0.000  1      1700.61762  0
 0.523  0.019  0      1369.13991  0
 0.547  0.040  0       444.01222  0
 0.560  0.027  0      1008.27977  0
 0.430  0.039  0         0.00000  0
 0.611  0.046  0         0.00000  0
 0.674  0.023  0         0.00000  0
 0.648  0.039  0      1295.12558  0
 0.606  0.024  0       877.73328  0
 0.576  0.069  0       336.53826  0
 0.496  0.030  0         0.00000  0
 0.527  0.047  0       810.31007  0
 0.506  0.050  0       148.08167  0
 0.398  0.112  0         0.00000  0
 0.433  0.098  0         0.00000  0
 0.365  0.061  0         0.00000  0
 0.296  0.095  0       480.51892  0
 0.347  0.088  0       215.29075  0
 0.283  0.116  0         0.00000  0
 0.311  0.119  0       809.46782  0
 0.304  0.138  0         0.00000  0
 0.150 -0.075 -1         0.00000  0
 0.150 -0.050 -1         0.00000  0
 0.150 -0.025  1         0.00000  0
 0.150  0.000  1       967.01785  0
 0.897  0.048  0      3069.91655  0
 0.636  0.021  0         0.00000  0
 0.893  0.025  0      3057.15605  0
 0.709  0.048  0      1960.44313  0
 0.910  0.074  0      1284.15729  0
 0.758  0.029  0        39.40859  0
 0.712  0.023  0      1852.47406  0
 0.583  0.027  0        29.56516  0
 0.693  0.040  0         0.00000  0
 0.641  0.077  0       931.31228  0
 0.582  0.053  0       135.42710  0
 0.551  0.075  0         0.00000  0
 0.486  0.071  0         0.00000  0
 0.431  0.124  0         0.00000  0
 0.421  0.077  0         0.00000  0
 0.367  0.089  0      1423.41955  0
 0.396  0.081  0         0.00000  0
 0.374  0.112  0         0.00000  0
 0.351  0.113  0         0.00000  0
 0.323  0.107  0         0.00000  0
 0.175 -0.075 -1         0.00000  0
 0.175 -0.050 -1         0.00000  0
 0.175 -0.025  1         0.00000  0
 0.175  0.000  1         0.00000  0
 0.961  0.025  0      2813.75363  0
 0.917  0.027  0      1036.89953  0
 0.964  0.059  0      3130.15449  0
 0.930  0.097  0         0.00000  0
 0.948  0.087  0      2302.09927  0
 0.954  0.157  0      1003.36208  0
 0.918  0.133  0         0.00000  0
 0.735  0.025  0       386.30052  0
 0.840  0.027  0       551.56562  0
 0.702  0.070  0         0.00000  0
 0.814  0.055  0      1063.60509  0
 0.795  0.060  0         0.00000  0
 0.736  0.058  0      1387.17845  0
 0.621  0.061  0         0.00000  0
 0.634  0.092  0         0.00000  0
 0.506  0.080  0         0.00000  0
 0.583  0.093  0         0.00000  0
 0.491  0.102  0         0.00000  0
 0.473  0.097  0         0.00000  0
 0.455  0.077  0         0.00000  0
 0.200 -0.075 -1         0.00000  0
 0.200 -0.050 -1         0.00000  0
 0.200 -0.025  1         0.00000  0
 0.200  0.000  1        77.34069  0
 0.982  0.049  0      1851.68113  0
 0.986  0.024  0      4894.83284  0
 1.000  0.112  0       251.81647  0
 1.005  0.207  0         0.00000  0
 0.999  0.067  0         0.00000  0
 0.939  0.025  0      1988.25067  0
 0.944  0.146  0         0.00000  0
 0.990  0.274  0         0.00000  0
 0.953  0.187  0         0.00000  0
 0.872  0.068  0      1115.53669  0
 0.779  0.033  0       568.41127  0
 0.867  0.024  0         0.00000  0
 0.871  0.048  0      2115.41364  0
 0.793  0.021  0      2761.70363  0
 0.805  0.073  0         0.00000  0
 0.695  0.092  0         0.00000  0
 0.677  0.091  0         0.00000  0
 0.639  0.106  0         0.00000  0
 0.594  0.093  0         0.00000  0
 0.523  0.075  0         0.00000  0
 0.225 -0.075 -1         0.00000  0
 0.225 -0.050 -1         0.00000  0
 0.225 -0.025  1         0.00000  0
 0.225  0.000  1      1508.76302  0
 0.997  0.161  0         0.00000  0
 0.978  0.313  0         0.00000  0
 0.935  0.517  0         0.00000  0
 0.938  0.457  0         0.00000  0
 1.006  0.273  0         0.00000  0
 0.998  0.142  0      2263.73242  0
 1.000  0.414  0         0.00000  0
 0.970  0.091  0      4525.58304  0
 0.974  0.122  0      1369.94125  0
 0.945  0.056  0      1322.91082  0
 0.988  0.098  0      4582.13150  0
 0.951  0.115  0      3674.62674  0
 0.974  0.149  0      1906.32810  0
 0.895  0.100  0         0.00000  0
 0.888  0.080  0         0.00000  0
 0.848  0.071  0         0.00000  0
 0.824  0.027  0      1274.25191  0
 0.749  0.072  0         0.00000  0
 0.678  0.073  0         0.00000  0
 0.547  0.090  0         0.00000  0
 0.250 -0.075 -1         0.00000  0
 0.250 -0.050 -1         0.00000  0
 0.250 -0.025  1         0.00000  0
 0.250  0.000  1      1078.14119  0
 0.978  0.536  0         0.00000  0
 1.002  0.553  0         0.00000  0
 0.951  0.487  0         0.00000  0
 0.995  0.218  0         0.00000  0
 1.007  0.036  0      8915.67843  0
 0.976  0.506  0         0.00000  0
 0.945  0.219  0         0.00000  0
 1.004  0.445  0         0.00000  0
 0.997  0.323  0         0.00000  0
 0.953  0.210  0         0.00000  0
 0.956  0.334  0         0.00000  0
 0.984  0.179  0         0.00000  0
 0.988  0.340  0         0.00000  0
 0.971  0.295  0         0.00000  0
 0.968  0.282  0         0.00000  0
 0.927  0.122  0      1082.12989  0
 0.923  0.060  0      1266.77093  0
 0.835  0.065  0         0.00000  0
 0.753  0.056  0      1015.70616  0
 0.651  0.055  0         0.00000  0
 0.275 -0.075 -1         0.00000  0
 0.275 -0.050 -1         0.00000  0
 0.275 -0.025  1         0.00000  0
 0.275  0.000  1      1355.43679  0
 0.300 -0.075 -1         0.00000  0
 0.300 -0.050 -1         0.00000  0
 0.300 -0.025  1         0.00000  0
 0.300  0.000  1       455.72190  0
 0.325 -0.075 -1         0.00000  0
 0.325 -0.050 -1         0.00000  0
 0.325 -0.025  1         0.00000  0
 0.325  0.000  1       462.12203  0
 0.350 -0.075 -1         0.00000  0
 0.350 -0.050 -1         0.00000  0
 0.350 -0.025  1         0.00000  0
 0.350  0.000  1         0.00000  0
 0.375 -0.075 -1         0.00000  0
 0.375 -0.050 -1         0.00000  0
 0.375 -0.025  1         0.00000  0
 0.375  0.000  1         0.00000  0
 0.400 -0.075 -1         0.00000  0
 0.400 -0.050 -1         0.00000  0
 0.400 -0.025  1         0.00000  0
 0.400  0.000  1       347.87158  0
 0.425 -0.075 -1         0.00000  0
 0.425 -0.050 -1         0.00000  0
 0.425 -0.025  1         0.00000  0
 0.425  0.000  1         0.00000  0
 0.450 -0.075 -1         0.00000  0
 0.450 -0.050 -1         0.00000  0
 0.450 -0.025  1         0.00000  0
 0.450  0.000  1         0.00000  0
 0.475 -0.075 -1         0.00000  0
 0.475 -0.050 -1         0.00000  0
 0.475 -0.025  1         0.00000  0
 0.475  0.000  1         0.00000  0
 0.500 -0.075 -1         0.00000  0
 0.500 -0.050 -1         0.00000  0
 0.500 -0.025  1         0.00000  0
 0.500  0.000  1         0.00000  0
 0.525 -0.075 -1         0.00000  0
 0.525 -0.050 -1         0.00000  0
 0.525 -0.025  1         0.00000  0
 0.525  0.000  1      3597.65798  0
 0.550 -0.075 -1         0.00000  0
 0.550 -0.050 -1         0.00000  0
 0.550 -0.025  1         0.00000  0
 0.550  0.000  1         0.00000  0
 0.575 -0.075 -1         0.00000  0
 0.575 -0.050 -1         0.00000  0
 0.575 -0.025  1         0.00000  0
 0.575  0.000  1         0.00000  0
 0.600 -0.075 -1         0.00000  0
 0.600 -0.050 -1         0.00000  0
 0.600 -0.025  1         0.00000  0
 0.600  0.000  1       480.21489  0
 0.625 -0.075 -1         0.00000  0
 0.625 -0.050 -1         0.00000  0
 0.625 -0.025  1         0.00000  0
 0.625  0.000  1        52.51595  0
 0.650 -0.075 -1         0.00000  0
 0.650 -0.050 -1         0.00000  0
 0.650 -0.025  1         0.00000  0
 0.650  0.000  1         0.00000  0
 0.675 -0.075 -1         0.00000  0
 0.675 -0.050 -1         0.00000  0
 0.675 -0.025  1         0.00000  0
 0.675  0.000  1         0.00000  0
 0.700 -0.075 -1         0.00000  0
 0.700 -0.050 -1         0.00000  0
 0.700 -0.025  1         0.00000  0
 0.700  0.000  1         0.00000  0
 0.725 -0.075 -1         0.00000  0
 0.725 -0.050 -1         0.00000  0
 0.725 -0.025  1         0.00000  0
 0.725  0.000  1         0.00000  0
 0.750 -0.075 -1         0.00000  0
 0.750 -0.050 -1         0.00000  0
 0.750 -0.025  1         0.00000  0
 0.750  0.000  1         0.00000  0
 0.775 -0.075 -1         0.00000  0
 0.775 -0.050 -1         0.00000  0
 0.775 -0.025  1         0.00000  0
 0.775  0.000  1       449.56494  0
 0.800 -0.075 -1         0.00000  0
 0.800 -0.050 -1         0.00000  0
 0.800 -0.025  1         0.00000  0
 0.800  0.000  1      2326.17521  0
 0.825 -0.075 -1         0.00000  0
 0.825 -0.050 -1         0.00000  0
 0.825 -0.025  1         0.00000  0
 0.825  0.000  1       155.14058  0
 0.850 -0.075 -1         0.00000  0
 0.850 -0.050 -1         0.00000  0
 0.850 -0.025  1         0.00000  0
 0.850  0.000  1         0.00000  0
 0.875 -0.075 -1         0.00000  0
 0.875 -0.050 -1         0.00000  0
 0.875 -0.025  1         0.00000  0
 0.875  0.000  1       261.06158  0
 0.900 -0.075 -1         0.00000  0
 0.900 -0.050 -1         0.00000  0
 0.900 -0.025  1         0.00000  0
 0.900  0.000  1      1250.40848  0
 0.925 -0.075 -1         0.00000  0
 0.925 -0.050 -1         0.00000  0
 0.925 -0.025  1         0.00000  0
 0.925  0.000  1      1518.34123  0
 0.950 -0.075 -1         0.00000  0
 0.950 -0.050 -1         0.00000  0
 0.950 -0.025  1         0.00000  0
 0.950  0.000  1      2526.95271  0
 0.975 -0.075 -1         0.00000  0
 0.975 -0.050 -1         0.00000  0
 0.975 -0.025  1         0.00000  0
 0.975  0.000  1      1969.76630  0
 1.000 -0.075 -1         0.00000  0
 1.000 -0.050 -1         0.00000  0
 1.000 -0.025  1         0.00000  0
 1.000  0.000  1         0.00000  0
 1.025 -0.075 -1         0.00000  0
 1.025 -0.050 -1         0.00000  0
 1.025 -0.025  1         0.00000  0
 1.025  0.000  1       276.09091  0
 1.025  0.025  1      6611.70439  0
 1.025  0.050  1      4635.07867  0
 1.025  0.075  1         0.00000  0
 1.025  0.100  1         0.00000  0
 1.025  0.125  1         0.00000  0
 1.025  0.150  1         0.00000  0
 1.025  0.175  1         0.00000  0
 1.025  0.200  1       663.53157  0
 1.025  0.225  1         0.00000  0
 1.025  0.250  1         0.00000  0
 1.025  0.275  1      1657.20077  0
 1.025  0.300  1         0.00000  0
 1.025  0.325  1         0.00000  0
 1.025  0.350  1         0.00000  0
 1.025  0.375  1         0.00000  0
 1.025  0.400  1         0.00000  0
 1.025  0.425  1         0.00000  0
 1.025  0.450  1         0.00000  0
 1.025  0.475  1         0.00000  0
 1.025  0.500  1         0.00000  0
 1.025  0.525  1         0.00000  0
 1.025  0.550  1         0.00000  0
 1.025  0.575  1         0.00000  0
 1.025  0.600  1         0.00000  0
 1.050 -0.075 -1         0.00000  0
 1.050 -0.050 -1         0.00000  0
 1.050 -0.025  1         0.00000  0
 1.050  0.000  1         0.00000  0
 1.050  0.025  1         0.00000  0
 1.050  0.050  1         0.00000  0
 1.050  0.075  1         0.00000  0
 1.050  0.100  1         0.00000  0
 1.050  0.125  1         0.00000  0
 1.050  0.150  1         0.00000  0
 1.050  0.175  1         0.00000  0
 1.050  0.200  1         0.00000  0
 1.050  0.225  1         0.00000  0
 1.050  0.250  1         0.00000  0
 1.050  0.275  1         0.00000  0
 1.050  0.300  1         0.00000  0
 1.050  0.325  1         0.00000  0
 1.050  0.350  1         0.00000  0
 1.050  0.375  1         0.00000  0
 1.050  0.400  1         0.00000  0
 1.050  0.425  1         0.00000  0
 1.050  0.450  1         0.00000  0
 1.050  0.475  1         0.00000  0
 1.050  0.500  1         0.00000  0
 1.050  0.525  1         0.00000  0
 1.050  0.550  1         0.00000  0
 1.050  0.575  1         0.00000  0
 1.050  0.600  1         0.00000  0
 1.075 -0.075 -1         0.00000  0
 1.075 -0.050 -1         0.00000  0
 1.075 -0.025 -1         0.00000  0
 1.075  0.000 -1         0.00000  0
 1.075  0.025 -1         0.00000  0
 1.075  0.050 -1         0.00000  0
 1.075  0.075 -1         0.00000  0
 1.075  0.100 -1         0.00000  0
 1.075  0.125 -1         0.00000  0
 1.075  0.150 -1         0.00000  0
 1.075  0.175 -1         0.00000  0
 1.075  0.200 -1         0.00000  0
 1.075  0.225 -1         0.00000  0
 1.075  0.250 -1         0.00000  0
 1.075  0.275 -1         0.00000  0
 1.075  0.300 -1         0.00000  0
 1.075  0.325 -1         0.00000  0
 1.075  0.350 -1         0.00000  0
 1.075  0.375 -1         0.00000  0
 1.075  0.400 -1         0.00000  0
 1.075  0.425 -1         0.00000  0
 1.075  0.450 -1         0.00000  0
 1.075  0.475 -1         0.00000  0
 1.075  0.500 -1         0.00000  0
 1.075  0.525 -1         0.00000  0
 1.075  0.550 -1         0.00000  0
 1.075  0.575  1         0.00000  0
 1.075  0.600  1         0.00000  0
 1.100 -0.075 -1         0.00000  0
 1.100 -0.050 -1         0.00000  0
 1.100 -0.025 -1         0.00000  0
 1.100  0.000 -1         0.00000  0
 1.100  0.025 -1         0.00000  0
 1.100  0.050 -1         0.00000  0
 1.100  0.075 -1         0.00000  0
 1.100  0.100 -1         0.00000  0
 1.100  0.125 -1         0.00000  0
 1.100  0.150 -1         0.00000  0
 1.100  0.175 -1         0.00000  0
 1.100  0.200 -1         0.00000  0
 1.100  0.225 -1         0.00000  0
 1.100  0.250 -1         0.00000  0
 1.100  0.275 -1         0.00000  0
 1.100  0.300 -1         0.00000  0
 1.100  0.325 -1         0.00000  0
 1.100  0.350 -1         0.00000  0
 1.100  0.375 -1         0.00000  0
 1.100  0.400 -1         0.00000  0
 1.100  0.425 -1         0.00000  0
 1.100  0.450 -1         0.00000  0
 1.100  0.475 -1         0.00000  0
 1.100  0.500 -1         0.00000  0
 1.100  0.525 -1         0.00000  0
 1.100  0.550 -1         0.00000  0
 1.100  0.575  1         0.00000  0
 1.100  0.600  1         0.00000  0
