-0.075 -0.075 -1         0.00000  0
-0.075 -0.050 -1         0.00000  0
-0.075 -0.025 -1         0.00000  0
-0.075  0.000 -1         0.00000  0
-0.075  0.025 -1         0.00000  0
-0.075  0.050 -1         0.00000  0
-0.075  0.075 -1         0.00000  0
-0.075  0.100 -1         0.00000  0
-0.075  0.125 -1         0.00000  0
-0.075  0.150 -1         0.00000  0
-0.075  0.175 -1         0.00000  0
-0.075  0.200 -1         0.00000  0
-0.075  0.225 -1         0.00000  0
-0.075  0.250 -1         0.00000  0
-0.075  0.275 -1         0.00000  0
-0.075  0.300 -1         0.00000  0
-0.075  0.325 -1         0.00000  0
-0.075  0.350 -1         0.00000  0
-0.075  0.375 -1         0.00000  0
-0.075  0.400 -1         0.00000  0
-0.075  0.425 -1         0.00000  0
-0.075  0.450 -1         0.00000  0
-0.075  0.475 -1         0.00000  0
-0.075  0.500 -1         0.00000  0
-0.075  0.525 -1         0.00000  0
-0.075  0.550 -1         0.00000  0
-0.075  0.575  1         0.00000  0
-0.075  0.600  1         0.00000  0
-0.050 -0.075 -1         0.00000  0
-0.050 -0.050 -1         0.00000  0
-0.050 -0.025 -1         0.00000  0
-0.050  0.000 -1         0.00000  0
-0.050  0.025 -1         0.00000  0
-0.050  0.050 -1         0.00000  0
-0.050  0.075 -1         0.00000  0
-0.050  0.100 -1         0.00000  0
-0.050  0.125 -1         0.00000  0
-0.050  0.150 -1         0.00000  0
-0.050  0.175 -1         0.00000  0
-0.050  0.200 -1         0.00000  0
-0.050  0.225 -1         0.00000  0
-0.050  0.250 -1         0.00000  0
-0.050  0.275 -1         0.00000  0
-0.050  0.300 -1         0.00000  0
-0.050  0.325 -1         0.00000  0
-0.050  0.350 -1         0.00000  0
-0.050  0.375 -1         0.00000  0
-0.050  0.400 -1         0.00000  0
-0.050  0.425 -1         0.00000  0
-0.050  0.450 -1         0.00000  0
-0.050  0.475 -1         0.00000  0
-0.050  0.500 -1         0.00000  0
-0.050  0.525 -1         0.00000  0
-0.050  0.550 -1         0.00000  0
-0.050  0.575  1         0.00000  0
-0.050  0.600  1         0.00000  0
-0.025 -0.075 -1         0.00000  0
-0.025 -0.050 -1         0.00000  0
-0.025 -0.025  1         0.00000  0
-0.025  0.000  1         0.00000  0
-0.025  0.025  1         0.00000  0
-0.025  0.050  1         0.00000  0
-0.025  0.075  1         0.00000  0
-0.025  0.100  1         0.00000  0
-0.025  0.125  1         0.00000  0
-0.025  0.150  1         0.00000  0
-0.025  0.175  1         0.00000  0
-0.025  0.200  1         0.00000  0
-0.025  0.225  1         0.00000  0
-0.025  0.250  1         0.00000  0
-0.025  0.275  1         0.00000  0
-0.025  0.300  1         0.00000  0
-0.025  0.325  1         0.00000  0
-0.025  0.350  1         0.00000  0
-0.025  0.375  1         0.00000  0
-0.025  0.400  1         0.00000  0
-0.025  0.425  1         0.00000  0
-0.025  0.450  1         0.00000  0
-0.025  0.475  1         0.00000  0
-0.025  0.500  1         0.00000  0
-0.025  0.525  1         0.00000  0
-0.025  0.550  1         0.00000  0
-0.025  0.575  1         0.00000  0
-0.025  0.600  1         0.00000  0
 0.000 -0.075 -1         0.00000  0
 0.000 -0.050 -1         0.00000  0
 0.000 -0.025  1         0.00000  0
 0.000  0.000  1      1833.89777  0
 0.000  0.025  1      3164.45105  0
 0.000  0.050  1      2636.69042  0
 0.000  0.075  1      2507.63862  0
 0.000  0.100  1      2240.25047  0
 0.000  0.125  1      2194.56665  0
 0.000  0.150  1      2029.98890  0
 0.000  0.175  1      1860.07463  0
 0.000  0.200  1      1593.74173  0
 0.000  0.225  1      1449.02510  0
 0.000  0.250  1      1379.40624  0
 0.000  0.275  1      1252.55505  0
 0.000  0.300  1      1366.20069  0
 0.000  0.325  1      1528.26160  0
 0.000  0.350  1      1477.16549  0
 0.000  0.375  1      1187.89012  0
 0.000  0.400  1      1158.17765  0
 0.000  0.425  1       806.44311  0
 0.000  0.450  1      1013.12226  0
 0.000  0.475  1         0.00000  0
 0.000  0.500  1         0.00000  0
 0.000  0.525  1         0.00000  0
 0.000  0.550  1         0.00000  0
 0.000  0.575  1         0.00000  0
 0.000  0.600  1         0.00000  0
 0.025 -0.075 -1         0.00000  0
 0.025 -0.050 -1         0.00000  0
 0.025 -0.025  1         0.00000  0
 0.025  0.000  1      4364.71738  0
 0.024  0.023  0      4654.50711  0
 0.025  0.047  0      3499.09329  0
 0.025  0.070  0      3688.82913  0
 0.025  0.093  0      3367.22070  0
 0.025  0.117  0      3281.73243  0
 0.025  0.141  0      2965.68041  0
 0.025  0.164  0      2861.89521  0
 0.025  0.188  0      2493.50016  0
 0.025  0.212  0      2267.79373  0
 0.025  0.236  0      2107.96244  0
 0.025  0.260  0      1705.91237  0
 0.025  0.285  0      1395.45546  0
 0.025  0.309  0      1650.29115  0
 0.025  0.334  0      1849.03177  0
 0.025  0.358  0      1468.02481  0
 0.025  0.383  0      1252.63549  0
 0.024  0.407  0       210.23988  0
 0.024  0.433  0         0.00000  0
 0.024  0.458  0       801.62782  0
 0.025  0.481  0         0.00000  0
 0.050 -0.075 -1         0.00000  0
 0.050 -0.050 -1         0.00000  0
 0.050 -0.025  1         0.00000  0
 0.050  0.000  1      3472.92957  0
 0.053  0.024  0      3017.63201  0
 0.053  0.046  0      3358.83885  0
 0.053  0.070  0      2853.79905  0
 0.052  0.093  0      2434.81959  0
 0.053  0.117  0      2557.09312  0
 0.052  0.140  0      2138.03850  0
 0.052  0.164  0      1948.86953  0
 0.052  0.188  0      1842.56649  0
 0.052  0.212  0      1590.17951  0
 0.051  0.236  0      1487.92680  0
 0.051  0.260  0      1137.45885  0
 0.051  0.284  0       986.34747  0
 0.051  0.309  0       747.98169  0
 0.051  0.333  0       689.75643  0
 0.051  0.358  0       593.45526  0
 0.050  0.383  0       941.92132  0
 0.050  0.407  0       255.42323  0
 0.051  0.432  0         0.00000  0
 0.050  0.457  0         0.00000  0
 0.050  0.481  0         0.00000  0
 0.075 -0.075 -1         0.00000  0
 0.075 -0.050 -1         0.00000  0
 0.075 -0.025  1         0.00000  0
 0.075  0.000  1      3864.05185  0
 0.080  0.023  0      3475.21369  0
 0.079  0.047  0      3231.78009  0
 0.079  0.070  0      3059.09183  0
 0.079  0.094  0      2941.07126  0
 0.078  0.117  0      2880.95491  0
 0.078  0.141  0      2648.18537  0
 0.078  0.164  0      2554.19319  0
 0.077  0.188  0      2170.68638  0
 0.077  0.212  0      1896.61472  0
 0.077  0.236  0      1766.49761  0
 0.077  0.260  0      1616.23787  0
 0.076  0.285  0      1826.37048  0
 0.076  0.309  0      1338.12237  0
 0.076  0.334  0      1150.27161  0
 0.076  0.358  0       766.31641  0
 0.075  0.383  0       346.51778  0
 0.075  0.408  0       720.14459  0
 0.075  0.432  0       474.39842  0
 0.075  0.457  0       582.62379  0
 0.075  0.481  0         0.00000  0
 0.100 -0.075 -1         0.00000  0
 0.100 -0.050 -1         0.00000  0
 0.100 -0.025  1         0.00000  0
 0.100  0.000  1      3219.83913  0
 0.108  0.023  0      3122.59138  0
 0.107  0.047  0      2662.26578  0
 0.106  0.070  0      2654.35691  0
 0.106  0.093  0      2517.05670  0
 0.105  0.116  0      2086.74838  0
 0.105  0.140  0      1943.90821  0
 0.104  0.163  0      1962.94518  0
 0.104  0.187  0      1578.16853  0
 0.103  0.211  0      1449.01094  0
 0.103  0.235  0      1310.26074  0
 0.103  0.260  0       919.75347  0
 0.102  0.284  0       985.93032  0
 0.102  0.308  0       690.03766  0
 0.102  0.333  0       742.38156  0
 0.101  0.357  0       870.21748  0
 0.101  0.382  0       502.88326  0
 0.101  0.407  0       537.68593  0
 0.101  0.432  0       185.54820  0
 0.100  0.457  0       161.64831  0
 0.100  0.481  0         0.00000  0
 0.125 -0.075 -1         0.00000  0
 0.125 -0.050 -1         0.00000  0
 0.125 -0.025  1         0.00000  0
 0.125  0.000  1      3331.69296  0
 0.135  0.023  0      2983.54969  0
 0.134  0.046  0      3034.74666  0
 0.134  0.069  0      2801.99859  0
 0.133  0.093  0      2177.76290  0
 0.132  0.116  0      2519.97803  0
 0.131  0.139  0      2229.71982  0
 0.131  0.163  0      1789.36101  0
 0.130  0.187  0      1792.19017  0
 0.129  0.211  0      1555.44034  0
 0.129  0.235  0      1423.00911  0
 0.128  0.259  0      1073.72971  0
 0.128  0.284  0      1054.48812  0
 0.127  0.308  0       871.84304  0
 0.127  0.333  0       698.26324  0
 0.126  0.357  0       725.98786  0
 0.126  0.382  0       517.74484  0
 0.126  0.407  0       602.10848  0
 0.125  0.432  0       284.51119  0
 0.125  0.457  0       410.28692  0
 0.125  0.481  0         0.00000  0
 0.150 -0.075 -1         0.00000  0
 0.150 -0.050 -1         0.00000  0
 0.150 -0.025  1         0.00000  0
 0.150  0.000  1      2871.03852  0
 0.164  0.023  0      2593.85521  0
 0.161  0.046  0      2037.49831  0
 0.161  0.069  0      2245.80770  0
 0.160  0.091  0      1994.95465  0
 0.159  0.115  0      1688.58845  0
 0.158  0.138  0      1593.97438  0
 0.157  0.162  0      1621.57714  0
 0.156  0.186  0      1373.37215  0
 0.155  0.210  0      1170.82937  0
 0.155  0.234  0      1068.48014  0
 0.154  0.258  0       781.04838  0
 0.153  0.283  0       861.90465  0
 0.153  0.307  0       828.67218  0
 0.152  0.332  0       824.09859  0
 0.152  0.357  0       416.38891  0
 0.152  0.382  0         0.00000  0
 0.151  0.406  0       244.21371  0
 0.151  0.431  0       146.53017  0
 0.151  0.456  0       204.36689  0
 0.150  0.481  0         0.00000  0
 0.175 -0.075 -1         0.00000  0
 0.175 -0.050 -1         0.00000  0
 0.175 -0.025  1         0.00000  0
 0.175  0.000  1      2865.93666  0
 0.192  0.023  0      2575.50250  0
 0.190  0.045  0      2352.46156  0
 0.189  0.068  0      1996.85752  0
 0.187  0.091  0      1979.50594  0
 0.186  0.114  0      1871.80329  0
 0.185  0.138  0      1577.99935  0
 0.183  0.161  0      1594.31856  0
 0.182  0.185  0      1044.11423  0
 0.181  0.210  0      1074.46341  0
 0.180  0.234  0       918.26712  0
 0.179  0.258  0       620.37811  0
 0.179  0.283  0       682.15529  0
 0.178  0.307  0       405.92616  0
 0.177  0.332  0       726.12881  0
 0.177  0.357  0       683.04858  0
 0.177  0.382  0       406.62581  0
 0.176  0.406  0       707.50865  0
 0.176  0.431  0       208.44205  0
 0.175  0.456  0       371.02960  0
 0.175  0.480  0         0.00000  0
 0.200 -0.075 -1         0.00000  0
 0.200 -0.050 -1         0.00000  0
 0.200 -0.025  1         0.00000  0
 0.200  0.000  1      2643.44265  0
 0.223  0.023  0       556.08555  0
 0.218  0.044  0      1412.69536  0
 0.217  0.066  0      1078.32257  0
 0.215  0.089  0       879.16794  0
 0.213  0.112  0      1151.92627  0
 0.211  0.135  0       758.45954  0
 0.210  0.159  0       818.86019  0
 0.208  0.184  0       849.27994  0
 0.207  0.208  0       857.90514  0
 0.206  0.232  0       694.76877  0
 0.205  0.257  0       523.23755  0
 0.204  0.281  0       608.33201  0
 0.204  0.306  0       127.98651  0
 0.203  0.331  0       199.80672  0
 0.202  0.356  0        80.11337  0
 0.202  0.381  0         0.00000  0
 0.201  0.405  0         0.00000  0
 0.201  0.431  0         0.00000  0
 0.201  0.456  0        75.51805  0
 0.200  0.480  0         0.00000  0
 0.225 -0.075 -1         0.00000  0
 0.225 -0.050 -1         0.00000  0
 0.225 -0.025  1         0.00000  0
 0.225  0.000  1      2109.30591  0
 0.254  0.023  0      1241.74289  0
 0.249  0.044  0      1474.68551  0
 0.247  0.065  0      1232.34325  0
 0.243  0.088  0       948.53097  0
 0.240  0.111  0      1063.57820  0
 0.238  0.134  0      1008.28812  0
 0.236  0.158  0       855.56404  0
 0.234  0.183  0       612.71239  0
 0.232  0.207  0       399.93203  0
 0.231  0.232  0       361.55063  0
 0.230  0.256  0       282.60836  0
 0.229  0.281  0       465.29801  0
 0.229  0.306  0       437.88811  0
 0.228  0.331  0       454.54049  0
 0.227  0.356  0       224.83504  0
 0.227  0.381  0       294.18688  0
 0.227  0.405  0       319.47295  0
 0.226  0.430  0        89.76069  0
 0.226  0.455  0       149.37785  0
 0.225  0.480  0         0.00000  0
 0.250 -0.075 -1         0.00000  0
 0.250 -0.050 -1         0.00000  0
 0.250 -0.025  1         0.00000  0
 0.250  0.000  1       689.51534  0
 0.292  0.021  0         0.00000  0
 0.281  0.035  0         0.00000  0
 0.276  0.057  0         0.00000  0
 0.270  0.082  0         0.00000  0
 0.267  0.106  0         0.00000  0
 0.263  0.131  0         0.00000  0
 0.261  0.155  0         0.00000  0
 0.259  0.180  0         0.00000  0
 0.258  0.205  0         0.00000  0
 0.256  0.230  0         0.00000  0
 0.255  0.255  0         0.00000  0
 0.254  0.280  0         0.00000  0
 0.253  0.305  0         0.00000  0
 0.253  0.330  0         0.00000  0
 0.252  0.355  0         0.00000  0
 0.251  0.380  0         0.00000  0
 0.251  0.405  0         0.00000  0
 0.251  0.430  0         0.00000  0
 0.250  0.455  0         0.00000  0
 0.250  0.480  0         0.00000  0
 0.275 -0.075 -1         0.00000  0
 0.275 -0.050 -1         0.00000  0
 0.275 -0.025  1         0.00000  0
 0.275  0.000  1         0.00000  0
 0.300 -0.075 -1         0.00000  0
 0.300 -0.050 -1         0.00000  0
 0.300 -0.025  1         0.00000  0
 0.300  0.000  1         0.00000  0
 0.325 -0.075 -1         0.00000  0
 0.325 -0.050 -1         0.00000  0
 0.325 -0.025  1         0.00000  0
 0.325  0.000  1         0.00000  0
 0.350 -0.075 -1         0.00000  0
 0.350 -0.050 -1         0.00000  0
 0.350 -0.025  1         0.00000  0
 0.350  0.000  1         0.00000  0
 0.375 -0.075 -1         0.00000  0
 0.375 -0.050 -1         0.00000  0
 0.375 -0.025  1         0.00000  0
 0.375  0.000  1         0.00000  0
 0.400 -0.075 -1         0.00000  0
 0.400 -0.050 -1         0.00000  0
 0.400 -0.025  1         0.00000  0
 0.400  0.000  1         0.00000  0
 0.425 -0.075 -1         0.00000  0
 0.425 -0.050 -1         0.00000  0
 0.425 -0.025  1         0.00000  0
 0.425  0.000  1         0.00000  0
 0.450 -0.075 -1         0.00000  0
 0.450 -0.050 -1         0.00000  0
 0.450 -0.025  1         0.00000  0
 0.450  0.000  1         0.00000  0
 0.475 -0.075 -1         0.00000  0
 0.475 -0.050 -1         0.00000  0
 0.475 -0.025  1         0.00000  0
 0.475  0.000  1         0.00000  0
 0.500 -0.075 -1         0.00000  0
 0.500 -0.050 -1         0.00000  0
 0.500 -0.025  1         0.00000  0
 0.500  0.000  1         0.00000  0
 0.525 -0.075 -1         0.00000  0
 0.525 -0.050 -1         0.00000  0
 0.525 -0.025  1         0.00000  0
 0.525  0.000  1         0.00000  0
 0.550 -0.075 -1         0.00000  0
 0.550 -0.050 -1         0.00000  0
 0.550 -0.025  1         0.00000  0
 0.550  0.000  1         0.00000  0
 0.575 -0.075 -1         0.00000  0
 0.575 -0.050 -1         0.00000  0
 0.575 -0.025  1         0.00000  0
 0.575  0.000  1         0.00000  0
 0.600 -0.075 -1         0.00000  0
 0.600 -0.050 -1         0.00000  0
 0.600 -0.025  1         0.00000  0
 0.600  0.000  1         0.00000  0
 0.625 -0.075 -1         0.00000  0
 0.625 -0.050 -1         0.00000  0
 0.625 -0.025  1         0.00000  0
 0.625  0.000  1         0.00000  0
 0.650 -0.075 -1         0.00000  0
 0.650 -0.050 -1         0.00000  0
 0.650 -0.025  1         0.00000  0
 0.650  0.000  1         0.00000  0
 0.675 -0.075 -1         0.00000  0
 0.675 -0.050 -1         0.00000  0
 0.675 -0.025  1         0.00000  0
 0.675  0.000  1         0.00000  0
 0.700 -0.075 -1         0.00000  0
 0.700 -0.050 -1         0.00000  0
 0.700 -0.025  1         0.00000  0
 0.700  0.000  1         0.00000  0
 0.725 -0.075 -1         0.00000  0
 0.725 -0.050 -1         0.00000  0
 0.725 -0.025  1         0.00000  0
 0.725  0.000  1         0.00000  0
 0.750 -0.075 -1         0.00000  0
 0.750 -0.050 -1         0.00000  0
 0.750 -0.025  1         0.00000  0
 0.750  0.000  1         0.00000  0
 0.775 -0.075 -1         0.00000  0
 0.775 -0.050 -1         0.00000  0
 0.775 -0.025  1         0.00000  0
 0.775  0.000  1         0.00000  0
 0.800 -0.075 -1         0.00000  0
 0.800 -0.050 -1         0.00000  0
 0.800 -0.025  1         0.00000  0
 0.800  0.000  1         0.00000  0
 0.825 -0.075 -1         0.00000  0
 0.825 -0.050 -1         0.00000  0
 0.825 -0.025  1         0.00000  0
 0.825  0.000  1         0.00000  0
 0.850 -0.075 -1         0.00000  0
 0.850 -0.050 -1         0.00000  0
 0.850 -0.025  1         0.00000  0
 0.850  0.000  1         0.00000  0
 0.875 -0.075 -1         0.00000  0
 0.875 -0.050 -1         0.00000  0
 0.875 -0.025  1         0.00000  0
 0.875  0.000  1         0.00000  0
 0.900 -0.075 -1         0.00000  0
 0.900 -0.050 -1         0.00000  0
 0.900 -0.025  1         0.00000  0
 0.900  0.000  1         0.00000  0
 0.925 -0.075 -1         0.00000  0
 0.925 -0.050 -1         0.00000  0
 0.925 -0.025  1         0.00000  0
 0.925  0.000  1         0.00000  0
 0.950 -0.075 -1         0.00000  0
 0.950 -0.050 -1         0.00000  0
 0.950 -0.025  1         0.00000  0
 0.950  0.000  1         0.00000  0
 0.975 -0.075 -1         0.00000  0
 0.975 -0.050 -1         0.00000  0
 0.975 -0.025  1         0.00000  0
 0.975  0.000  1         0.00000  0
 1.000 -0.075 -1         0.00000  0
 1.000 -0.050 -1         0.00000  0
 1.000 -0.025  1         0.00000  0
 1.000  0.000  1         0.00000  0
 1.025 -0.075 -1         0.00000  0
 1.025 -0.050 -1         0.00000  0
 1.025 -0.025  1         0.00000  0
 1.025  0.000  1         0.00000  0
 1.025  0.025  1         0.00000  0
 1.025  0.050  1         0.00000  0
 1.025  0.075  1         0.00000  0
 1.025  0.100  1         0.00000  0
 1.025  0.125  1         0.00000  0
 1.025  0.150  1         0.00000  0
 1.025  0.175  1         0.00000  0
 1.025  0.200  1         0.00000  0
 1.025  0.225  1         0.00000  0
 1.025  0.250  1         0.00000  0
 1.025  0.275  1         0.00000  0
 1.025  0.300  1         0.00000  0
 1.025  0.325  1         0.00000  0
 1.025  0.350  1         0.00000  0
 1.025  0.375  1         0.00000  0
 1.025  0.400  1         0.00000  0
 1.025  0.425  1         0.00000  0
 1.025  0.450  1         0.00000  0
 1.025  0.475  1         0.00000  0
 1.025  0.500  1         0.00000  0
 1.025  0.525  1         0.00000  0
 1.025  0.550  1         0.00000  0
 1.025  0.575  1         0.00000  0
 1.025  0.600  1         0.00000  0
 1.050 -0.075 -1         0.00000  0
 1.050 -0.050 -1         0.00000  0
 1.050 -0.025  1         0.00000  0
 1.050  0.000  1         0.00000  0
 1.050  0.025  1         0.00000  0
 1.050  0.050  1         0.00000  0
 1.050  0.075  1         0.00000  0
 1.050  0.100  1         0.00000  0
 1.050  0.125  1         0.00000  0
 1.050  0.150  1         0.00000  0
 1.050  0.175  1         0.00000  0
 1.050  0.200  1         0.00000  0
 1.050  0.225  1         0.00000  0
 1.050  0.250  1         0.00000  0
 1.050  0.275  1         0.00000  0
 1.050  0.300  1         0.00000  0
 1.050  0.325  1         0.00000  0
 1.050  0.350  1         0.00000  0
 1.050  0.375  1         0.00000  0
 1.050  0.400  1         0.00000  0
 1.050  0.425  1         0.00000  0
 1.050  0.450  1         0.00000  0
 1.050  0.475  1         0.00000  0
 1.050  0.500  1         0.00000  0
 1.050  0.525  1         0.00000  0
 1.050  0.550  1         0.00000  0
 1.050  0.575  1         0.00000  0
 1.050  0.600  1         0.00000  0
 1.075 -0.075 -1         0.00000  0
 1.075 -0.050 -1         0.00000  0
 1.075 -0.025 -1         0.00000  0
 1.075  0.000 -1         0.00000  0
 1.075  0.025 -1         0.00000  0
 1.075  0.050 -1         0.00000  0
 1.075  0.075 -1         0.00000  0
 1.075  0.100 -1         0.00000  0
 1.075  0.125 -1         0.00000  0
 1.075  0.150 -1         0.00000  0
 1.075  0.175 -1         0.00000  0
 1.075  0.200 -1         0.00000  0
 1.075  0.225 -1         0.00000  0
 1.075  0.250 -1         0.00000  0
 1.075  0.275 -1         0.00000  0
 1.075  0.300 -1         0.00000  0
 1.075  0.325 -1         0.00000  0
 1.075  0.350 -1         0.00000  0
 1.075  0.375 -1         0.00000  0
 1.075  0.400 -1         0.00000  0
 1.075  0.425 -1         0.00000  0
 1.075  0.450 -1         0.00000  0
 1.075  0.475 -1         0.00000  0
 1.075  0.500 -1         0.00000  0
 1.075  0.525 -1         0.00000  0
 1.075  0.550 -1         0.00000  0
 1.075  0.575  1         0.00000  0
 1.075  0.600  1         0.00000  0
 1.100 -0.075 -1         0.00000  0
 1.100 -0.050 -1         0.00000  0
 1.100 -0.025 -1         0.00000  0
 1.100  0.000 -1         0.00000  0
 1.100  0.025 -1         0.00000  0
 1.100  0.050 -1         0.00000  0
 1.100  0.075 -1         0.00000  0
 1.100  0.100 -1         0.00000  0
 1.100  0.125 -1         0.00000  0
 1.100  0.150 -1         0.00000  0
 1.100  0.175 -1         0.00000  0
 1.100  0.200 -1         0.00000  0
 1.100  0.225 -1         0.00000  0
 1.100  0.250 -1         0.00000  0
 1.100  0.275 -1         0.00000  0
 1.100  0.300 -1         0.00000  0
 1.100  0.325 -1         0.00000  0
 1.100  0.350 -1         0.00000  0
 1.100  0.375 -1         0.00000  0
 1.100  0.400 -1         0.00000  0
 1.100  0.425 -1         0.00000  0
 1.100  0.450 -1         0.00000  0
 1.100  0.475 -1         0.00000  0
 1.100  0.500 -1         0.00000  0
 1.100  0.525 -1         0.00000  0
 1.100  0.550 -1         0.00000  0
 1.100  0.575  1         0.00000  0
 1.100  0.600  1         0.00000  0
