-0.075 -0.075 -1         0.00000  0
-0.075 -0.050 -1         0.00000  0
-0.075 -0.025 -1         0.00000  0
-0.075  0.000 -1         0.00000  0
-0.075  0.025 -1         0.00000  0
-0.075  0.050 -1         0.00000  0
-0.075  0.075 -1         0.00000  0
-0.075  0.100 -1         0.00000  0
-0.075  0.125 -1         0.00000  0
-0.075  0.150 -1         0.00000  0
-0.075  0.175 -1         0.00000  0
-0.075  0.200 -1         0.00000  0
-0.075  0.225 -1         0.00000  0
-0.075  0.250 -1         0.00000  0
-0.075  0.275 -1         0.00000  0
-0.075  0.300 -1         0.00000  0
-0.075  0.325 -1         0.00000  0
-0.075  0.350 -1         0.00000  0
-0.075  0.375 -1         0.00000  0
-0.075  0.400 -1         0.00000  0
-0.075  0.425 -1         0.00000  0
-0.075  0.450 -1         0.00000  0
-0.075  0.475 -1         0.00000  0
-0.075  0.500 -1         0.00000  0
-0.075  0.525 -1         0.00000  0
-0.075  0.550 -1         0.00000  0
-0.075  0.575  1         0.00000  0
-0.075  0.600  1         0.00000  0
-0.050 -0.075 -1         0.00000  0
-0.050 -0.050 -1         0.00000  0
-0.050 -0.025 -1         0.00000  0
-0.050  0.000 -1         0.00000  0
-0.050  0.025 -1         0.00000  0
-0.050  0.050 -1         0.00000  0
-0.050  0.075 -1         0.00000  0
-0.050  0.100 -1         0.00000  0
-0.050  0.125 -1         0.00000  0
-0.050  0.150 -1         0.00000  0
-0.050  0.175 -1         0.00000  0
-0.050  0.200 -1         0.00000  0
-0.050  0.225 -1         0.00000  0
-0.050  0.250 -1         0.00000  0
-0.050  0.275 -1         0.00000  0
-0.050  0.300 -1         0.00000  0
-0.050  0.325 -1         0.00000  0
-0.050  0.350 -1         0.00000  0
-0.050  0.375 -1         0.00000  0
-0.050  0.400 -1         0.00000  0
-0.050  0.425 -1         0.00000  0
-0.050  0.450 -1         0.00000  0
-0.050  0.475 -1         0.00000  0
-0.050  0.500 -1         0.00000  0
-0.050  0.525 -1         0.00000  0
-0.050  0.550 -1         0.00000  0
-0.050  0.575  1         0.00000  0
-0.050  0.600  1         0.00000  0
-0.025 -0.075 -1         0.00000  0
-0.025 -0.050 -1         0.00000  0
-0.025 -0.025  1         0.00000  0
-0.025  0.000  1         0.00000  0
-0.025  0.025  1         0.00000  0
-0.025  0.050  1         0.00000  0
-0.025  0.075  1         0.00000  0
-0.025  0.100  1         0.00000  0
-0.025  0.125  1         0.00000  0
-0.025  0.150  1         0.00000  0
-0.025  0.175  1         0.00000  0
-0.025  0.200  1         0.00000  0
-0.025  0.225  1         0.00000  0
-0.025  0.250  1         0.00000  0
-0.025  0.275  1         0.00000  0
-0.025  0.300  1         0.00000  0
-0.025  0.325  1         0.00000  0
-0.025  0.350  1         0.00000  0
-0.025  0.375  1         0.00000  0
-0.025  0.400  1         0.00000  0
-0.025  0.425  1         0.00000  0
-0.025  0.450  1         0.00000  0
-0.025  0.475  1         0.00000  0
-0.025  0.500  1         0.00000  0
-0.025  0.525  1         0.00000  0
-0.025  0.550  1         0.00000  0
-0.025  0.575  1         0.00000  0
-0.025  0.600  1         0.00000  0
 0.000 -0.075 -1         0.00000  0
 0.000 -0.050 -1         0.00000  0
 0.000 -0.025  1         0.00000  0
 0.000  0.000  1         0.00000  0
 0.000  0.025  1       807.20275  0
 0.000  0.050  1         0.00000  0
 0.000  0.075  1         0.00000  0
 0.000  0.100  1         0.00000  0
 0.000  0.125  1         0.00000  0
 0.000  0.150  1         0.00000  0
 0.000  0.175  1         0.00000  0
 0.000  0.200  1         0.00000  0
 0.000  0.225  1         0.00000  0
 0.000  0.250  1         0.00000  0
 0.000  0.275  1         0.00000  0
 0.000  0.300  1         0.00000  0
 0.000  0.325  1         0.00000  0
 0.000  0.350  1         0.00000  0
 0.000  0.375  1         0.00000  0
 0.000  0.400  1         0.00000  0
 0.000  0.425  1         0.00000  0
 0.000  0.450  1         0.00000  0
 0.000  0.475  1         0.00000  0
 0.000  0.500  1         0.00000  0
 0.000  0.525  1         0.00000  0
 0.000  0.550  1         0.00000  0
 0.000  0.575  1         0.00000  0
 0.000  0.600  1         0.00000  0
 0.025 -0.075 -1         0.00000  0
 0.025 -0.050 -1         0.00000  0
 0.025 -0.025  1         0.00000  0
 0.025  0.000  1         0.00000  0
 0.086  0.022  0      1209.19481  0
 0.286  0.049  0      1449.50536  0
 0.135  0.023  0       247.22183  0
 0.341  0.105  0         0.00000  0
 0.020  0.035  0       477.71539  0
 0.112  0.027  0       765.71218  0
 0.042  0.020  0      1497.08900  0
 0.270  0.026  0         0.00000  0
 0.160  0.029  0      1127.20175  0
 0.121  0.050  0       691.83647  0
 0.128  0.071  0       494.21802  0
 0.022  0.066  0         0.00000  0
 0.048  0.043  0       823.21451  0
 0.040  0.097  0         0.00000  0
 0.051  0.063  0        81.50922  0
 0.069  0.080  0         0.00000  0
 0.125  0.087  0         0.00000  0
 0.153  0.087  0         0.00000  0
 0.171  0.062  0       653.82777  0
 0.022  0.099  0         0.00000  0
 0.050 -0.075 -1         0.00000  0
 0.050 -0.050 -1         0.00000  0
 0.050 -0.025  1         0.00000  0
 0.050  0.000  1      1701.65770  0
 0.185  0.022  0       241.27311  0
 0.316  0.042  0       368.38543  0
 0.372  0.063  0         0.00000  0
 0.337  0.056  0      1231.14645  0
 0.293  0.023  0       859.64037  0
 0.252  0.041  0      1067.21135  0
 0.322  0.069  0         0.00000  0
 0.357  0.121  0         0.00000  0
 0.155  0.047  0       395.30157  0
 0.212  0.024  0         0.00000  0
 0.196  0.047  0       509.18440  0
 0.399  0.045  0         0.00000  0
 0.070  0.035  0         0.00000  0
 0.291  0.067  0      1607.30228  0
 0.090  0.056  0        84.00362  0
 0.053  0.088  0       172.35514  0
 0.265  0.083  0         0.00000  0
 0.103  0.065  0         0.00000  0
 0.178  0.082  0         0.00000  0
 0.194  0.071  0         0.00000  0
 0.075 -0.075 -1         0.00000  0
 0.075 -0.050 -1         0.00000  0
 0.075 -0.025  1         0.00000  0
 0.075  0.000  1       494.23992  0
 0.324  0.022  0         0.00000  0
 0.238  0.022  0       798.33665  0
 0.585  0.023  0         0.00000  0
 0.353  0.026  0         0.00000  0
 0.478  0.026  0         0.00000  0
 0.369  0.044  0      1376.26326  0
 0.431  0.033  0         0.00000  0
 0.338  0.077  0         0.00000  0
 0.378  0.023  0       677.93605  0
 0.371  0.098  0         0.00000  0
 0.410  0.022  0       807.07775  0
 0.218  0.048  0         0.00000  0
 0.493  0.045  0      1002.45479  0
 0.371  0.084  0       246.01130  0
 0.249  0.061  0         0.00000  0
 0.282  0.082  0         0.00000  0
 0.492  0.069  0         0.00000  0
 0.225  0.076  0        25.53430  1
 0.439  0.073  0         0.00000  0
 0.234  0.084  0         0.00000  1
 0.100 -0.075 -1         0.00000  0
 0.100 -0.050 -1         0.00000  0
 0.100 -0.025  1         0.00000  0
 0.100  0.000  1      1229.17432  0
 0.751  0.020  0         0.00000  0
 0.734  0.032  0         0.00000  0
 0.675  0.023  0      1432.54347  0
 0.528  0.024  0         0.00000  0
 0.618  0.027  0         0.00000  0
 0.562  0.024  0         0.00000  0
 0.667  0.057  0         0.00000  0
 0.728  0.060  0         0.00000  0
 0.642  0.067  0         0.00000  0
 0.604  0.073  0         0.00000  0
 0.782  0.068  0         0.00000  0
 0.505  0.026  0      1694.97819  0
 0.637  0.023  0       315.50619  0
 0.615  0.093  0         0.00000  0
 0.544  0.042  0         0.00000  0
 0.449  0.023  0         9.09905  0
 0.493  0.084  0         0.00000  0
 0.407  0.067  0         0.00000  0
 0.523  0.052  0         0.00000  0
 0.420  0.059  0         0.00000  0
 0.125 -0.075 -1         0.00000  0
 0.125 -0.050 -1         0.00000  0
 0.125 -0.025  1         0.00000  0
 0.125  0.000  1      1353.70414  0
 0.835  0.036  0       350.29552  0
 0.863  0.067  0      1404.96729  0
 0.854  0.023  0       404.16365  0
 0.709  0.024  0         0.00000  0
 0.887  0.116  0         0.00000  0
 0.937  0.092  0      1001.06775  0
 0.924  0.023  0      1182.28258  0
 0.904  0.030  0      1213.16097  0
 0.873  0.123  0         0.00000  0
 0.791  0.022  0         0.00000  0
 0.817  0.023  0      1935.80090  0
 0.826  0.071  0         0.00000  0
 0.658  0.037  0         0.00000  0
 0.752  0.068  0         0.00000  0
 0.614  0.050  0         0.00000  0
 0.463  0.044  0         0.00000  0
 0.568  0.072  0         0.00000  0
 0.468  0.074  0         0.00000  0
 0.570  0.053  0         0.00000  0
 0.530  0.069  0         0.00000  0
 0.150 -0.075 -1         0.00000  0
 0.150 -0.050 -1         0.00000  0
 0.150 -0.025  1         0.00000  0
 0.150  0.000  1       455.08525  0
 1.005  0.136  0      1425.25807  0
 0.909  0.053  0       749.30478  0
 0.981  0.049  0      1574.97181  0
 0.965  0.189  0      1433.39956  0
 0.930  0.293  0        35.52083  0
 0.921  0.072  0      1412.47127  0
 0.947  0.025  0       140.53075  0
 0.879  0.025  0       505.61745  0
 0.939  0.147  0         0.00000  0
 0.887  0.071  0      1505.47337  0
 0.881  0.049  0       956.51820  0
 0.868  0.105  0         0.00000  0
 0.783  0.044  0      1548.83056  0
 0.689  0.042  0       514.06040  0
 0.715  0.067  0         0.00000  0
 0.625  0.103  0         0.00000  0
 0.691  0.063  0         0.00000  0
 0.638  0.081  0         0.00000  0
 0.556  0.083  0         0.00000  0
 0.595  0.047  0         0.00000  0
 0.175 -0.075 -1         0.00000  0
 0.175 -0.050 -1         0.00000  0
 0.175 -0.025  1         0.00000  0
 0.175  0.000  1       603.99041  0
 0.993  0.155  0         0.00000  0
 1.000  0.099  0         6.65887  0
 0.932  0.282  0       211.91800  0
 0.961  0.329  0         0.00000  1
 0.919  0.257  0         0.00000  0
 0.999  0.323  0         0.00000  0
 0.918  0.354  0         0.00000  0
 0.946  0.109  0      1783.76512  0
 0.960  0.064  0         0.00000  0
 0.954  0.203  0         0.00000  0
 0.994  0.212  0      2313.39008  0
 1.006  0.194  0      1691.62149  0
 0.985  0.120  0         0.00000  0
 0.924  0.127  0         0.00000  0
 0.912  0.174  0         0.00000  0
 0.852  0.093  0         0.00000  0
 0.915  0.111  0       357.99090  0
 0.760  0.048  0      1020.98313  0
 0.804  0.051  0         0.00000  0
 0.765  0.084  0         0.00000  0
 0.200 -0.075 -1         0.00000  0
 0.200 -0.050 -1         0.00000  0
 0.200 -0.025  1         0.00000  0
 0.200  0.000  1      1914.73110  0
 0.966  0.238  0         0.00000  0
 1.004  0.038  0      2533.09897  0
 0.985  0.314  0         0.00000  0
 0.961  0.432  0         0.00000  0
 0.995  0.258  0       393.29859  0
 0.986  0.019  0      2361.62968  0
 0.890  0.292  0         0.00000  0
 0.973  0.493  0         0.00000  0
 0.892  0.381  0         0.00000  0
 0.845  0.231  0         0.00000  0
 0.982  0.178  0         0.00000  0
 0.963  0.039  0      2274.07188  0
 0.985  0.085  0      1781.16256  0
 0.969  0.097  0         0.00000  0
 0.932  0.208  0         0.00000  0
 0.961  0.130  0         0.00000  0
 0.970  0.154  0      1103.01252  0
 0.949  0.160  0       315.71379  0
 0.906  0.146  0         0.00000  0
 0.834  0.094  0         0.00000  0
 0.225 -0.075 -1         0.00000  0
 0.225 -0.050 -1         0.00000  0
 0.225 -0.025  1         0.00000  0
 0.225  0.000  1      1566.70851  0
 1.002  0.434  0         0.00000  0
 0.845  0.616  0         0.00000  0
 0.794  0.925  0         0.00000  0
 0.835  0.800  0         0.00000  0
 0.971  0.471  0         0.00000  0
 0.972  0.370  0         0.00000  0
 0.983  0.830  0         0.00000  0
 1.000  0.281  0      1201.26119  0
 0.918  0.323  0         0.00000  0
 1.002  0.242  0      3134.23688  0
 0.852  0.251  0         0.00000  0
 0.915  0.312  0         0.00000  0
 0.998  0.419  0         0.00000  0
 0.986  0.293  0         0.00000  0
 0.839  0.280  0         0.00000  0
 0.940  0.244  0         0.00000  0
 0.941  0.062  0       961.50939  0
 0.874  0.241  0         0.00000  0
 0.900  0.088  0         0.00000  0
 0.847  0.054  0       592.01725  0
 0.250 -0.075 -1         0.00000  0
 0.250 -0.050 -1         0.00000  0
 0.250 -0.025  1         0.00000  0
 0.250  0.000  1      1099.04202  0
 0.915  1.020  0         0.00000  0
 0.942  1.046  0         0.00000  0
 0.872  0.849  0         0.00000  0
 0.869  0.371  0         0.00000  0
 1.002  0.066  0       295.63648  0
 0.858  0.941  0         0.00000  0
 0.831  0.370  0         0.00000  0
 0.940  0.999  0         0.00000  0
 0.926  0.561  0         0.00000  0
 0.888  0.414  0         0.00000  0
 0.873  0.501  0         0.00000  0
 0.966  0.339  0         0.00000  1
 1.018  0.727  0         0.00000  0
 0.976  0.658  0         0.00000  0
 0.936  0.553  0         0.00000  0
 0.801  0.290  0         0.00000  0
 0.963  0.273  0         0.00000  0
 0.904  0.257  0         0.00000  0
 0.975  0.219  0         0.00000  0
 0.914  0.187  0         0.00000  0
 0.275 -0.075 -1         0.00000  0
 0.275 -0.050 -1         0.00000  0
 0.275 -0.025  1         0.00000  0
 0.275  0.000  1       781.55648  0
 0.300 -0.075 -1         0.00000  0
 0.300 -0.050 -1         0.00000  0
 0.300 -0.025  1         0.00000  0
 0.300  0.000  1      2277.73380  0
 0.325 -0.075 -1         0.00000  0
 0.325 -0.050 -1         0.00000  0
 0.325 -0.025  1         0.00000  0
 0.325  0.000  1      1687.12329  0
 0.350 -0.075 -1         0.00000  0
 0.350 -0.050 -1         0.00000  0
 0.350 -0.025  1         0.00000  0
 0.350  0.000  1         0.00000  0
 0.375 -0.075 -1         0.00000  0
 0.375 -0.050 -1         0.00000  0
 0.375 -0.025  1         0.00000  0
 0.375  0.000  1      1716.16867  0
 0.400 -0.075 -1         0.00000  0
 0.400 -0.050 -1         0.00000  0
 0.400 -0.025  1         0.00000  0
 0.400  0.000  1         0.00000  0
 0.425 -0.075 -1         0.00000  0
 0.425 -0.050 -1         0.00000  0
 0.425 -0.025  1         0.00000  0
 0.425  0.000  1         0.00000  0
 0.450 -0.075 -1         0.00000  0
 0.450 -0.050 -1         0.00000  0
 0.450 -0.025  1         0.00000  0
 0.450  0.000  1      2473.00522  0
 0.475 -0.075 -1         0.00000  0
 0.475 -0.050 -1         0.00000  0
 0.475 -0.025  1         0.00000  0
 0.475  0.000  1         0.00000  0
 0.500 -0.075 -1         0.00000  0
 0.500 -0.050 -1         0.00000  0
 0.500 -0.025  1         0.00000  0
 0.500  0.000  1         0.00000  0
 0.525 -0.075 -1         0.00000  0
 0.525 -0.050 -1         0.00000  0
 0.525 -0.025  1         0.00000  0
 0.525  0.000  1         0.00000  0
 0.550 -0.075 -1         0.00000  0
 0.550 -0.050 -1         0.00000  0
 0.550 -0.025  1         0.00000  0
 0.550  0.000  1         0.00000  0
 0.575 -0.075 -1         0.00000  0
 0.575 -0.050 -1         0.00000  0
 0.575 -0.025  1         0.00000  0
 0.575  0.000  1         0.00000  0
 0.600 -0.075 -1         0.00000  0
 0.600 -0.050 -1         0.00000  0
 0.600 -0.025  1         0.00000  0
 0.600  0.000  1         0.00000  0
 0.625 -0.075 -1         0.00000  0
 0.625 -0.050 -1         0.00000  0
 0.625 -0.025  1         0.00000  0
 0.625  0.000  1         0.00000  0
 0.650 -0.075 -1         0.00000  0
 0.650 -0.050 -1         0.00000  0
 0.650 -0.025  1         0.00000  0
 0.650  0.000  1         0.00000  0
 0.675 -0.075 -1         0.00000  0
 0.675 -0.050 -1         0.00000  0
 0.675 -0.025  1         0.00000  0
 0.675  0.000  1      1000.17194  0
 0.700 -0.075 -1         0.00000  0
 0.700 -0.050 -1         0.00000  0
 0.700 -0.025  1         0.00000  0
 0.700  0.000  1         0.00000  0
 0.725 -0.075 -1         0.00000  0
 0.725 -0.050 -1         0.00000  0
 0.725 -0.025  1         0.00000  0
 0.725  0.000  1         0.00000  0
 0.750 -0.075 -1         0.00000  0
 0.750 -0.050 -1         0.00000  0
 0.750 -0.025  1         0.00000  0
 0.750  0.000  1      3224.69165  0
 0.775 -0.075 -1         0.00000  0
 0.775 -0.050 -1         0.00000  0
 0.775 -0.025  1         0.00000  0
 0.775  0.000  1         0.00000  0
 0.800 -0.075 -1         0.00000  0
 0.800 -0.050 -1         0.00000  0
 0.800 -0.025  1         0.00000  0
 0.800  0.000  1       986.27218  0
 0.825 -0.075 -1         0.00000  0
 0.825 -0.050 -1         0.00000  0
 0.825 -0.025  1         0.00000  0
 0.825  0.000  1      2158.34511  0
 0.850 -0.075 -1         0.00000  0
 0.850 -0.050 -1         0.00000  0
 0.850 -0.025  1         0.00000  0
 0.850  0.000  1      1954.60834  0
 0.875 -0.075 -1         0.00000  0
 0.875 -0.050 -1         0.00000  0
 0.875 -0.025  1         0.00000  0
 0.875  0.000  1         0.00000  0
 0.900 -0.075 -1         0.00000  0
 0.900 -0.050 -1         0.00000  0
 0.900 -0.025  1         0.00000  0
 0.900  0.000  1         0.00000  0
 0.925 -0.075 -1         0.00000  0
 0.925 -0.050 -1         0.00000  0
 0.925 -0.025  1         0.00000  0
 0.925  0.000  1      2592.42811  0
 0.950 -0.075 -1         0.00000  0
 0.950 -0.050 -1         0.00000  0
 0.950 -0.025  1         0.00000  0
 0.950  0.000  1       967.44455  0
 0.975 -0.075 -1         0.00000  0
 0.975 -0.050 -1         0.00000  0
 0.975 -0.025  1         0.00000  0
 0.975  0.000  1      1778.38689  0
 1.000 -0.075 -1         0.00000  0
 1.000 -0.050 -1         0.00000  0
 1.000 -0.025  1         0.00000  0
 1.000  0.000  1         0.00000  0
 1.025 -0.075 -1         0.00000  0
 1.025 -0.050 -1         0.00000  0
 1.025 -0.025  1         0.00000  0
 1.025  0.000  1         0.00000  0
 1.025  0.025  1       198.50029  0
 1.025  0.050  1      2214.75654  0
 1.025  0.075  1       506.31469  0
 1.025  0.100  1         0.00000  0
 1.025  0.125  1      1406.72552  0
 1.025  0.150  1         0.00000  0
 1.025  0.175  1         0.00000  0
 1.025  0.200  1      3343.03935  0
 1.025  0.225  1         0.00000  0
 1.025  0.250  1      2156.57280  0
 1.025  0.275  1        51.24538  0
 1.025  0.300  1         0.00000  0
 1.025  0.325  1         0.00000  0
 1.025  0.350  1         0.00000  0
 1.025  0.375  1         0.00000  0
 1.025  0.400  1         0.00000  0
 1.025  0.425  1         0.00000  0
 1.025  0.450  1         0.00000  0
 1.025  0.475  1         0.00000  0
 1.025  0.500  1         0.00000  0
 1.025  0.525  1         0.00000  0
 1.025  0.550  1         0.00000  0
 1.025  0.575  1         0.00000  0
 1.025  0.600  1         0.00000  0
 1.050 -0.075 -1         0.00000  0
 1.050 -0.050 -1         0.00000  0
 1.050 -0.025  1         0.00000  0
 1.050  0.000  1         0.00000  0
 1.050  0.025  1         0.00000  0
 1.050  0.050  1         0.00000  0
 1.050  0.075  1         0.00000  0
 1.050  0.100  1         0.00000  0
 1.050  0.125  1         0.00000  0
 1.050  0.150  1         0.00000  0
 1.050  0.175  1         0.00000  0
 1.050  0.200  1         0.00000  0
 1.050  0.225  1         0.00000  0
 1.050  0.250  1         0.00000  0
 1.050  0.275  1         0.00000  0
 1.050  0.300  1         0.00000  0
 1.050  0.325  1         0.00000  0
 1.050  0.350  1         0.00000  0
 1.050  0.375  1         0.00000  0
 1.050  0.400  1         0.00000  0
 1.050  0.425  1         0.00000  0
 1.050  0.450  1         0.00000  0
 1.050  0.475  1         0.00000  0
 1.050  0.500  1         0.00000  0
 1.050  0.525  1         0.00000  0
 1.050  0.550  1         0.00000  0
 1.050  0.575  1         0.00000  0
 1.050  0.600  1         0.00000  0
 1.075 -0.075 -1         0.00000  0
 1.075 -0.050 -1         0.00000  0
 1.075 -0.025 -1         0.00000  0
 1.075  0.000 -1         0.00000  0
 1.075  0.025 -1         0.00000  0
 1.075  0.050 -1         0.00000  0
 1.075  0.075 -1         0.00000  0
 1.075  0.100 -1         0.00000  0
 1.075  0.125 -1         0.00000  0
 1.075  0.150 -1         0.00000  0
 1.075  0.175 -1         0.00000  0
 1.075  0.200 -1         0.00000  0
 1.075  0.225 -1         0.00000  0
 1.075  0.250 -1         0.00000  0
 1.075  0.275 -1         0.00000  0
 1.075  0.300 -1         0.00000  0
 1.075  0.325 -1         0.00000  0
 1.075  0.350 -1         0.00000  0
 1.075  0.375 -1         0.00000  0
 1.075  0.400 -1         0.00000  0
 1.075  0.425 -1         0.00000  0
 1.075  0.450 -1         0.00000  0
 1.075  0.475 -1         0.00000  0
 1.075  0.500 -1         0.00000  0
 1.075  0.525 -1         0.00000  0
 1.075  0.550 -1         0.00000  0
 1.075  0.575  1         0.00000  0
 1.075  0.600  1         0.00000  0
 1.100 -0.075 -1         0.00000  0
 1.100 -0.050 -1         0.00000  0
 1.100 -0.025 -1         0.00000  0
 1.100  0.000 -1         0.00000  0
 1.100  0.025 -1         0.00000  0
 1.100  0.050 -1         0.00000  0
 1.100  0.075 -1         0.00000  0
 1.100  0.100 -1         0.00000  0
 1.100  0.125 -1         0.00000  0
 1.100  0.150 -1         0.00000  0
 1.100  0.175 -1         0.00000  0
 1.100  0.200 -1         0.00000  0
 1.100  0.225 -1         0.00000  0
 1.100  0.250 -1         0.00000  0
 1.100  0.275 -1         0.00000  0
 1.100  0.300 -1         0.00000  0
 1.100  0.325 -1         0.00000  0
 1.100  0.350 -1         0.00000  0
 1.100  0.375 -1         0.00000  0
 1.100  0.400 -1         0.00000  0
 1.100  0.425 -1         0.00000  0
 1.100  0.450 -1         0.00000  0
 1.100  0.475 -1         0.00000  0
 1.100  0.500 -1         0.00000  0
 1.100  0.525 -1         0.00000  0
 1.100  0.550 -1         0.00000  0
 1.100  0.575  1         0.00000  0
 1.100  0.600  1         0.00000  0
