-0.060 -0.060 -1         0.00000  0
-0.060 -0.040 -1         0.00000  0
-0.060 -0.020 -1         0.00000  0
-0.060  0.000 -1         0.00000  0
-0.060  0.020 -1         0.00000  0
-0.060  0.040 -1         0.00000  0
-0.060  0.060 -1         0.00000  0
-0.060  0.080 -1         0.00000  0
-0.060  0.100 -1         0.00000  0
-0.060  0.120 -1         0.00000  0
-0.060  0.140 -1         0.00000  0
-0.060  0.160 -1         0.00000  0
-0.060  0.180 -1         0.00000  0
-0.060  0.200 -1         0.00000  0
-0.060  0.220 -1         0.00000  0
-0.060  0.240 -1         0.00000  0
-0.060  0.260 -1         0.00000  0
-0.060  0.280 -1         0.00000  0
-0.060  0.300 -1         0.00000  0
-0.060  0.320 -1         0.00000  0
-0.060  0.340 -1         0.00000  0
-0.060  0.360 -1         0.00000  0
-0.060  0.380 -1         0.00000  0
-0.060  0.400 -1         0.00000  0
-0.060  0.420 -1         0.00000  0
-0.060  0.440 -1         0.00000  0
-0.060  0.460 -1         0.00000  0
-0.060  0.480 -1         0.00000  0
-0.060  0.500 -1         0.00000  0
-0.060  0.520 -1         0.00000  0
-0.060  0.540 -1         0.00000  0
-0.060  0.560 -1         0.00000  0
-0.060  0.580  1         0.00000  0
-0.060  0.600  1         0.00000  0
-0.040 -0.060 -1         0.00000  0
-0.040 -0.040 -1         0.00000  0
-0.040 -0.020 -1         0.00000  0
-0.040  0.000 -1         0.00000  0
-0.040  0.020 -1         0.00000  0
-0.040  0.040 -1         0.00000  0
-0.040  0.060 -1         0.00000  0
-0.040  0.080 -1         0.00000  0
-0.040  0.100 -1         0.00000  0
-0.040  0.120 -1         0.00000  0
-0.040  0.140 -1         0.00000  0
-0.040  0.160 -1         0.00000  0
-0.040  0.180 -1         0.00000  0
-0.040  0.200 -1         0.00000  0
-0.040  0.220 -1         0.00000  0
-0.040  0.240 -1         0.00000  0
-0.040  0.260 -1         0.00000  0
-0.040  0.280 -1         0.00000  0
-0.040  0.300 -1         0.00000  0
-0.040  0.320 -1         0.00000  0
-0.040  0.340 -1         0.00000  0
-0.040  0.360 -1         0.00000  0
-0.040  0.380 -1         0.00000  0
-0.040  0.400 -1         0.00000  0
-0.040  0.420 -1         0.00000  0
-0.040  0.440 -1         0.00000  0
-0.040  0.460 -1         0.00000  0
-0.040  0.480 -1         0.00000  0
-0.040  0.500 -1         0.00000  0
-0.040  0.520 -1         0.00000  0
-0.040  0.540 -1         0.00000  0
-0.040  0.560 -1         0.00000  0
-0.040  0.580  1         0.00000  0
-0.040  0.600  1         0.00000  0
-0.020 -0.060 -1         0.00000  0
-0.020 -0.040 -1         0.00000  0
-0.020 -0.020  1         0.00000  0
-0.020  0.000  1         0.00000  0
-0.020  0.020  1         0.00000  0
-0.020  0.040  1         0.00000  0
-0.020  0.060  1         0.00000  0
-0.020  0.080  1         0.00000  0
-0.020  0.100  1         0.00000  0
-0.020  0.120  1         0.00000  0
-0.020  0.140  1         0.00000  0
-0.020  0.160  1         0.00000  0
-0.020  0.180  1         0.00000  0
-0.020  0.200  1         0.00000  0
-0.020  0.220  1         0.00000  0
-0.020  0.240  1         0.00000  0
-0.020  0.260  1         0.00000  0
-0.020  0.280  1         0.00000  0
-0.020  0.300  1         0.00000  0
-0.020  0.320  1         0.00000  0
-0.020  0.340  1         0.00000  0
-0.020  0.360  1         0.00000  0
-0.020  0.380  1         0.00000  0
-0.020  0.400  1         0.00000  0
-0.020  0.420  1         0.00000  0
-0.020  0.440  1         0.00000  0
-0.020  0.460  1         0.00000  0
-0.020  0.480  1         0.00000  0
-0.020  0.500  1         0.00000  0
-0.020  0.520  1         0.00000  0
-0.020  0.540  1         0.00000  0
-0.020  0.560  1         0.00000  0
-0.020  0.580  1         0.00000  0
-0.020  0.600  1         0.00000  0
 0.000 -0.060 -1         0.00000  0
 0.000 -0.040 -1         0.00000  0
 0.000 -0.020  1         0.00000  0
 0.000  0.000  1         0.00000  0
 0.000  0.020  1      3576.03041  0
 0.000  0.040  1      4825.97943  0
 0.000  0.060  1       646.11684  0
 0.000  0.080  1      2115.61073  0
 0.000  0.100  1         0.00000  0
 0.000  0.120  1       538.21848  0
 0.000  0.140  1        47.97812  0
 0.000  0.160  1         0.00000  0
 0.000  0.180  1         0.00000  0
 0.000  0.200  1         0.00000  0
 0.000  0.220  1         0.00000  0
 0.000  0.240  1         0.00000  0
 0.000  0.260  1         0.00000  0
 0.000  0.280  1         0.00000  0
 0.000  0.300  1         0.00000  0
 0.000  0.320  1         0.00000  0
 0.000  0.340  1         0.00000  0
 0.000  0.360  1         0.00000  0
 0.000  0.380  1         0.00000  0
 0.000  0.400  1         0.00000  0
 0.000  0.420  1         0.00000  0
 0.000  0.440  1         0.00000  0
 0.000  0.460  1         0.00000  0
 0.000  0.480  1         0.00000  0
 0.000  0.500  1         0.00000  0
 0.000  0.520  1         0.00000  0
 0.000  0.540  1         0.00000  0
 0.000  0.560  1         0.00000  0
 0.000  0.580  1         0.00000  0
 0.000  0.600  1         0.00000  0
 0.020 -0.060 -1         0.00000  0
 0.020 -0.040 -1         0.00000  0
 0.020 -0.020  1         0.00000  0
 0.020  0.000  1         0.00000  0
 0.036  0.019  0      6134.54080  0
 0.110  0.056  0       701.12947  0
 0.019  0.023  0      4851.90007  0
 0.100  0.018  0       884.03640  0
 0.018  0.043  0      1194.53596  0
 0.055  0.064  0      3338.38987  0
 0.097  0.045  0      2668.37879  0
 0.160  0.076  0       378.75948  0
 0.151  0.051  0      1949.96331  0
 0.029  0.060  0      6348.58116  0
 0.098  0.078  0      1441.26951  0
 0.077  0.052  0      3327.90878  0
 0.042  0.078  0      1257.81233  0
 0.017  0.073  0      5559.38667  0
 0.062  0.082  0      3821.37617  0
 0.044  0.098  0      3040.82465  0
 0.081  0.089  0       595.10691  0
 0.024  0.095  0         0.00000  0
 0.019  0.111  0      4626.92321  0
 0.017  0.136  0      2624.99300  0
 0.025  0.157  0         0.00000  0
 0.022  0.174  0         0.00000  0
 0.022  0.188  0         0.00000  0
 0.051  0.200  0         0.00000  0
 0.028  0.204  0         0.00000  0
 0.040 -0.060 -1         0.00000  0
 0.040 -0.040 -1         0.00000  0
 0.040 -0.020  1         0.00000  0
 0.040  0.000  1      1149.51373  0
 0.060  0.044  0      3936.70578  0
 0.082  0.032  0      2605.49644  0
 0.125  0.019  0      1916.86492  0
 0.149  0.017  0      5448.54890  0
 0.041  0.046  0       263.64380  0
 0.113  0.031  0      3647.75446  0
 0.115  0.075  0      3053.49367  0
 0.139  0.036  0      1520.34618  0
 0.131  0.053  0      2750.25730  0
 0.137  0.071  0         0.00000  0
 0.117  0.094  0      1805.21876  0
 0.187  0.081  0      1246.63265  0
 0.098  0.102  0      1593.84234  0
 0.081  0.069  0      3143.70145  0
 0.144  0.090  0      2233.67571  0
 0.073  0.137  0       680.45993  0
 0.071  0.116  0       518.01361  0
 0.091  0.118  0      3496.73512  0
 0.062  0.105  0      1274.83154  0
 0.039  0.117  0         0.00000  0
 0.036  0.135  0         0.00000  0
 0.059  0.143  0       636.93065  0
 0.058  0.175  0         0.00000  0
 0.043  0.152  0         0.00000  0
 0.054  0.190  0       408.96146  0
 0.060 -0.060 -1         0.00000  0
 0.060 -0.040 -1         0.00000  0
 0.060 -0.020  1         0.00000  0
 0.060  0.000  1       772.65476  0
 0.165  0.026  0      1796.21449  0
 0.052  0.025  0      3852.19222  0
 0.071  0.017  0      5799.25506  0
 0.205  0.033  0      1217.10345  0
 0.187  0.036  0      1748.91946  0
 0.253  0.055  0       467.94589  0
 0.235  0.030  0      1124.42884  0
 0.193  0.058  0         0.00000  0
 0.167  0.046  0       699.38770  0
 0.175  0.066  0      1273.22821  0
 0.209  0.060  0      1813.11387  0
 0.162  0.094  0         0.00000  0
 0.193  0.095  0         0.00000  0
 0.180  0.115  0       900.22850  0
 0.199  0.115  0         0.00000  0
 0.163  0.112  0         0.00000  0
 0.134  0.103  0       943.91936  0
 0.118  0.114  0       455.52484  0
 0.087  0.150  0         0.00000  0
 0.102  0.164  0         0.00000  0
 0.064  0.164  0       111.62960  0
 0.126  0.147  0         0.00000  0
 0.084  0.178  0         0.00000  0
 0.114  0.178  0         0.00000  0
 0.099  0.181  0         0.00000  0
 0.080 -0.060 -1         0.00000  0
 0.080 -0.040 -1         0.00000  0
 0.080 -0.020  1         0.00000  0
 0.080  0.000  1      3873.29925  0
 0.247  0.017  0      3473.84890  0
 0.183  0.018  0      2819.80543  0
 0.282  0.016  0       652.82715  0
 0.213  0.016  0      1609.20971  0
 0.307  0.028  0         0.00000  0
 0.256  0.034  0         0.00000  0
 0.221  0.041  0      1556.54326  0
 0.323  0.016  0         0.00000  0
 0.274  0.030  0      2724.76703  0
 0.324  0.033  0       941.27385  0
 0.292  0.043  0      1830.34324  0
 0.316  0.049  0         0.00000  0
 0.235  0.056  0         0.00000  0
 0.225  0.074  0         0.00000  0
 0.256  0.071  0      1123.00671  0
 0.228  0.091  0         0.00000  0
 0.152  0.129  0         0.00000  0
 0.220  0.108  0         0.00000  0
 0.182  0.151  0         0.00000  0
 0.210  0.133  0         0.00000  0
 0.096  0.136  0         0.00000  0
 0.169  0.140  0         0.00000  0
 0.116  0.132  0      1024.73180  0
 0.160  0.182  0         0.00000  0
 0.126  0.167  0         0.00000  0
 0.100 -0.060 -1         0.00000  0
 0.100 -0.040 -1         0.00000  0
 0.100 -0.020  1         0.00000  0
 0.100  0.000  1      4665.98469  0
 0.359  0.018  0         0.00000  0
 0.424  0.026  0         0.00000  0
 0.373  0.028  0         0.00000  0
 0.365  0.050  0         0.00000  0
 0.464  0.046  0         0.00000  0
 0.387  0.049  0         0.00000  0
 0.349  0.033  0         0.00000  0
 0.423  0.047  0         0.00000  0
 0.330  0.062  0         0.00000  0
 0.352  0.072  0       596.80254  0
 0.325  0.080  0         0.00000  0
 0.384  0.068  0         0.00000  0
 0.300  0.085  0       633.74972  0
 0.276  0.050  0         0.00000  0
 0.285  0.070  0         0.00000  0
 0.208  0.083  0       253.11365  0
 0.251  0.104  0         0.00000  0
 0.292  0.097  0       911.41246  0
 0.186  0.133  0      2102.28143  0
 0.230  0.122  0         0.00000  0
 0.140  0.160  0         0.00000  0
 0.209  0.151  0         0.00000  0
 0.139  0.129  0         0.00000  0
 0.175  0.175  0         0.00000  0
 0.168  0.165  0       330.10435  0
 0.120 -0.060 -1         0.00000  0
 0.120 -0.040 -1         0.00000  0
 0.120 -0.020  1         0.00000  0
 0.120  0.000  1      2574.00287  0
 0.403  0.017  0         0.00000  0
 0.390  0.030  0         0.00000  0
 0.478  0.018  0         0.00000  0
 0.449  0.037  0         0.00000  0
 0.532  0.039  0       279.91121  0
 0.436  0.019  0         0.00000  0
 0.481  0.047  0       332.55881  0
 0.463  0.026  0         0.00000  0
 0.473  0.072  0         0.00000  0
 0.498  0.050  0         0.00000  0
 0.347  0.050  0         0.00000  0
 0.461  0.087  0         0.00000  0
 0.343  0.087  0         0.00000  0
 0.300  0.061  0         0.00000  0
 0.352  0.102  0         0.00000  0
 0.272  0.086  0         0.00000  0
 0.311  0.107  0         0.00000  0
 0.253  0.087  0       803.83669  0
 0.275  0.110  0         0.00000  0
 0.281  0.124  0      2435.63840  0
 0.252  0.120  0      2793.94065  0
 0.227  0.140  0      1802.66247  0
 0.230  0.163  0         0.00000  0
 0.228  0.178  0         0.00000  0
 0.197  0.170  0         0.00000  0
 0.140 -0.060 -1         0.00000  0
 0.140 -0.040 -1         0.00000  0
 0.140 -0.020  1         0.00000  0
 0.140  0.000  1      1946.71963  0
 0.564  0.017  0         0.00000  0
 0.530  0.019  0       686.06057  0
 0.594  0.020  0         0.00000  0
 0.545  0.026  0       410.65711  0
 0.614  0.040  0         0.00000  0
 0.518  0.047  0         0.00000  0
 0.720  0.019  0      1804.27527  0
 0.641  0.020  0         0.00000  0
 0.505  0.018  0         0.00000  0
 0.497  0.031  0      2184.77558  0
 0.448  0.074  0         0.00000  0
 0.533  0.063  0       553.47787  0
 0.445  0.061  0         0.00000  0
 0.440  0.110  0         0.00000  0
 0.404  0.045  0         0.00000  0
 0.460  0.101  0         0.00000  0
 0.401  0.074  0         0.00000  0
 0.369  0.075  0         0.00000  0
 0.301  0.131  0         0.00000  0
 0.320  0.139  0         0.00000  0
 0.263  0.131  0         0.00000  0
 0.280  0.145  0       684.69253  0
 0.244  0.151  0         0.00000  0
 0.281  0.159  0         0.00000  0
 0.249  0.168  0         0.00000  0
 0.160 -0.060 -1         0.00000  0
 0.160 -0.040 -1         0.00000  0
 0.160 -0.020  1         0.00000  0
 0.160  0.000  1      1069.13576  0
 0.832  0.020  0         0.00000  0
 0.615  0.021  0         0.00000  0
 0.785  0.036  0      2011.67773  0
 0.806  0.017  0      1853.95969  0
 0.765  0.030  0       653.50453  0
 0.741  0.019  0         0.00000  0
 0.598  0.052  0         0.00000  0
 0.627  0.033  0         0.00000  0
 0.581  0.031  0         0.00000  0
 0.660  0.021  0         0.00000  0
 0.582  0.073  0         0.00000  0
 0.648  0.068  0         0.00000  0
 0.611  0.085  0         0.00000  0
 0.563  0.060  0       797.85183  0
 0.575  0.044  0         0.00000  0
 0.488  0.074  0         0.00000  0
 0.493  0.091  0         0.00000  0
 0.425  0.062  0         0.00000  0
 0.418  0.080  0         0.00000  0
 0.380  0.097  0         0.00000  0
 0.320  0.124  0       759.82797  0
 0.322  0.097  0         0.00000  0
 0.337  0.134  0         0.00000  0
 0.299  0.154  0         0.00000  0
 0.300  0.167  0         0.00000  0
 0.180 -0.060 -1         0.00000  0
 0.180 -0.040 -1         0.00000  0
 0.180 -0.020  1         0.00000  0
 0.180  0.000  1      1996.04637  0
 0.860  0.018  0         0.00000  0
 0.809  0.033  0         0.00000  0
 0.847  0.033  0         0.00000  0
 0.874  0.032  0         0.00000  0
 0.884  0.018  0      2721.75847  0
 0.873  0.053  0         0.00000  0
 0.899  0.036  0         0.00000  0
 0.778  0.017  0         0.00000  0
 0.830  0.038  0      1385.54580  0
 0.690  0.019  0         0.00000  0
 0.745  0.061  0         0.00000  0
 0.752  0.034  0        75.04963  0
 0.706  0.034  0         0.00000  0
 0.555  0.047  0       316.28336  0
 0.673  0.072  0         0.00000  0
 0.686  0.061  0         0.00000  0
 0.511  0.070  0       521.54385  0
 0.542  0.075  0         0.00000  0
 0.481  0.114  0         0.00000  0
 0.439  0.120  0         0.00000  0
 0.398  0.094  0         0.00000  0
 0.366  0.110  0         0.00000  0
 0.399  0.127  0         0.00000  0
 0.381  0.115  0         0.00000  0
 0.348  0.120  0         0.00000  0
 0.200 -0.060 -1         0.00000  0
 0.200 -0.040 -1         0.00000  0
 0.200 -0.020  1         0.00000  0
 0.200  0.000  1         0.00000  0
 0.990  0.097  0      8400.42627  0
 0.988  0.148  0         0.00000  0
 0.996  0.134  0      7587.52330  0
 0.980  0.049  0      3509.67141  0
 0.970  0.036  0      1071.99623  0
 0.928  0.019  0      2083.41959  0
 0.908  0.020  0      2750.02940  0
 0.908  0.065  0      2637.29128  0
 0.892  0.052  0         0.00000  0
 0.840  0.074  0         0.00000  0
 0.853  0.053  0       514.80782  0
 0.888  0.079  0         0.00000  0
 0.818  0.052  0      1518.63403  0
 0.740  0.078  0         0.00000  0
 0.676  0.028  0         0.00000  0
 0.650  0.045  0         0.00000  0
 0.670  0.047  0         0.00000  0
 0.696  0.046  0       826.92746  0
 0.629  0.063  0         0.00000  0
 0.588  0.089  0         0.00000  0
 0.518  0.083  0         0.00000  0
 0.491  0.106  0         0.00000  0
 0.482  0.126  0         0.00000  0
 0.425  0.095  0         0.00000  0
 0.412  0.130  0         0.00000  0
 0.220 -0.060 -1         0.00000  0
 0.220 -0.040 -1         0.00000  0
 0.220 -0.020  1         0.00000  0
 0.220  0.000  1      2809.57863  0
 1.001  0.109  0         0.00000  0
 0.987  0.186  0         0.00000  0
 0.996  0.240  0         0.00000  0
 0.976  0.097  0         0.00000  0
 1.004  0.169  0         0.00000  0
 0.975  0.069  0         0.00000  0
 0.965  0.118  0         0.00000  0
 0.981  0.017  0         0.00000  0
 0.953  0.022  0         0.00000  0
 0.924  0.039  0         0.00000  0
 0.942  0.033  0      1673.62309  0
 0.903  0.080  0         0.00000  0
 0.861  0.066  0         0.00000  0
 0.826  0.069  0         0.00000  0
 0.849  0.087  0         0.00000  0
 0.807  0.069  0         0.00000  0
 0.759  0.076  0         0.00000  0
 0.726  0.037  0      1318.07794  0
 0.731  0.052  0         0.00000  0
 0.668  0.085  0         0.00000  0
 0.647  0.081  0         0.00000  0
 0.603  0.065  0         0.00000  0
 0.554  0.095  0         0.00000  0
 0.525  0.096  0         0.00000  0
 0.410  0.113  0         0.00000  0
 0.240 -0.060 -1         0.00000  0
 0.240 -0.040 -1         0.00000  0
 0.240 -0.020  1         0.00000  0
 0.240  0.000  1       870.58396  0
 0.979  0.267  0         0.00000  0
 0.998  0.262  0         0.00000  0
 1.003  0.076  0      5718.13518  0
 1.003  0.039  0         0.00000  0
 0.997  0.023  0         0.00000  0
 0.991  0.067  0      4896.64424  0
 0.993  0.201  0         0.00000  0
 0.975  0.150  0         0.00000  0
 0.984  0.126  0      2163.32013  0
 0.931  0.080  0         0.00000  0
 0.961  0.055  0      6405.74065  0
 0.943  0.090  0         0.00000  0
 0.950  0.076  0         0.00000  0
 0.944  0.056  0      1309.45448  0
 0.960  0.104  0         0.00000  0
 0.921  0.057  0       982.08751  0
 0.800  0.089  0         0.00000  0
 0.792  0.065  0         0.00000  0
 0.785  0.050  0         0.00000  0
 0.765  0.065  0         0.00000  0
 0.701  0.074  0         0.00000  0
 0.713  0.067  0         0.00000  0
 0.624  0.077  0         0.00000  0
 0.562  0.082  0         0.00000  0
 0.551  0.111  0         0.00000  0
 0.260 -0.060 -1         0.00000  0
 0.260 -0.040 -1         0.00000  0
 0.260 -0.020  1         0.00000  0
 0.260  0.000  1         0.00000  0
 0.280 -0.060 -1         0.00000  0
 0.280 -0.040 -1         0.00000  0
 0.280 -0.020  1         0.00000  0
 0.280  0.000  1      1956.93423  0
 0.300 -0.060 -1         0.00000  0
 0.300 -0.040 -1         0.00000  0
 0.300 -0.020  1         0.00000  0
 0.300  0.000  1         0.00000  0
 0.320 -0.060 -1         0.00000  0
 0.320 -0.040 -1         0.00000  0
 0.320 -0.020  1         0.00000  0
 0.320  0.000  1      2215.97054  0
 0.340 -0.060 -1         0.00000  0
 0.340 -0.040 -1         0.00000  0
 0.340 -0.020  1         0.00000  0
 0.340  0.000  1         0.00000  0
 0.360 -0.060 -1         0.00000  0
 0.360 -0.040 -1         0.00000  0
 0.360 -0.020  1         0.00000  0
 0.360  0.000  1         0.00000  0
 0.380 -0.060 -1         0.00000  0
 0.380 -0.040 -1         0.00000  0
 0.380 -0.020  1         0.00000  0
 0.380  0.000  1         0.00000  0
 0.400 -0.060 -1         0.00000  0
 0.400 -0.040 -1         0.00000  0
 0.400 -0.020  1         0.00000  0
 0.400  0.000  1         0.00000  0
 0.420 -0.060 -1         0.00000  0
 0.420 -0.040 -1         0.00000  0
 0.420 -0.020  1         0.00000  0
 0.420  0.000  1         0.00000  0
 0.440 -0.060 -1         0.00000  0
 0.440 -0.040 -1         0.00000  0
 0.440 -0.020  1         0.00000  0
 0.440  0.000  1         0.00000  0
 0.460 -0.060 -1         0.00000  0
 0.460 -0.040 -1         0.00000  0
 0.460 -0.020  1         0.00000  0
 0.460  0.000  1         0.00000  0
 0.480 -0.060 -1         0.00000  0
 0.480 -0.040 -1         0.00000  0
 0.480 -0.020  1         0.00000  0
 0.480  0.000  1         0.00000  0
 0.500 -0.060 -1         0.00000  0
 0.500 -0.040 -1         0.00000  0
 0.500 -0.020  1         0.00000  0
 0.500  0.000  1      1895.24711  0
 0.520 -0.060 -1         0.00000  0
 0.520 -0.040 -1         0.00000  0
 0.520 -0.020  1         0.00000  0
 0.520  0.000  1         0.00000  0
 0.540 -0.060 -1         0.00000  0
 0.540 -0.040 -1         0.00000  0
 0.540 -0.020  1         0.00000  0
 0.540  0.000  1         0.00000  0
 0.560 -0.060 -1         0.00000  0
 0.560 -0.040 -1         0.00000  0
 0.560 -0.020  1         0.00000  0
 0.560  0.000  1         0.00000  0
 0.580 -0.060 -1         0.00000  0
 0.580 -0.040 -1         0.00000  0
 0.580 -0.020  1         0.00000  0
 0.580  0.000  1         0.00000  0
 0.600 -0.060 -1         0.00000  0
 0.600 -0.040 -1         0.00000  0
 0.600 -0.020  1         0.00000  0
 0.600  0.000  1         0.00000  0
 0.620 -0.060 -1         0.00000  0
 0.620 -0.040 -1         0.00000  0
 0.620 -0.020  1         0.00000  0
 0.620  0.000  1         0.00000  0
 0.640 -0.060 -1         0.00000  0
 0.640 -0.040 -1         0.00000  0
 0.640 -0.020  1         0.00000  0
 0.640  0.000  1         0.00000  0
 0.660 -0.060 -1         0.00000  0
 0.660 -0.040 -1         0.00000  0
 0.660 -0.020  1         0.00000  0
 0.660  0.000  1         0.00000  0
 0.680 -0.060 -1         0.00000  0
 0.680 -0.040 -1         0.00000  0
 0.680 -0.020  1         0.00000  0
 0.680  0.000  1         0.00000  0
 0.700 -0.060 -1         0.00000  0
 0.700 -0.040 -1         0.00000  0
 0.700 -0.020  1         0.00000  0
 0.700  0.000  1         0.00000  0
 0.720 -0.060 -1         0.00000  0
 0.720 -0.040 -1         0.00000  0
 0.720 -0.020  1         0.00000  0
 0.720  0.000  1       648.54998  0
 0.740 -0.060 -1         0.00000  0
 0.740 -0.040 -1         0.00000  0
 0.740 -0.020  1         0.00000  0
 0.740  0.000  1         0.00000  0
 0.760 -0.060 -1         0.00000  0
 0.760 -0.040 -1         0.00000  0
 0.760 -0.020  1         0.00000  0
 0.760  0.000  1         0.00000  0
 0.780 -0.060 -1         0.00000  0
 0.780 -0.040 -1         0.00000  0
 0.780 -0.020  1         0.00000  0
 0.780  0.000  1         0.00000  0
 0.800 -0.060 -1         0.00000  0
 0.800 -0.040 -1         0.00000  0
 0.800 -0.020  1         0.00000  0
 0.800  0.000  1      1372.00865  0
 0.820 -0.060 -1         0.00000  0
 0.820 -0.040 -1         0.00000  0
 0.820 -0.020  1         0.00000  0
 0.820  0.000  1         0.00000  0
 0.840 -0.060 -1         0.00000  0
 0.840 -0.040 -1         0.00000  0
 0.840 -0.020  1         0.00000  0
 0.840  0.000  1         0.00000  0
 0.860 -0.060 -1         0.00000  0
 0.860 -0.040 -1         0.00000  0
 0.860 -0.020  1         0.00000  0
 0.860  0.000  1      4610.69337  0
 0.880 -0.060 -1         0.00000  0
 0.880 -0.040 -1         0.00000  0
 0.880 -0.020  1         0.00000  0
 0.880  0.000  1      4414.28103  0
 0.900 -0.060 -1         0.00000  0
 0.900 -0.040 -1         0.00000  0
 0.900 -0.020  1         0.00000  0
 0.900  0.000  1         0.00000  0
 0.920 -0.060 -1         0.00000  0
 0.920 -0.040 -1         0.00000  0
 0.920 -0.020  1         0.00000  0
 0.920  0.000  1         0.00000  0
 0.940 -0.060 -1         0.00000  0
 0.940 -0.040 -1         0.00000  0
 0.940 -0.020  1         0.00000  0
 0.940  0.000  1         0.00000  0
 0.960 -0.060 -1         0.00000  0
 0.960 -0.040 -1         0.00000  0
 0.960 -0.020  1         0.00000  0
 0.960  0.000  1         0.00000  0
 0.980 -0.060 -1         0.00000  0
 0.980 -0.040 -1         0.00000  0
 0.980 -0.020  1         0.00000  0
 0.980  0.000  1      1787.05747  0
 1.000 -0.060 -1         0.00000  0
 1.000 -0.040 -1         0.00000  0
 1.000 -0.020  1         0.00000  0
 1.000  0.000  1         0.00000  0
 1.020 -0.060 -1         0.00000  0
 1.020 -0.040 -1         0.00000  0
 1.020 -0.020  1         0.00000  0
 1.020  0.000  1         0.00000  0
 1.020  0.020  1         0.00000  0
 1.020  0.040  1         0.00000  0
 1.020  0.060  1         0.00000  0
 1.020  0.080  1      2107.78331  0
 1.020  0.100  1         0.00000  0
 1.020  0.120  1         0.00000  0
 1.020  0.140  1         0.00000  0
 1.020  0.160  1         0.00000  0
 1.020  0.180  1         0.00000  0
 1.020  0.200  1         0.00000  0
 1.020  0.220  1         0.00000  0
 1.020  0.240  1         0.00000  0
 1.020  0.260  1         0.00000  0
 1.020  0.280  1         0.00000  0
 1.020  0.300  1         0.00000  0
 1.020  0.320  1         0.00000  0
 1.020  0.340  1         0.00000  0
 1.020  0.360  1         0.00000  0
 1.020  0.380  1         0.00000  0
 1.020  0.400  1         0.00000  0
 1.020  0.420  1         0.00000  0
 1.020  0.440  1         0.00000  0
 1.020  0.460  1         0.00000  0
 1.020  0.480  1         0.00000  0
 1.020  0.500  1         0.00000  0
 1.020  0.520  1         0.00000  0
 1.020  0.540  1         0.00000  0
 1.020  0.560  1         0.00000  0
 1.020  0.580  1         0.00000  0
 1.020  0.600  1         0.00000  0
 1.040 -0.060 -1         0.00000  0
 1.040 -0.040 -1         0.00000  0
 1.040 -0.020  1         0.00000  0
 1.040  0.000  1         0.00000  0
 1.040  0.020  1         0.00000  0
 1.040  0.040  1         0.00000  0
 1.040  0.060  1         0.00000  0
 1.040  0.080  1         0.00000  0
 1.040  0.100  1         0.00000  0
 1.040  0.120  1         0.00000  0
 1.040  0.140  1         0.00000  0
 1.040  0.160  1         0.00000  0
 1.040  0.180  1         0.00000  0
 1.040  0.200  1         0.00000  0
 1.040  0.220  1         0.00000  0
 1.040  0.240  1         0.00000  0
 1.040  0.260  1         0.00000  0
 1.040  0.280  1         0.00000  0
 1.040  0.300  1         0.00000  0
 1.040  0.320  1         0.00000  0
 1.040  0.340  1         0.00000  0
 1.040  0.360  1         0.00000  0
 1.040  0.380  1         0.00000  0
 1.040  0.400  1         0.00000  0
 1.040  0.420  1         0.00000  0
 1.040  0.440  1         0.00000  0
 1.040  0.460  1         0.00000  0
 1.040  0.480  1         0.00000  0
 1.040  0.500  1         0.00000  0
 1.040  0.520  1         0.00000  0
 1.040  0.540  1         0.00000  0
 1.040  0.560  1         0.00000  0
 1.040  0.580  1         0.00000  0
 1.040  0.600  1         0.00000  0
 1.060 -0.060 -1         0.00000  0
 1.060 -0.040 -1         0.00000  0
 1.060 -0.020 -1         0.00000  0
 1.060  0.000 -1         0.00000  0
 1.060  0.020 -1         0.00000  0
 1.060  0.040 -1         0.00000  0
 1.060  0.060 -1         0.00000  0
 1.060  0.080 -1         0.00000  0
 1.060  0.100 -1         0.00000  0
 1.060  0.120 -1         0.00000  0
 1.060  0.140 -1         0.00000  0
 1.060  0.160 -1         0.00000  0
 1.060  0.180 -1         0.00000  0
 1.060  0.200 -1         0.00000  0
 1.060  0.220 -1         0.00000  0
 1.060  0.240 -1         0.00000  0
 1.060  0.260 -1         0.00000  0
 1.060  0.280 -1         0.00000  0
 1.060  0.300 -1         0.00000  0
 1.060  0.320 -1         0.00000  0
 1.060  0.340 -1         0.00000  0
 1.060  0.360 -1         0.00000  0
 1.060  0.380 -1         0.00000  0
 1.060  0.400 -1         0.00000  0
 1.060  0.420 -1         0.00000  0
 1.060  0.440 -1         0.00000  0
 1.060  0.460 -1         0.00000  0
 1.060  0.480 -1         0.00000  0
 1.060  0.500 -1         0.00000  0
 1.060  0.520 -1         0.00000  0
 1.060  0.540 -1         0.00000  0
 1.060  0.560 -1         0.00000  0
 1.060  0.580  1         0.00000  0
 1.060  0.600  1         0.00000  0
 1.080 -0.060 -1         0.00000  0
 1.080 -0.040 -1         0.00000  0
 1.080 -0.020 -1         0.00000  0
 1.080  0.000 -1         0.00000  0
 1.080  0.020 -1         0.00000  0
 1.080  0.040 -1         0.00000  0
 1.080  0.060 -1         0.00000  0
 1.080  0.080 -1         0.00000  0
 1.080  0.100 -1         0.00000  0
 1.080  0.120 -1         0.00000  0
 1.080  0.140 -1         0.00000  0
 1.080  0.160 -1         0.00000  0
 1.080  0.180 -1         0.00000  0
 1.080  0.200 -1         0.00000  0
 1.080  0.220 -1         0.00000  0
 1.080  0.240 -1         0.00000  0
 1.080  0.260 -1         0.00000  0
 1.080  0.280 -1         0.00000  0
 1.080  0.300 -1         0.00000  0
 1.080  0.320 -1         0.00000  0
 1.080  0.340 -1         0.00000  0
 1.080  0.360 -1         0.00000  0
 1.080  0.380 -1         0.00000  0
 1.080  0.400 -1         0.00000  0
 1.080  0.420 -1         0.00000  0
 1.080  0.440 -1         0.00000  0
 1.080  0.460 -1         0.00000  0
 1.080  0.480 -1         0.00000  0
 1.080  0.500 -1         0.00000  0
 1.080  0.520 -1         0.00000  0
 1.080  0.540 -1         0.00000  0
 1.080  0.560 -1         0.00000  0
 1.080  0.580  1         0.00000  0
 1.080  0.600  1         0.00000  0
