-0.075 -0.075 -1         0.00000  0
-0.075 -0.050 -1         0.00000  0
-0.075 -0.025 -1         0.00000  0
-0.075  0.000 -1         0.00000  0
-0.075  0.025 -1         0.00000  0
-0.075  0.050 -1         0.00000  0
-0.075  0.075 -1         0.00000  0
-0.075  0.100 -1         0.00000  0
-0.075  0.125 -1         0.00000  0
-0.075  0.150 -1         0.00000  0
-0.075  0.175 -1         0.00000  0
-0.075  0.200 -1         0.00000  0
-0.075  0.225 -1         0.00000  0
-0.075  0.250 -1         0.00000  0
-0.075  0.275 -1         0.00000  0
-0.075  0.300 -1         0.00000  0
-0.075  0.325 -1         0.00000  0
-0.075  0.350 -1         0.00000  0
-0.075  0.375 -1         0.00000  0
-0.075  0.400 -1         0.00000  0
-0.075  0.425 -1         0.00000  0
-0.075  0.450 -1         0.00000  0
-0.075  0.475 -1         0.00000  0
-0.075  0.500 -1         0.00000  0
-0.075  0.525 -1         0.00000  0
-0.075  0.550 -1         0.00000  0
-0.075  0.575  1         0.00000  0
-0.075  0.600  1         0.00000  0
-0.050 -0.075 -1         0.00000  0
-0.050 -0.050 -1         0.00000  0
-0.050 -0.025 -1         0.00000  0
-0.050  0.000 -1         0.00000  0
-0.050  0.025 -1         0.00000  0
-0.050  0.050 -1         0.00000  0
-0.050  0.075 -1         0.00000  0
-0.050  0.100 -1         0.00000  0
-0.050  0.125 -1         0.00000  0
-0.050  0.150 -1         0.00000  0
-0.050  0.175 -1         0.00000  0
-0.050  0.200 -1         0.00000  0
-0.050  0.225 -1         0.00000  0
-0.050  0.250 -1         0.00000  0
-0.050  0.275 -1         0.00000  0
-0.050  0.300 -1         0.00000  0
-0.050  0.325 -1         0.00000  0
-0.050  0.350 -1         0.00000  0
-0.050  0.375 -1         0.00000  0
-0.050  0.400 -1         0.00000  0
-0.050  0.425 -1         0.00000  0
-0.050  0.450 -1         0.00000  0
-0.050  0.475 -1         0.00000  0
-0.050  0.500 -1         0.00000  0
-0.050  0.525 -1         0.00000  0
-0.050  0.550 -1         0.00000  0
-0.050  0.575  1         0.00000  0
-0.050  0.600  1         0.00000  0
-0.025 -0.075 -1         0.00000  0
-0.025 -0.050 -1         0.00000  0
-0.025 -0.025  1         0.00000  0
-0.025  0.000  1         0.00000  0
-0.025  0.025  1         0.00000  0
-0.025  0.050  1         0.00000  0
-0.025  0.075  1         0.00000  0
-0.025  0.100  1         0.00000  0
-0.025  0.125  1         0.00000  0
-0.025  0.150  1         0.00000  0
-0.025  0.175  1         0.00000  0
-0.025  0.200  1         0.00000  0
-0.025  0.225  1         0.00000  0
-0.025  0.250  1         0.00000  0
-0.025  0.275  1         0.00000  0
-0.025  0.300  1         0.00000  0
-0.025  0.325  1         0.00000  0
-0.025  0.350  1         0.00000  0
-0.025  0.375  1         0.00000  0
-0.025  0.400  1         0.00000  0
-0.025  0.425  1         0.00000  0
-0.025  0.450  1         0.00000  0
-0.025  0.475  1         0.00000  0
-0.025  0.500  1         0.00000  0
-0.025  0.525  1         0.00000  0
-0.025  0.550  1         0.00000  0
-0.025  0.575  1         0.00000  0
-0.025  0.600  1         0.00000  0
 0.000 -0.075 -1         0.00000  0
 0.000 -0.050 -1         0.00000  0
 0.000 -0.025  1         0.00000  0
 0.000  0.000  1       845.99471  0
 0.000  0.025  1      1265.47843  0
 0.000  0.050  1         0.00000  0
 0.000  0.075  1      2812.80484  0
 0.000  0.100  1       135.56400  0
 0.000  0.125  1      3083.03228  0
 0.000  0.150  1         0.00000  0
 0.000  0.175  1         0.00000  0
 0.000  0.200  1         0.00000  0
 0.000  0.225  1         0.00000  0
 0.000  0.250  1         0.00000  0
 0.000  0.275  1         0.00000  0
 0.000  0.300  1         0.00000  0
 0.000  0.325  1         0.00000  0
 0.000  0.350  1         0.00000  0
 0.000  0.375  1         0.00000  0
 0.000  0.400  1         0.00000  0
 0.000  0.425  1         0.00000  0
 0.000  0.450  1         0.00000  0
 0.000  0.475  1         0.00000  0
 0.000  0.500  1         0.00000  0
 0.000  0.525  1         0.00000  0
 0.000  0.550  1         0.00000  0
 0.000  0.575  1         0.00000  0
 0.000  0.600  1         0.00000  0
 0.025 -0.075 -1         0.00000  0
 0.025 -0.050 -1         0.00000  0
 0.025 -0.025  1         0.00000  0
 0.025  0.000  1      2587.17058  0
 0.066  0.020  0      3003.20844  0
 0.165  0.039  0      1711.00871  0
 0.098  0.025  0        41.49816  0
 0.192  0.076  0      1983.73725  0
 0.025  0.022  0      2855.17996  0
 0.077  0.045  0      1147.19105  0
 0.052  0.038  0      1304.39458  0
 0.138  0.071  0       942.22287  0
 0.114  0.043  0      1214.83022  0
 0.063  0.070  0      2640.95451  0
 0.083  0.082  0         0.00000  0
 0.025  0.045  0      1086.97601  0
 0.018  0.084  0       415.55007  0
 0.036  0.133  0         0.00000  0
 0.036  0.101  0      1412.82914  0
 0.085  0.112  0      2459.17830  0
 0.055  0.164  0         0.00000  0
 0.065  0.163  0         0.00000  0
 0.088  0.134  0       863.32079  0
 0.018  0.134  0         0.00000  0
 0.050 -0.075 -1         0.00000  0
 0.050 -0.050 -1         0.00000  0
 0.050 -0.025  1         0.00000  0
 0.050  0.000  1       209.28245  0
 0.124  0.024  0      2732.90336  0
 0.190  0.021  0      1911.68946  0
 0.219  0.085  0      1539.97393  0
 0.190  0.043  0       175.76541  0
 0.139  0.055  0         0.00000  0
 0.173  0.060  0       871.90592  0
 0.171  0.087  0         0.00000  0
 0.201  0.121  0         0.00000  0
 0.094  0.059  0      2313.18332  0
 0.106  0.079  0      1577.39400  0
 0.108  0.102  0      1059.52958  0
 0.241  0.085  0      1721.26242  0
 0.041  0.060  0      1912.31515  0
 0.187  0.136  0       510.72065  0
 0.051  0.090  0       826.89307  0
 0.059  0.115  0      1005.84135  0
 0.136  0.115  0      1414.55799  0
 0.065  0.136  0       329.71961  0
 0.106  0.133  0         0.00000  0
 0.125  0.141  0         0.00000  0
 0.075 -0.075 -1         0.00000  0
 0.075 -0.050 -1         0.00000  0
 0.075 -0.025  1         0.00000  0
 0.075  0.000  1      2986.76615  0
 0.221  0.021  0         0.00000  0
 0.151  0.023  0      1228.12071  0
 0.367  0.025  0      1049.67646  0
 0.260  0.020  0      2486.88658  0
 0.296  0.023  0       851.12886  0
 0.228  0.044  0      1101.60202  0
 0.288  0.039  0       810.12721  0
 0.215  0.057  0         0.00000  0
 0.248  0.058  0        78.31883  0
 0.193  0.098  0       880.36434  0
 0.258  0.040  0         0.00000  0
 0.133  0.094  0       570.14142  0
 0.286  0.070  0         0.00000  0
 0.224  0.139  0        27.62317  1
 0.158  0.105  0       825.88176  0
 0.162  0.127  0         0.00000  0
 0.267  0.159  0         0.00000  0
 0.139  0.149  0         0.00000  0
 0.227  0.149  0         0.00000  1
 0.180  0.149  0         0.00000  0
 0.100 -0.075 -1         0.00000  0
 0.100 -0.050 -1         0.00000  0
 0.100 -0.025  1         0.00000  0
 0.100  0.000  1      1132.09313  0
 0.479  0.029  0        97.78186  0
 0.443  0.021  0       888.76091  0
 0.409  0.023  0      1806.26826  0
 0.333  0.020  0       113.26774  0
 0.388  0.029  0      1080.94991  0
 0.330  0.041  0       262.79886  0
 0.414  0.049  0         0.00000  0
 0.468  0.043  0         0.00000  0
 0.420  0.106  0         0.00000  0
 0.355  0.045  0      1924.76652  0
 0.456  0.062  0        45.24698  0
 0.306  0.055  0       109.75359  0
 0.397  0.062  0       700.98113  0
 0.336  0.066  0         0.00000  0
 0.316  0.075  0         0.00000  0
 0.266  0.077  0       518.69238  0
 0.250  0.112  0         0.00000  0
 0.225  0.108  0         0.00000  0
 0.288  0.138  0         0.00000  0
 0.266  0.102  0         0.00000  0
 0.125 -0.075 -1         0.00000  0
 0.125 -0.050 -1         0.00000  0
 0.125 -0.025  1         0.00000  0
 0.125  0.000  1      2706.91496  0
 0.527  0.020  0         0.00000  0
 0.552  0.041  0         0.00000  0
 0.565  0.027  0       346.94783  0
 0.434  0.039  0         0.00000  0
 0.615  0.046  0        50.05328  0
 0.679  0.024  0         0.00000  0
 0.654  0.039  0       767.42760  0
 0.611  0.025  0      2308.37281  0
 0.580  0.069  0         0.00000  0
 0.500  0.029  0         0.00000  0
 0.531  0.047  0       320.99415  0
 0.510  0.049  0        64.04637  0
 0.400  0.110  0         0.00000  0
 0.437  0.098  0         0.00000  0
 0.368  0.060  0         0.00000  0
 0.299  0.094  0       398.22229  0
 0.350  0.088  0         0.00000  0
 0.285  0.115  0         0.00000  0
 0.314  0.117  0       499.29450  0
 0.307  0.137  0         0.00000  0
 0.150 -0.075 -1         0.00000  0
 0.150 -0.050 -1         0.00000  0
 0.150 -0.025  1         0.00000  0
 0.150  0.000  1       759.98088  0
 0.900  0.048  0      4442.65514  0
 0.641  0.021  0       306.12964  0
 0.897  0.024  0      3084.69191  0
 0.715  0.050  0       335.06612  0
 0.915  0.077  0       884.38493  0
 0.764  0.027  0         0.00000  0
 0.717  0.024  0      1186.19978  0
 0.588  0.026  0       877.79594  0
 0.698  0.041  0         0.00000  0
 0.646  0.078  0       789.12850  0
 0.586  0.053  0        36.54215  0
 0.556  0.075  0         0.00000  0
 0.491  0.070  0         0.00000  0
 0.435  0.122  0         0.00000  0
 0.426  0.076  0         0.00000  0
 0.370  0.087  0      1258.58584  0
 0.401  0.081  0         0.00000  0
 0.376  0.110  0         0.00000  0
 0.354  0.113  0         0.00000  0
 0.326  0.105  0         0.00000  0
 0.175 -0.075 -1         0.00000  0
 0.175 -0.050 -1         0.00000  0
 0.175 -0.025  1         0.00000  0
 0.175  0.000  1         0.00000  0
 0.964  0.027  0      3711.18375  0
 0.921  0.028  0      2763.15423  0
 0.967  0.062  0      2482.74194  0
 0.935  0.101  0      2852.70849  0
 0.950  0.089  0      2453.89697  0
 0.956  0.160  0         0.00000  0
 0.919  0.139  0         0.00000  0
 0.739  0.026  0         0.00000  0
 0.845  0.027  0       677.05123  0
 0.708  0.071  0         0.00000  0
 0.821  0.054  0       260.69318  0
 0.801  0.059  0         0.00000  0
 0.743  0.057  0       455.71577  0
 0.626  0.060  0         0.00000  0
 0.640  0.092  0         0.00000  0
 0.511  0.079  0         0.00000  0
 0.589  0.094  0         0.00000  0
 0.495  0.101  0         0.00000  0
 0.477  0.098  0         0.00000  0
 0.459  0.078  0         0.00000  0
 0.200 -0.075 -1         0.00000  0
 0.200 -0.050 -1         0.00000  0
 0.200 -0.025  1         0.00000  0
 0.200  0.000  1      1179.58874  0
 0.983  0.051  0      1623.05336  0
 0.988  0.023  0      7958.56498  0
 1.002  0.116  0       281.02953  0
 1.006  0.213  0         0.00000  0
 1.002  0.069  0         0.00000  0
 0.942  0.026  0      3982.16863  0
 0.945  0.149  0         0.00000  0
 0.991  0.281  0         0.00000  0
 0.954  0.192  0         0.00000  0
 0.878  0.069  0      1739.74626  0
 0.784  0.033  0         0.00000  0
 0.871  0.023  0         0.00000  0
 0.877  0.048  0      2629.47191  0
 0.800  0.022  0      1281.93082  0
 0.811  0.074  0         0.00000  0
 0.701  0.091  0         0.00000  0
 0.683  0.091  0         0.00000  0
 0.645  0.107  0         0.00000  0
 0.600  0.091  0         0.00000  0
 0.527  0.074  0         0.00000  0
 0.225 -0.075 -1         0.00000  0
 0.225 -0.050 -1         0.00000  0
 0.225 -0.025  1         0.00000  0
 0.225  0.000  1      1044.60975  0
 0.997  0.166  0         0.00000  0
 0.976  0.320  0         0.00000  0
 0.933  0.526  0         0.00000  0
 0.936  0.465  0         0.00000  0
 1.006  0.279  0         0.00000  0
 0.999  0.145  0      2273.27984  0
 1.001  0.423  0         0.00000  0
 0.974  0.095  0      3770.67763  0
 0.975  0.126  0         0.00000  0
 0.948  0.057  0      1526.56870  0
 0.990  0.099  0      4695.10837  0
 0.951  0.119  0      3953.24504  0
 0.976  0.154  0      2688.81409  0
 0.901  0.103  0         0.00000  0
 0.893  0.081  0         0.00000  0
 0.855  0.071  0         0.00000  0
 0.829  0.027  0      2023.20436  0
 0.755  0.072  0         0.00000  0
 0.683  0.073  0         0.00000  0
 0.552  0.090  0         0.00000  0
 0.250 -0.075 -1         0.00000  0
 0.250 -0.050 -1         0.00000  0
 0.250 -0.025  1         0.00000  0
 0.250  0.000  1      1077.43759  0
 0.977  0.545  0         0.00000  0
 1.001  0.563  0         0.00000  0
 0.950  0.495  0         0.00000  0
 0.995  0.222  0         0.00000  0
 1.005  0.035  0      9530.83593  0
 0.975  0.516  0         0.00000  0
 0.944  0.224  0         0.00000  0
 1.003  0.456  0         0.00000  0
 0.997  0.329  0         0.00000  0
 0.953  0.216  0         0.00000  0
 0.955  0.340  0         0.00000  0
 0.983  0.184  0         0.00000  0
 0.989  0.348  0         0.00000  0
 0.972  0.303  0       454.51336  0
 0.968  0.289  0         0.00000  0
 0.929  0.126  0      1458.28352  0
 0.926  0.060  0      2518.29922  0
 0.841  0.065  0         0.00000  0
 0.760  0.055  0         0.00000  0
 0.657  0.055  0         0.00000  0
 0.275 -0.075 -1         0.00000  0
 0.275 -0.050 -1         0.00000  0
 0.275 -0.025  1         0.00000  0
 0.275  0.000  1      1966.68610  0
 0.300 -0.075 -1         0.00000  0
 0.300 -0.050 -1         0.00000  0
 0.300 -0.025  1         0.00000  0
 0.300  0.000  1         0.00000  0
 0.325 -0.075 -1         0.00000  0
 0.325 -0.050 -1         0.00000  0
 0.325 -0.025  1         0.00000  0
 0.325  0.000  1       271.58297  0
 0.350 -0.075 -1         0.00000  0
 0.350 -0.050 -1         0.00000  0
 0.350 -0.025  1         0.00000  0
 0.350  0.000  1         0.00000  0
 0.375 -0.075 -1         0.00000  0
 0.375 -0.050 -1         0.00000  0
 0.375 -0.025  1         0.00000  0
 0.375  0.000  1         0.00000  0
 0.400 -0.075 -1         0.00000  0
 0.400 -0.050 -1         0.00000  0
 0.400 -0.025  1         0.00000  0
 0.400  0.000  1       396.29639  0
 0.425 -0.075 -1         0.00000  0
 0.425 -0.050 -1         0.00000  0
 0.425 -0.025  1         0.00000  0
 0.425  0.000  1       653.12393  0
 0.450 -0.075 -1         0.00000  0
 0.450 -0.050 -1         0.00000  0
 0.450 -0.025  1         0.00000  0
 0.450  0.000  1         0.00000  0
 0.475 -0.075 -1         0.00000  0
 0.475 -0.050 -1         0.00000  0
 0.475 -0.025  1         0.00000  0
 0.475  0.000  1         0.00000  0
 0.500 -0.075 -1         0.00000  0
 0.500 -0.050 -1         0.00000  0
 0.500 -0.025  1         0.00000  0
 0.500  0.000  1         0.00000  0
 0.525 -0.075 -1         0.00000  0
 0.525 -0.050 -1         0.00000  0
 0.525 -0.025  1         0.00000  0
 0.525  0.000  1      1833.95494  0
 0.550 -0.075 -1         0.00000  0
 0.550 -0.050 -1         0.00000  0
 0.550 -0.025  1         0.00000  0
 0.550  0.000  1         0.00000  0
 0.575 -0.075 -1         0.00000  0
 0.575 -0.050 -1         0.00000  0
 0.575 -0.025  1         0.00000  0
 0.575  0.000  1         0.00000  0
 0.600 -0.075 -1         0.00000  0
 0.600 -0.050 -1         0.00000  0
 0.600 -0.025  1         0.00000  0
 0.600  0.000  1       566.06008  0
 0.625 -0.075 -1         0.00000  0
 0.625 -0.050 -1         0.00000  0
 0.625 -0.025  1         0.00000  0
 0.625  0.000  1      1060.02619  0
 0.650 -0.075 -1         0.00000  0
 0.650 -0.050 -1         0.00000  0
 0.650 -0.025  1         0.00000  0
 0.650  0.000  1       440.64210  0
 0.675 -0.075 -1         0.00000  0
 0.675 -0.050 -1         0.00000  0
 0.675 -0.025  1         0.00000  0
 0.675  0.000  1         0.00000  0
 0.700 -0.075 -1         0.00000  0
 0.700 -0.050 -1         0.00000  0
 0.700 -0.025  1         0.00000  0
 0.700  0.000  1         0.00000  0
 0.725 -0.075 -1         0.00000  0
 0.725 -0.050 -1         0.00000  0
 0.725 -0.025  1         0.00000  0
 0.725  0.000  1         0.00000  0
 0.750 -0.075 -1         0.00000  0
 0.750 -0.050 -1         0.00000  0
 0.750 -0.025  1         0.00000  0
 0.750  0.000  1         0.00000  0
 0.775 -0.075 -1         0.00000  0
 0.775 -0.050 -1         0.00000  0
 0.775 -0.025  1         0.00000  0
 0.775  0.000  1         0.00000  0
 0.800 -0.075 -1         0.00000  0
 0.800 -0.050 -1         0.00000  0
 0.800 -0.025  1         0.00000  0
 0.800  0.000  1      2682.78082  0
 0.825 -0.075 -1         0.00000  0
 0.825 -0.050 -1         0.00000  0
 0.825 -0.025  1         0.00000  0
 0.825  0.000  1         0.00000  0
 0.850 -0.075 -1         0.00000  0
 0.850 -0.050 -1         0.00000  0
 0.850 -0.025  1         0.00000  0
 0.850  0.000  1       735.96710  0
 0.875 -0.075 -1         0.00000  0
 0.875 -0.050 -1         0.00000  0
 0.875 -0.025  1         0.00000  0
 0.875  0.000  1      1966.66809  0
 0.900 -0.075 -1         0.00000  0
 0.900 -0.050 -1         0.00000  0
 0.900 -0.025  1         0.00000  0
 0.900  0.000  1      2085.20384  0
 0.925 -0.075 -1         0.00000  0
 0.925 -0.050 -1         0.00000  0
 0.925 -0.025  1         0.00000  0
 0.925  0.000  1      1265.28243  0
 0.950 -0.075 -1         0.00000  0
 0.950 -0.050 -1         0.00000  0
 0.950 -0.025  1         0.00000  0
 0.950  0.000  1      2584.29968  0
 0.975 -0.075 -1         0.00000  0
 0.975 -0.050 -1         0.00000  0
 0.975 -0.025  1         0.00000  0
 0.975  0.000  1      3260.38858  0
 1.000 -0.075 -1         0.00000  0
 1.000 -0.050 -1         0.00000  0
 1.000 -0.025  1         0.00000  0
 1.000  0.000  1      2394.63999  0
 1.025 -0.075 -1         0.00000  0
 1.025 -0.050 -1         0.00000  0
 1.025 -0.025  1         0.00000  0
 1.025  0.000  1       911.13463  0
 1.025  0.025  1      4976.39048  0
 1.025  0.050  1      3709.82716  0
 1.025  0.075  1         0.00000  0
 1.025  0.100  1         0.00000  0
 1.025  0.125  1         0.00000  0
 1.025  0.150  1         0.00000  0
 1.025  0.175  1         0.00000  0
 1.025  0.200  1         0.00000  0
 1.025  0.225  1         0.00000  0
 1.025  0.250  1         0.00000  0
 1.025  0.275  1      1402.04312  0
 1.025  0.300  1         0.00000  0
 1.025  0.325  1         0.00000  0
 1.025  0.350  1         0.00000  0
 1.025  0.375  1         0.00000  0
 1.025  0.400  1         0.00000  0
 1.025  0.425  1         0.00000  0
 1.025  0.450  1         0.00000  0
 1.025  0.475  1         0.00000  0
 1.025  0.500  1         0.00000  0
 1.025  0.525  1         0.00000  0
 1.025  0.550  1         0.00000  0
 1.025  0.575  1         0.00000  0
 1.025  0.600  1         0.00000  0
 1.050 -0.075 -1         0.00000  0
 1.050 -0.050 -1         0.00000  0
 1.050 -0.025  1         0.00000  0
 1.050  0.000  1         0.00000  0
 1.050  0.025  1         0.00000  0
 1.050  0.050  1         0.00000  0
 1.050  0.075  1         0.00000  0
 1.050  0.100  1         0.00000  0
 1.050  0.125  1         0.00000  0
 1.050  0.150  1         0.00000  0
 1.050  0.175  1         0.00000  0
 1.050  0.200  1         0.00000  0
 1.050  0.225  1         0.00000  0
 1.050  0.250  1         0.00000  0
 1.050  0.275  1         0.00000  0
 1.050  0.300  1         0.00000  0
 1.050  0.325  1         0.00000  0
 1.050  0.350  1         0.00000  0
 1.050  0.375  1         0.00000  0
 1.050  0.400  1         0.00000  0
 1.050  0.425  1         0.00000  0
 1.050  0.450  1         0.00000  0
 1.050  0.475  1         0.00000  0
 1.050  0.500  1         0.00000  0
 1.050  0.525  1         0.00000  0
 1.050  0.550  1         0.00000  0
 1.050  0.575  1         0.00000  0
 1.050  0.600  1         0.00000  0
 1.075 -0.075 -1         0.00000  0
 1.075 -0.050 -1         0.00000  0
 1.075 -0.025 -1         0.00000  0
 1.075  0.000 -1         0.00000  0
 1.075  0.025 -1         0.00000  0
 1.075  0.050 -1         0.00000  0
 1.075  0.075 -1         0.00000  0
 1.075  0.100 -1         0.00000  0
 1.075  0.125 -1         0.00000  0
 1.075  0.150 -1         0.00000  0
 1.075  0.175 -1         0.00000  0
 1.075  0.200 -1         0.00000  0
 1.075  0.225 -1         0.00000  0
 1.075  0.250 -1         0.00000  0
 1.075  0.275 -1         0.00000  0
 1.075  0.300 -1         0.00000  0
 1.075  0.325 -1         0.00000  0
 1.075  0.350 -1         0.00000  0
 1.075  0.375 -1         0.00000  0
 1.075  0.400 -1         0.00000  0
 1.075  0.425 -1         0.00000  0
 1.075  0.450 -1         0.00000  0
 1.075  0.475 -1         0.00000  0
 1.075  0.500 -1         0.00000  0
 1.075  0.525 -1         0.00000  0
 1.075  0.550 -1         0.00000  0
 1.075  0.575  1         0.00000  0
 1.075  0.600  1         0.00000  0
 1.100 -0.075 -1         0.00000  0
 1.100 -0.050 -1         0.00000  0
 1.100 -0.025 -1         0.00000  0
 1.100  0.000 -1         0.00000  0
 1.100  0.025 -1         0.00000  0
 1.100  0.050 -1         0.00000  0
 1.100  0.075 -1         0.00000  0
 1.100  0.100 -1         0.00000  0
 1.100  0.125 -1         0.00000  0
 1.100  0.150 -1         0.00000  0
 1.100  0.175 -1         0.00000  0
 1.100  0.200 -1         0.00000  0
 1.100  0.225 -1         0.00000  0
 1.100  0.250 -1         0.00000  0
 1.100  0.275 -1         0.00000  0
 1.100  0.300 -1         0.00000  0
 1.100  0.325 -1         0.00000  0
 1.100  0.350 -1         0.00000  0
 1.100  0.375 -1         0.00000  0
 1.100  0.400 -1         0.00000  0
 1.100  0.425 -1         0.00000  0
 1.100  0.450 -1         0.00000  0
 1.100  0.475 -1         0.00000  0
 1.100  0.500 -1         0.00000  0
 1.100  0.525 -1         0.00000  0
 1.100  0.550 -1         0.00000  0
 1.100  0.575  1         0.00000  0
 1.100  0.600  1         0.00000  0
