-0.075 -0.075 -1         0.00000  0
-0.075 -0.050 -1         0.00000  0
-0.075 -0.025 -1         0.00000  0
-0.075  0.000 -1         0.00000  0
-0.075  0.025 -1         0.00000  0
-0.075  0.050 -1         0.00000  0
-0.075  0.075 -1         0.00000  0
-0.075  0.100 -1         0.00000  0
-0.075  0.125 -1         0.00000  0
-0.075  0.150 -1         0.00000  0
-0.075  0.175 -1         0.00000  0
-0.075  0.200 -1         0.00000  0
-0.075  0.225 -1         0.00000  0
-0.075  0.250 -1         0.00000  0
-0.075  0.275 -1         0.00000  0
-0.075  0.300 -1         0.00000  0
-0.075  0.325 -1         0.00000  0
-0.075  0.350 -1         0.00000  0
-0.075  0.375 -1         0.00000  0
-0.075  0.400 -1         0.00000  0
-0.075  0.425 -1         0.00000  0
-0.075  0.450 -1         0.00000  0
-0.075  0.475 -1         0.00000  0
-0.075  0.500 -1         0.00000  0
-0.075  0.525 -1         0.00000  0
-0.075  0.550 -1         0.00000  0
-0.075  0.575  1         0.00000  0
-0.075  0.600  1         0.00000  0
-0.050 -0.075 -1         0.00000  0
-0.050 -0.050 -1         0.00000  0
-0.050 -0.025 -1         0.00000  0
-0.050  0.000 -1         0.00000  0
-0.050  0.025 -1         0.00000  0
-0.050  0.050 -1         0.00000  0
-0.050  0.075 -1         0.00000  0
-0.050  0.100 -1         0.00000  0
-0.050  0.125 -1         0.00000  0
-0.050  0.150 -1         0.00000  0
-0.050  0.175 -1         0.00000  0
-0.050  0.200 -1         0.00000  0
-0.050  0.225 -1         0.00000  0
-0.050  0.250 -1         0.00000  0
-0.050  0.275 -1         0.00000  0
-0.050  0.300 -1         0.00000  0
-0.050  0.325 -1         0.00000  0
-0.050  0.350 -1         0.00000  0
-0.050  0.375 -1         0.00000  0
-0.050  0.400 -1         0.00000  0
-0.050  0.425 -1         0.00000  0
-0.050  0.450 -1         0.00000  0
-0.050  0.475 -1         0.00000  0
-0.050  0.500 -1         0.00000  0
-0.050  0.525 -1         0.00000  0
-0.050  0.550 -1         0.00000  0
-0.050  0.575  1         0.00000  0
-0.050  0.600  1         0.00000  0
-0.025 -0.075 -1         0.00000  0
-0.025 -0.050 -1         0.00000  0
-0.025 -0.025  1         0.00000  0
-0.025  0.000  1         0.00000  0
-0.025  0.025  1         0.00000  0
-0.025  0.050  1         0.00000  0
-0.025  0.075  1         0.00000  0
-0.025  0.100  1         0.00000  0
-0.025  0.125  1         0.00000  0
-0.025  0.150  1         0.00000  0
-0.025  0.175  1         0.00000  0
-0.025  0.200  1         0.00000  0
-0.025  0.225  1         0.00000  0
-0.025  0.250  1         0.00000  0
-0.025  0.275  1         0.00000  0
-0.025  0.300  1         0.00000  0
-0.025  0.325  1         0.00000  0
-0.025  0.350  1         0.00000  0
-0.025  0.375  1         0.00000  0
-0.025  0.400  1         0.00000  0
-0.025  0.425  1         0.00000  0
-0.025  0.450  1         0.00000  0
-0.025  0.475  1         0.00000  0
-0.025  0.500  1         0.00000  0
-0.025  0.525  1         0.00000  0
-0.025  0.550  1         0.00000  0
-0.025  0.575  1         0.00000  0
-0.025  0.600  1         0.00000  0
 0.000 -0.075 -1         0.00000  0
 0.000 -0.050 -1         0.00000  0
 0.000 -0.025  1         0.00000  0
 0.000  0.000  1      6643.34940  0
 0.000  0.025  1     26287.54372  0
 0.000  0.050  1         0.00000  0
 0.000  0.075  1         0.00000  0
 0.000  0.100  1     12359.98350  0
 0.000  0.125  1         0.00000  0
 0.000  0.150  1         0.00000  0
 0.000  0.175  1         0.00000  0
 0.000  0.200  1         0.00000  0
 0.000  0.225  1         0.00000  0
 0.000  0.250  1         0.00000  0
 0.000  0.275  1         0.00000  0
 0.000  0.300  1         0.00000  0
 0.000  0.325  1         0.00000  0
 0.000  0.350  1         0.00000  0
 0.000  0.375  1         0.00000  0
 0.000  0.400  1         0.00000  0
 0.000  0.425  1         0.00000  0
 0.000  0.450  1         0.00000  0
 0.000  0.475  1         0.00000  0
 0.000  0.500  1         0.00000  0
 0.000  0.525  1         0.00000  0
 0.000  0.550  1         0.00000  0
 0.000  0.575  1         0.00000  0
 0.000  0.600  1         0.00000  0
 0.025 -0.075 -1         0.00000  0
 0.025 -0.050 -1         0.00000  0
 0.025 -0.025  1         0.00000  0
 0.025  0.000  1         0.00000  0
 0.135  0.052  0         0.00000  0
-0.106  1.046  0         0.00000  0
****** ******  0         0.00000  0
 3.327  7.542  0         0.00000  0
 0.038  0.030  0         0.00000  0
 0.502  3.173  0         0.00000  0
-1.388 -4.088  0         0.00000  0
 0.502  0.881  0         0.00000  0
-9.824  1.519  0         0.00000  0
12.469 ******  0         0.00000  0
-3.802 ******  0         0.00000  0
-7.114 -2.504  0         0.00000  0
 0.042  0.070  0         0.00000  0
 8.679  3.063  0         0.00000  0
 0.161  0.198  0         0.00000  0
 0.013  0.032  0     23530.18571  0
 0.427  0.337  0         0.00000  0
****** ******  0         0.00000  0
13.419 -6.303  0         0.00000  0
-4.905  7.570  0         0.00000  0
 0.050 -0.075 -1         0.00000  0
 0.050 -0.050 -1         0.00000  0
 0.050 -0.025  1         0.00000  0
 0.050  0.000  1         0.00000  0
****** 44.480  0         0.00000  0
 0.261  1.030  0         0.00000  0
12.726 -2.879  0         0.00000  0
-4.417 -8.868  0         0.00000  0
-0.867 -3.592  0         0.00000  0
 0.163  0.750  0         0.00000  0
-2.334  3.496  0         0.00000  0
 7.811 12.193  0         0.00000  0
 0.014  0.097  0         0.00000  0
-7.227  0.290  0         0.00000  0
 0.507  0.745  0         0.00000  0
11.908  6.686  0         0.00000  0
 0.083  0.126  0         0.00000  0
 0.185  1.204  0         0.00000  0
 0.034  0.189  0         0.00000  0
****** 37.428  0         0.00000  0
-0.142  0.793  0         0.00000  0
 0.305  2.004  0         0.00000  0
 1.459  0.926  0         0.00000  0
 0.111  0.555  0         0.00000  0
 0.075 -0.075 -1         0.00000  0
 0.075 -0.050 -1         0.00000  0
 0.075 -0.025  1         0.00000  0
 0.075  0.000  1         0.00000  0
 1.487 -1.766  0         0.00000  0
****** ******  0         0.00000  0
-2.531 -3.258  0         0.00000  0
 2.011  1.955  0         0.00000  0
-1.753  6.356  0         0.00000  0
-1.287  1.887  0         0.00000  0
 6.737 26.063  0         0.00000  0
-9.796 46.669  0         0.00000  0
 0.048  0.300  0         0.00000  1
 0.263  0.447  0         0.00000  0
 0.057  0.097  0         0.00000  0
 0.404  0.229  0         0.00000  0
****** 16.861  0         0.00000  0
-1.833  2.075  0         0.00000  0
 1.440 -2.047  0         0.00000  0
 0.080  1.087  0         0.00000  0
 3.173 18.514  0         0.00000  0
****** ******  0         0.00000  0
 0.935  0.308  0         0.00000  0
****** ******  0         0.00000  0
 0.100 -0.075 -1         0.00000  0
 0.100 -0.050 -1         0.00000  0
 0.100 -0.025  1         0.00000  0
 0.100  0.000  1         0.00000  0
 0.777  0.103  0         0.00000  0
****** 27.736  0         0.00000  0
13.386  3.785  0         0.00000  0
 0.743  0.516  0         0.00000  0
27.248 ******  0         0.00000  0
 8.222  5.662  0         0.00000  0
 0.570  2.239  0         0.00000  0
 0.534  0.048  0         0.00000  0
-2.737  4.610  0         0.00000  0
-9.744 -5.825  0         0.00000  0
 0.123  4.816  0         0.00000  0
 6.027  1.368  0         0.00000  0
-7.144 -3.748  0         0.00000  0
-5.478  2.599  0         0.00000  0
-3.256  6.318  0         0.00000  0
****** ******  0         0.00000  0
****** ******  0         0.00000  0
-8.214 ******  0         0.00000  0
 4.726 ******  0         0.00000  0
31.148  4.107  0         0.00000  0
 0.125 -0.075 -1         0.00000  0
 0.125 -0.050 -1         0.00000  0
 0.125 -0.025  1         0.00000  0
 0.125  0.000  1         0.00000  0
 1.112 -2.910  0         0.00000  0
-4.646 ******  0         0.00000  0
****** 77.244  0         0.00000  0
 0.760  0.126  0         0.00000  0
 6.120 21.681  0         0.00000  0
 0.838  0.079  0         0.00000  0
29.522 ******  0         0.00000  0
****** ******  0         0.00000  0
 2.249  8.266  0         0.00000  0
 0.779  0.258  0         0.00000  0
 0.985  0.157  0         0.00000  0
 2.622 -1.003  0         0.00000  0
****** ******  0         0.00000  0
22.066 ******  0         0.00000  0
 0.314  0.398  0         0.00000  0
-1.657  3.344  0         0.00000  0
 4.637  6.724  0         0.00000  0
 2.060 -6.654  0         0.00000  0
-1.447 -3.828  0         0.00000  0
******  7.994  0         0.00000  0
 0.150 -0.075 -1         0.00000  0
 0.150 -0.050 -1         0.00000  0
 0.150 -0.025  1         0.00000  0
 0.150  0.000  1         0.00000  0
 0.918  0.490  0         0.00000  0
10.831 -9.685  0         0.00000  0
-3.226 ******  0         0.00000  0
 0.118  0.955  0         0.00000  0
-0.597  1.976  0         0.00000  0
18.685 ******  0         0.00000  0
****** 34.571  0         0.00000  0
 1.580 -2.114  0         0.00000  0
****** 18.391  0         0.00000  0
******  1.082  0         0.00000  0
 0.786  3.370  0         0.00000  0
****** ******  0         0.00000  0
 0.788  0.240  0         0.00000  0
****** ******  0         0.00000  0
 1.187  3.045  0         0.00000  0
-2.188  2.252  0         0.00000  0
****** ******  0         0.00000  0
 9.905 -9.517  0         0.00000  0
 0.714  0.131  0         0.00000  0
 1.045 -2.331  0         0.00000  0
 0.175 -0.075 -1         0.00000  0
 0.175 -0.050 -1         0.00000  0
 0.175 -0.025  1         0.00000  0
 0.175  0.000  1         0.00000  0
****** 75.938  0         0.00000  0
33.332 ******  0         0.00000  0
 4.653  4.308  0         0.00000  0
****** 51.194  0         0.00000  0
 0.614  0.694  0         0.00000  0
****** ******  0         0.00000  0
 0.361  0.674  0         0.00000  0
 1.756  0.776  0         0.00000  0
-6.137 -3.611  0         0.00000  0
****** ******  0         0.00000  0
******  3.299  0         0.00000  0
 0.560  0.571  0         0.00000  0
 0.200  0.978  0         0.00000  0
****** ******  0         0.00000  0
81.790 32.784  0         0.00000  0
27.736 ******  0         0.00000  0
 0.737  0.301  0         0.00000  0
 0.561  0.850  0         0.00000  0
 0.583  0.028  0         0.00000  0
 0.953  0.198  0         0.00000  0
 0.200 -0.075 -1         0.00000  0
 0.200 -0.050 -1         0.00000  0
 0.200 -0.025  1         0.00000  0
 0.200  0.000  1         0.00000  0
-5.225  0.075  0         0.00000  0
****** ******  0         0.00000  0
 0.968  0.687  0         0.00000  0
 6.652 13.158  0         0.00000  0
 0.547  4.382  0         0.00000  0
-5.953  0.008  0         0.00000  0
 0.050  0.039  0         0.00000  0
 5.029 38.287  0         0.00000  0
51.011 35.748  0         0.00000  0
 1.817  6.862  0         0.00000  0
 0.650  0.332  0         0.00000  0
14.872  1.473  0         0.00000  0
-6.591 -2.558  0         0.00000  0
-0.182  0.600  0         0.00000  0
-5.897  2.356  0         0.00000  0
 0.698  0.291  0         0.00000  0
36.308 13.097  0         0.00000  0
-0.877  4.259  0         0.00000  0
84.699 14.400  0         0.00000  0
****** ******  0         0.00000  0
 0.225 -0.075 -1         0.00000  0
 0.225 -0.050 -1         0.00000  0
 0.225 -0.025  1         0.00000  0
 0.225  0.000  1         0.00000  0
 0.756  0.655  0         0.00000  0
****** ******  0         0.00000  0
 0.438  0.014  0         0.00000  0
 0.661  3.244  0         0.00000  0
13.133 -2.376  0         0.00000  0
 0.416  1.314  0         0.00000  0
 3.050 13.089  0         0.00000  0
-0.113 -1.948  0         0.00000  0
 6.050  6.852  0         0.00000  0
 0.384  3.237  0         0.00000  0
 0.208  0.185  0         0.00000  0
 0.075  0.373  0         0.00000  0
-1.036 ******  0         0.00000  0
****** ******  0         0.00000  0
 0.045  0.289  0         0.00000  1
 0.475  1.716  0         0.00000  0
 1.000  0.436  0         0.00000  0
******  0.044  0         0.00000  0
 7.826 -0.534  0         0.00000  0
 4.460 -9.003  0         0.00000  0
 0.250 -0.075 -1         0.00000  0
 0.250 -0.050 -1         0.00000  0
 0.250 -0.025  1         0.00000  0
 0.250  0.000  1         0.00000  0
 1.776  3.684  0         0.00000  0
 0.864  0.484  0         0.00000  0
 0.028  0.138  0         0.00000  0
 1.010  0.620  0         0.00000  0
 0.878  0.656  0         0.00000  0
 0.230  0.048  0         0.00000  0
****** 10.565  0         0.00000  0
 0.719  0.763  0         0.00000  0
 0.367  2.023  0         0.00000  0
 4.424 ******  0         0.00000  0
****** ******  0         0.00000  0
****** -7.786  0         0.00000  0
 1.291  0.419  0         0.00000  0
 1.057 -0.223  0         0.00000  0
16.962  8.354  0         0.00000  0
****** ******  0         0.00000  0
 0.806  0.726  0         0.00000  0
 1.000  0.596  0         0.00000  0
 1.035  0.666  0         0.00000  0
****** ******  0         0.00000  0
 0.275 -0.075 -1         0.00000  0
 0.275 -0.050 -1         0.00000  0
 0.275 -0.025  1         0.00000  0
 0.275  0.000  1         0.00000  0
 0.300 -0.075 -1         0.00000  0
 0.300 -0.050 -1         0.00000  0
 0.300 -0.025  1         0.00000  0
 0.300  0.000  1         0.00000  0
 0.325 -0.075 -1         0.00000  0
 0.325 -0.050 -1         0.00000  0
 0.325 -0.025  1         0.00000  0
 0.325  0.000  1         0.00000  0
 0.350 -0.075 -1         0.00000  0
 0.350 -0.050 -1         0.00000  0
 0.350 -0.025  1         0.00000  0
 0.350  0.000  1         0.00000  0
 0.375 -0.075 -1         0.00000  0
 0.375 -0.050 -1         0.00000  0
 0.375 -0.025  1         0.00000  0
 0.375  0.000  1         0.00000  0
 0.400 -0.075 -1         0.00000  0
 0.400 -0.050 -1         0.00000  0
 0.400 -0.025  1         0.00000  0
 0.400  0.000  1         0.00000  0
 0.425 -0.075 -1         0.00000  0
 0.425 -0.050 -1         0.00000  0
 0.425 -0.025  1         0.00000  0
 0.425  0.000  1         0.00000  0
 0.450 -0.075 -1         0.00000  0
 0.450 -0.050 -1         0.00000  0
 0.450 -0.025  1         0.00000  0
 0.450  0.000  1         0.00000  0
 0.475 -0.075 -1         0.00000  0
 0.475 -0.050 -1         0.00000  0
 0.475 -0.025  1         0.00000  0
 0.475  0.000  1         0.00000  0
 0.500 -0.075 -1         0.00000  0
 0.500 -0.050 -1         0.00000  0
 0.500 -0.025  1         0.00000  0
 0.500  0.000  1         0.00000  0
 0.525 -0.075 -1         0.00000  0
 0.525 -0.050 -1         0.00000  0
 0.525 -0.025  1         0.00000  0
 0.525  0.000  1         0.00000  0
 0.550 -0.075 -1         0.00000  0
 0.550 -0.050 -1         0.00000  0
 0.550 -0.025  1         0.00000  0
 0.550  0.000  1         0.00000  0
 0.575 -0.075 -1         0.00000  0
 0.575 -0.050 -1         0.00000  0
 0.575 -0.025  1         0.00000  0
 0.575  0.000  1         0.00000  0
 0.600 -0.075 -1         0.00000  0
 0.600 -0.050 -1         0.00000  0
 0.600 -0.025  1         0.00000  0
 0.600  0.000  1         0.00000  0
 0.625 -0.075 -1         0.00000  0
 0.625 -0.050 -1         0.00000  0
 0.625 -0.025  1         0.00000  0
 0.625  0.000  1         0.00000  0
 0.650 -0.075 -1         0.00000  0
 0.650 -0.050 -1         0.00000  0
 0.650 -0.025  1         0.00000  0
 0.650  0.000  1         0.00000  0
 0.675 -0.075 -1         0.00000  0
 0.675 -0.050 -1         0.00000  0
 0.675 -0.025  1         0.00000  0
 0.675  0.000  1         0.00000  0
 0.700 -0.075 -1         0.00000  0
 0.700 -0.050 -1         0.00000  0
 0.700 -0.025  1         0.00000  0
 0.700  0.000  1         0.00000  0
 0.725 -0.075 -1         0.00000  0
 0.725 -0.050 -1         0.00000  0
 0.725 -0.025  1         0.00000  0
 0.725  0.000  1         0.00000  0
 0.750 -0.075 -1         0.00000  0
 0.750 -0.050 -1         0.00000  0
 0.750 -0.025  1         0.00000  0
 0.750  0.000  1         0.00000  0
 0.775 -0.075 -1         0.00000  0
 0.775 -0.050 -1         0.00000  0
 0.775 -0.025  1         0.00000  0
 0.775  0.000  1         0.00000  0
 0.800 -0.075 -1         0.00000  0
 0.800 -0.050 -1         0.00000  0
 0.800 -0.025  1         0.00000  0
 0.800  0.000  1         0.00000  0
 0.825 -0.075 -1         0.00000  0
 0.825 -0.050 -1         0.00000  0
 0.825 -0.025  1         0.00000  0
 0.825  0.000  1         0.00000  0
 0.850 -0.075 -1         0.00000  0
 0.850 -0.050 -1         0.00000  0
 0.850 -0.025  1         0.00000  0
 0.850  0.000  1         0.00000  0
 0.875 -0.075 -1         0.00000  0
 0.875 -0.050 -1         0.00000  0
 0.875 -0.025  1         0.00000  0
 0.875  0.000  1         0.00000  0
 0.900 -0.075 -1         0.00000  0
 0.900 -0.050 -1         0.00000  0
 0.900 -0.025  1         0.00000  0
 0.900  0.000  1         0.00000  0
 0.925 -0.075 -1         0.00000  0
 0.925 -0.050 -1         0.00000  0
 0.925 -0.025  1         0.00000  0
 0.925  0.000  1         0.00000  0
 0.950 -0.075 -1         0.00000  0
 0.950 -0.050 -1         0.00000  0
 0.950 -0.025  1         0.00000  0
 0.950  0.000  1         0.00000  0
 0.975 -0.075 -1         0.00000  0
 0.975 -0.050 -1         0.00000  0
 0.975 -0.025  1         0.00000  0
 0.975  0.000  1         0.00000  0
 1.000 -0.075 -1         0.00000  0
 1.000 -0.050 -1         0.00000  0
 1.000 -0.025  1         0.00000  0
 1.000  0.000  1         0.00000  0
 1.025 -0.075 -1         0.00000  0
 1.025 -0.050 -1         0.00000  0
 1.025 -0.025  1         0.00000  0
 1.025  0.000  1         0.00000  0
 1.025  0.025  1         0.00000  0
 1.025  0.050  1         0.00000  0
 1.025  0.075  1         0.00000  0
 1.025  0.100  1         0.00000  0
 1.025  0.125  1         0.00000  0
 1.025  0.150  1         0.00000  0
 1.025  0.175  1         0.00000  0
 1.025  0.200  1         0.00000  0
 1.025  0.225  1         0.00000  0
 1.025  0.250  1         0.00000  0
 1.025  0.275  1         0.00000  0
 1.025  0.300  1         0.00000  0
 1.025  0.325  1         0.00000  0
 1.025  0.350  1         0.00000  0
 1.025  0.375  1         0.00000  0
 1.025  0.400  1         0.00000  0
 1.025  0.425  1         0.00000  0
 1.025  0.450  1         0.00000  0
 1.025  0.475  1         0.00000  0
 1.025  0.500  1         0.00000  0
 1.025  0.525  1         0.00000  0
 1.025  0.550  1         0.00000  0
 1.025  0.575  1         0.00000  0
 1.025  0.600  1         0.00000  0
 1.050 -0.075 -1         0.00000  0
 1.050 -0.050 -1         0.00000  0
 1.050 -0.025  1         0.00000  0
 1.050  0.000  1         0.00000  0
 1.050  0.025  1         0.00000  0
 1.050  0.050  1         0.00000  0
 1.050  0.075  1         0.00000  0
 1.050  0.100  1         0.00000  0
 1.050  0.125  1         0.00000  0
 1.050  0.150  1         0.00000  0
 1.050  0.175  1         0.00000  0
 1.050  0.200  1         0.00000  0
 1.050  0.225  1         0.00000  0
 1.050  0.250  1         0.00000  0
 1.050  0.275  1         0.00000  0
 1.050  0.300  1         0.00000  0
 1.050  0.325  1         0.00000  0
 1.050  0.350  1         0.00000  0
 1.050  0.375  1         0.00000  0
 1.050  0.400  1         0.00000  0
 1.050  0.425  1         0.00000  0
 1.050  0.450  1         0.00000  0
 1.050  0.475  1         0.00000  0
 1.050  0.500  1         0.00000  0
 1.050  0.525  1         0.00000  0
 1.050  0.550  1         0.00000  0
 1.050  0.575  1         0.00000  0
 1.050  0.600  1         0.00000  0
 1.075 -0.075 -1         0.00000  0
 1.075 -0.050 -1         0.00000  0
 1.075 -0.025 -1         0.00000  0
 1.075  0.000 -1         0.00000  0
 1.075  0.025 -1         0.00000  0
 1.075  0.050 -1         0.00000  0
 1.075  0.075 -1         0.00000  0
 1.075  0.100 -1         0.00000  0
 1.075  0.125 -1         0.00000  0
 1.075  0.150 -1         0.00000  0
 1.075  0.175 -1         0.00000  0
 1.075  0.200 -1         0.00000  0
 1.075  0.225 -1         0.00000  0
 1.075  0.250 -1         0.00000  0
 1.075  0.275 -1         0.00000  0
 1.075  0.300 -1         0.00000  0
 1.075  0.325 -1         0.00000  0
 1.075  0.350 -1         0.00000  0
 1.075  0.375 -1         0.00000  0
 1.075  0.400 -1         0.00000  0
 1.075  0.425 -1         0.00000  0
 1.075  0.450 -1         0.00000  0
 1.075  0.475 -1         0.00000  0
 1.075  0.500 -1         0.00000  0
 1.075  0.525 -1         0.00000  0
 1.075  0.550 -1         0.00000  0
 1.075  0.575  1         0.00000  0
 1.075  0.600  1         0.00000  0
 1.100 -0.075 -1         0.00000  0
 1.100 -0.050 -1         0.00000  0
 1.100 -0.025 -1         0.00000  0
 1.100  0.000 -1         0.00000  0
 1.100  0.025 -1         0.00000  0
 1.100  0.050 -1         0.00000  0
 1.100  0.075 -1         0.00000  0
 1.100  0.100 -1         0.00000  0
 1.100  0.125 -1         0.00000  0
 1.100  0.150 -1         0.00000  0
 1.100  0.175 -1         0.00000  0
 1.100  0.200 -1         0.00000  0
 1.100  0.225 -1         0.00000  0
 1.100  0.250 -1         0.00000  0
 1.100  0.275 -1         0.00000  0
 1.100  0.300 -1         0.00000  0
 1.100  0.325 -1         0.00000  0
 1.100  0.350 -1         0.00000  0
 1.100  0.375 -1         0.00000  0
 1.100  0.400 -1         0.00000  0
 1.100  0.425 -1         0.00000  0
 1.100  0.450 -1         0.00000  0
 1.100  0.475 -1         0.00000  0
 1.100  0.500 -1         0.00000  0
 1.100  0.525 -1         0.00000  0
 1.100  0.550 -1         0.00000  0
 1.100  0.575  1         0.00000  0
 1.100  0.600  1         0.00000  0
