-0.060 -0.060 -1         0.00000  0
-0.060 -0.040 -1         0.00000  0
-0.060 -0.020 -1         0.00000  0
-0.060  0.000 -1         0.00000  0
-0.060  0.020 -1         0.00000  0
-0.060  0.040 -1         0.00000  0
-0.060  0.060 -1         0.00000  0
-0.060  0.080 -1         0.00000  0
-0.060  0.100 -1         0.00000  0
-0.060  0.120 -1         0.00000  0
-0.060  0.140 -1         0.00000  0
-0.060  0.160 -1         0.00000  0
-0.060  0.180 -1         0.00000  0
-0.060  0.200 -1         0.00000  0
-0.060  0.220 -1         0.00000  0
-0.060  0.240 -1         0.00000  0
-0.060  0.260 -1         0.00000  0
-0.060  0.280 -1         0.00000  0
-0.060  0.300 -1         0.00000  0
-0.060  0.320 -1         0.00000  0
-0.060  0.340 -1         0.00000  0
-0.060  0.360 -1         0.00000  0
-0.060  0.380 -1         0.00000  0
-0.060  0.400 -1         0.00000  0
-0.060  0.420 -1         0.00000  0
-0.060  0.440 -1         0.00000  0
-0.060  0.460 -1         0.00000  0
-0.060  0.480 -1         0.00000  0
-0.060  0.500 -1         0.00000  0
-0.060  0.520 -1         0.00000  0
-0.060  0.540 -1         0.00000  0
-0.060  0.560 -1         0.00000  0
-0.060  0.580  1         0.00000  0
-0.060  0.600  1         0.00000  0
-0.040 -0.060 -1         0.00000  0
-0.040 -0.040 -1         0.00000  0
-0.040 -0.020 -1         0.00000  0
-0.040  0.000 -1         0.00000  0
-0.040  0.020 -1         0.00000  0
-0.040  0.040 -1         0.00000  0
-0.040  0.060 -1         0.00000  0
-0.040  0.080 -1         0.00000  0
-0.040  0.100 -1         0.00000  0
-0.040  0.120 -1         0.00000  0
-0.040  0.140 -1         0.00000  0
-0.040  0.160 -1         0.00000  0
-0.040  0.180 -1         0.00000  0
-0.040  0.200 -1         0.00000  0
-0.040  0.220 -1         0.00000  0
-0.040  0.240 -1         0.00000  0
-0.040  0.260 -1         0.00000  0
-0.040  0.280 -1         0.00000  0
-0.040  0.300 -1         0.00000  0
-0.040  0.320 -1         0.00000  0
-0.040  0.340 -1         0.00000  0
-0.040  0.360 -1         0.00000  0
-0.040  0.380 -1         0.00000  0
-0.040  0.400 -1         0.00000  0
-0.040  0.420 -1         0.00000  0
-0.040  0.440 -1         0.00000  0
-0.040  0.460 -1         0.00000  0
-0.040  0.480 -1         0.00000  0
-0.040  0.500 -1         0.00000  0
-0.040  0.520 -1         0.00000  0
-0.040  0.540 -1         0.00000  0
-0.040  0.560 -1         0.00000  0
-0.040  0.580  1         0.00000  0
-0.040  0.600  1         0.00000  0
-0.020 -0.060 -1         0.00000  0
-0.020 -0.040 -1         0.00000  0
-0.020 -0.020  1         0.00000  0
-0.020  0.000  1         0.00000  0
-0.020  0.020  1         0.00000  0
-0.020  0.040  1         0.00000  0
-0.020  0.060  1         0.00000  0
-0.020  0.080  1         0.00000  0
-0.020  0.100  1         0.00000  0
-0.020  0.120  1         0.00000  0
-0.020  0.140  1         0.00000  0
-0.020  0.160  1         0.00000  0
-0.020  0.180  1         0.00000  0
-0.020  0.200  1         0.00000  0
-0.020  0.220  1         0.00000  0
-0.020  0.240  1         0.00000  0
-0.020  0.260  1         0.00000  0
-0.020  0.280  1         0.00000  0
-0.020  0.300  1         0.00000  0
-0.020  0.320  1         0.00000  0
-0.020  0.340  1         0.00000  0
-0.020  0.360  1         0.00000  0
-0.020  0.380  1         0.00000  0
-0.020  0.400  1         0.00000  0
-0.020  0.420  1         0.00000  0
-0.020  0.440  1         0.00000  0
-0.020  0.460  1         0.00000  0
-0.020  0.480  1         0.00000  0
-0.020  0.500  1         0.00000  0
-0.020  0.520  1         0.00000  0
-0.020  0.540  1         0.00000  0
-0.020  0.560  1         0.00000  0
-0.020  0.580  1         0.00000  0
-0.020  0.600  1         0.00000  0
 0.000 -0.060 -1         0.00000  0
 0.000 -0.040 -1         0.00000  0
 0.000 -0.020  1         0.00000  0
 0.000  0.000  1         0.00000  0
 0.000  0.020  1       558.59875  0
 0.000  0.040  1      3005.67000  0
 0.000  0.060  1      3342.63629  0
 0.000  0.080  1         0.00000  0
 0.000  0.100  1         0.00000  0
 0.000  0.120  1         0.00000  0
 0.000  0.140  1         0.00000  0
 0.000  0.160  1         0.00000  0
 0.000  0.180  1         0.00000  0
 0.000  0.200  1         0.00000  0
 0.000  0.220  1         0.00000  0
 0.000  0.240  1         0.00000  0
 0.000  0.260  1         0.00000  0
 0.000  0.280  1         0.00000  0
 0.000  0.300  1         0.00000  0
 0.000  0.320  1         0.00000  0
 0.000  0.340  1         0.00000  0
 0.000  0.360  1         0.00000  0
 0.000  0.380  1         0.00000  0
 0.000  0.400  1         0.00000  0
 0.000  0.420  1         0.00000  0
 0.000  0.440  1         0.00000  0
 0.000  0.460  1         0.00000  0
 0.000  0.480  1         0.00000  0
 0.000  0.500  1         0.00000  0
 0.000  0.520  1         0.00000  0
 0.000  0.540  1         0.00000  0
 0.000  0.560  1         0.00000  0
 0.000  0.580  1         0.00000  0
 0.000  0.600  1         0.00000  0
 0.020 -0.060 -1         0.00000  0
 0.020 -0.040 -1         0.00000  0
 0.020 -0.020  1         0.00000  0
 0.020  0.000  1      3843.81276  0
 0.415  0.031  0       114.74904  0
 0.163  0.085  0         0.00000  0
 0.079  0.110  0         0.00000  0
 0.426  0.067  0      2560.12230  0
 0.262  0.083  0         0.00000  0
 0.020  0.035  0      1910.82349  0
 0.321  0.098  0      1267.56567  0
 0.526  0.103  0         0.00000  0
 0.449  0.020  0      4136.48061  0
 0.080  0.052  0         0.00000  0
 0.022  0.018  0      1296.34976  0
 0.224  0.057  0         0.00000  0
 0.074  0.123  0         0.00000  0
 0.239  0.037  0      1025.46141  0
 0.039  0.048  0      1808.67961  0
 0.377  0.130  0         0.00000  0
 0.389  0.048  0      2263.95266  0
 0.047  0.019  0        44.18248  0
 0.043  0.065  0         0.00000  0
 0.088  0.070  0      1406.40817  0
 0.112  0.064  0       420.88911  0
 0.019  0.076  0         0.00000  0
 0.050  0.037  0      1626.01896  0
 0.256  0.106  0      1716.04989  0
 0.440  0.058  0      1594.71194  0
 0.040 -0.060 -1         0.00000  0
 0.040 -0.040 -1         0.00000  0
 0.040 -0.020  1         0.00000  0
 0.040  0.000  1         0.00000  0
 0.348  0.040  0      1990.41719  0
 0.170  0.017  0      1286.71500  0
 0.284  0.074  0      2893.78531  0
 0.381  0.064  0      1143.64897  0
 0.018  0.055  0         0.00000  0
 0.185  0.119  0         0.00000  0
 0.430  0.019  0      3494.22502  0
 0.201  0.067  0      1061.27793  0
 0.308  0.107  0         0.00000  0
 0.353  0.056  0      2572.38069  0
 0.160  0.141  0         0.00000  0
 0.024  0.095  0         0.00000  0
 0.542  0.136  0         0.00000  0
 0.242  0.103  0         0.00000  0
 0.473  0.080  0         0.00000  0
 0.291  0.016  0      1507.34878  0
 0.250  0.070  0      1326.78183  0
 0.142  0.020  0      1497.15084  0
 0.334  0.019  0      2724.35249  0
 0.140  0.072  0       980.27943  0
 0.315  0.021  0         0.00000  0
 0.039  0.106  0         0.00000  0
 0.224  0.131  0         0.00000  0
 0.123  0.055  0      2719.14822  0
 0.254  0.020  0      2269.38564  0
 0.060 -0.060 -1         0.00000  0
 0.060 -0.040 -1         0.00000  0
 0.060 -0.020  1         0.00000  0
 0.060  0.000  1      2883.03359  0
 0.098  0.150  0         0.00000  0
 0.211  0.024  0      2681.54889  0
 0.404  0.019  0      2399.63450  0
 0.408  0.068  0      1471.01365  0
 0.508  0.081  0        21.13210  0
 0.618  0.020  0       636.08884  0
 0.419  0.106  0         0.00000  0
 0.919  0.095  0         0.00000  0
 0.570  0.091  0         0.00000  0
 0.061  0.099  0         0.00000  0
 0.122  0.102  0         0.00000  0
 0.138  0.125  0         0.00000  0
 0.219  0.117  0         0.00000  0
 0.563  0.039  0         0.00000  0
 0.328  0.074  0      2258.71153  0
 0.236  0.083  0       426.60382  0
 0.130  0.117  0         0.00000  0
 0.221  0.080  0      1626.41854  0
 0.336  0.101  0         0.00000  0
 0.071  0.078  0      1528.16365  0
 0.071  0.038  0      1037.81662  0
 0.149  0.114  0         0.00000  0
 0.190  0.080  0         0.00000  0
 0.067  0.019  0      2020.52666  0
 0.297  0.122  0      1979.01860  0
 0.080 -0.060 -1         0.00000  0
 0.080 -0.040 -1         0.00000  0
 0.080 -0.020  1         0.00000  0
 0.080  0.000  1         0.00000  0
 0.656  0.064  0      2642.31137  0
 0.287  0.113  0      2119.85827  0
 0.102  0.085  0         0.00000  0
 0.109  0.038  0       251.80419  0
 0.675  0.037  0         0.00000  0
 0.412  0.142  0         0.00000  0
 0.539  0.115  0       161.22689  0
 0.681  0.078  0      1136.26133  0
 0.550  0.019  0       943.61116  0
 0.601  0.072  0       421.53915  0
 0.173  0.112  0         0.00000  0
 0.814  0.081  0      2444.28309  0
 0.128  0.032  0      1308.45079  0
 0.030  0.134  0         0.00000  0
 0.194  0.128  0         0.00000  0
 0.449  0.098  0         0.00000  0
 0.540  0.037  0         0.00000  0
 0.772  0.049  0      1743.27746  0
 0.088  0.089  0         0.00000  0
 0.834  0.090  0         0.00000  0
 0.288  0.051  0       940.01542  0
 0.144  0.090  0         0.00000  0
 0.348  0.116  0         0.00000  0
 0.441  0.136  0         0.00000  0
 0.040  0.088  0      1021.72541  0
 0.100 -0.060 -1         0.00000  0
 0.100 -0.040 -1         0.00000  0
 0.100 -0.020  1         0.00000  0
 0.100  0.000  1      1184.20789  0
 0.721  0.020  0      2277.75305  0
 0.787  0.038  0      1704.02862  0
 0.581  0.078  0       665.49142  0
 0.673  0.063  0       876.97927  0
 0.164  0.048  0      2379.14722  0
 0.369  0.045  0         0.00000  0
 0.606  0.153  0         0.00000  0
 0.840  0.054  0      2343.82963  0
 0.691  0.042  0       521.66962  0
 0.501  0.151  0         0.00000  0
 0.436  0.041  0         0.00000  0
 0.231  0.017  0       753.99962  0
 0.780  0.119  0         0.00000  0
 0.473  0.100  0       204.04419  0
 0.511  0.018  0      2002.54935  0
 0.360  0.090  0         0.00000  0
 0.393  0.104  0       992.97577  0
 0.142  0.054  0         0.00000  0
 0.498  0.051  0       714.25178  0
 0.121  0.085  0         0.00000  0
 0.306  0.066  0         0.00000  0
 0.438  0.118  0         0.00000  0
 0.492  0.025  0      2691.34515  0
 0.180  0.034  0       631.60683  0
 0.194  0.019  0         0.00000  0
 0.120 -0.060 -1         0.00000  0
 0.120 -0.040 -1         0.00000  0
 0.120 -0.020  1         0.00000  0
 0.120  0.000  1         0.00000  0
 0.611  0.049  0         0.00000  0
 0.809  0.092  0         0.00000  0
 0.975  0.067  0       537.32714  0
 0.997  0.018  0       731.88955  0
 0.828  0.041  0         0.00000  0
 0.612  0.141  0         0.00000  0
 0.794  0.020  0      1775.71577  0
 0.484  0.108  0         0.00000  0
 0.181  0.057  0         0.00000  0
 0.327  0.038  0      4571.29060  0
 0.743  0.019  0       252.69189  0
 0.511  0.039  0         0.00000  0
 0.593  0.141  0         0.00000  0
 0.495  0.074  0         0.00000  0
 0.474  0.017  0      1300.31647  0
 0.532  0.089  0       115.30820  0
 0.631  0.106  0         0.00000  0
 0.206  0.089  0      1070.69739  0
 0.057  0.071  0      2600.23923  0
 0.092  0.017  0         0.00000  0
 0.262  0.040  0         0.00000  0
 0.458  0.078  0         0.00000  0
 0.400  0.134  0         0.00000  0
 0.424  0.157  0         0.00000  0
 0.264  0.115  0         0.00000  0
 0.140 -0.060 -1         0.00000  0
 0.140 -0.040 -1         0.00000  0
 0.140 -0.020  1         0.00000  0
 0.140  0.000  1         0.00000  0
 0.711  0.116  0         0.00000  0
 0.929  0.038  0        61.59308  0
 1.000  0.053  0         0.00000  0
 0.792  0.059  0         0.00000  0
 0.619  0.072  0         0.00000  0
 0.840  0.071  0      1998.51116  0
 0.573  0.115  0         0.00000  0
 0.949  0.078  0         0.00000  0
 0.702  0.019  0      1160.67739  0
 0.660  0.120  0       540.48726  0
 0.813  0.062  0         0.00000  0
 0.837  0.124  0         0.00000  0
 0.478  0.124  0         0.00000  0
 0.417  0.090  0       924.11061  0
 0.636  0.020  0       192.45667  0
 0.732  0.038  0       585.37381  0
 0.627  0.123  0         0.00000  0
 0.610  0.088  0         0.00000  0
 0.586  0.059  0         0.00000  0
 0.700  0.062  0      2717.19966  0
 0.374  0.018  0      3389.40758  0
 0.215  0.040  0       161.56742  0
 0.562  0.070  0         0.00000  0
 0.162  0.068  0       821.38965  0
 0.331  0.059  0         0.00000  0
 0.160 -0.060 -1         0.00000  0
 0.160 -0.040 -1         0.00000  0
 0.160 -0.020  1         0.00000  0
 0.160  0.000  1         0.00000  0
 0.197  0.048  0      1781.35374  0
 0.876  0.060  0      2172.44958  0
 0.305  0.086  0         0.00000  0
 0.657  0.102  0         0.00000  0
 0.861  0.034  0      2093.50431  0
 0.704  0.081  0       270.08307  0
 0.892  0.049  0       232.96369  0
 0.553  0.144  0         0.00000  0
 0.943  0.065  0         0.00000  0
 0.533  0.054  0       425.34058  0
 0.982  0.048  0        45.57590  0
 0.710  0.040  0      1132.89396  0
 0.293  0.036  0      3015.49247  0
 0.594  0.018  0       235.66339  0
 0.971  0.016  0      1562.41117  0
 0.963  0.095  0         0.00000  0
 0.770  0.017  0      1913.86780  0
 0.808  0.114  0         0.00000  0
 0.877  0.099  0         0.00000  0
 0.852  0.084  0         0.00000  0
 0.625  0.039  0      1799.84548  0
 0.602  0.104  0         0.00000  0
 0.882  0.033  0      3427.92653  0
 0.310  0.047  0      2861.80379  0
 0.449  0.125  0        68.72514  0
 0.180 -0.060 -1         0.00000  0
 0.180 -0.040 -1         0.00000  0
 0.180 -0.020  1         0.00000  0
 0.180  0.000  1      2529.14029  0
 0.346  0.083  0      1776.39222  0
 1.001  0.034  0      2399.52089  0
 0.918  0.078  0      2672.26723  0
 0.654  0.036  0         0.00000  0
 1.002  0.105  0         0.00000  0
 0.778  0.090  0      1475.65380  0
 0.663  0.136  0         0.00000  0
 0.865  0.082  0         0.00000  0
 0.506  0.101  0         0.00000  0
 0.659  0.020  0      1357.16480  0
 0.459  0.035  0      1044.24770  0
 0.997  0.075  0         0.00000  0
 0.756  0.089  0         0.00000  0
 0.785  0.078  0         0.00000  0
 0.477  0.060  0         0.00000  0
 0.355  0.020  0      3229.19167  0
 0.663  0.082  0         0.00000  0
 0.716  0.090  0         0.00000  0
 0.054  0.118  0         0.00000  0
 0.891  0.072  0         0.00000  0
 0.758  0.030  0      2525.68569  0
 0.533  0.073  0         0.00000  0
 0.928  0.122  0         0.00000  0
 0.561  0.122  0         0.00000  0
 0.585  0.104  0         0.00000  0
 0.200 -0.060 -1         0.00000  0
 0.200 -0.040 -1         0.00000  0
 0.200 -0.020  1         0.00000  0
 0.200  0.000  1        54.22012  0
 0.515  0.060  0       805.97791  0
 0.674  0.112  0         0.00000  0
 0.927  0.060  0         0.00000  0
 0.811  0.024  0      1169.85495  0
 0.822  0.122  0         0.00000  0
 0.861  0.058  0      3404.21192  0
 0.947  0.036  0      1170.90245  0
 0.380  0.095  0         0.00000  0
 0.367  0.074  0      4577.36958  0
 0.396  0.085  0      1185.08998  0
 0.746  0.046  0       177.50283  0
 0.556  0.059  0       405.32000  0
 0.353  0.130  0         0.00000  0
 0.868  0.018  0      3326.66856  0
 0.942  0.018  0       736.18912  0
 0.644  0.138  0         0.00000  0
 0.917  0.019  0      2853.86374  0
 0.747  0.070  0         0.00000  0
 0.439  0.088  0       523.30149  0
 0.613  0.117  0      1120.90029  0
 0.636  0.068  0         0.00000  0
 0.733  0.095  0         0.00000  0
 0.297  0.136  0         0.00000  0
 0.765  0.062  0      1184.89488  0
 0.530  0.022  0      1795.23379  0
 0.220 -0.060 -1         0.00000  0
 0.220 -0.040 -1         0.00000  0
 0.220 -0.020  1         0.00000  0
 0.220  0.000  1         0.00000  0
 0.520  0.148  0         0.00000  0
 0.999  0.089  0         0.00000  0
 0.361  0.168  0         0.00000  0
 0.717  0.058  0      2229.81717  0
 0.964  0.051  0        22.42239  0
 0.461  0.055  0      1634.09696  0
 0.938  0.105  0         0.00000  0
 0.743  0.110  0         0.00000  0
 0.891  0.101  0         0.00000  0
 0.966  0.033  0       501.85497  0
 0.573  0.019  0      1016.15233  0
 0.893  0.018  0      2384.94839  0
 0.247  0.051  0      2436.21863  0
 0.904  0.092  0         0.00000  0
 0.518  0.131  0         0.00000  0
 0.690  0.096  0         0.00000  0
 0.968  0.083  0         0.00000  0
 0.702  0.126  0         0.00000  0
 0.640  0.050  0      1221.09033  0
 0.580  0.039  0       449.47840  0
 0.283  0.093  0         0.00000  0
 0.680  0.019  0      2420.99789  0
 0.471  0.133  0         0.00000  0
 0.831  0.017  0      5344.38431  0
 0.765  0.123  0         0.00000  0
 0.240 -0.060 -1         0.00000  0
 0.240 -0.040 -1         0.00000  0
 0.240 -0.020  1         0.00000  0
 0.240  0.000  1      2213.68591  0
 0.505  0.136  0         0.00000  0
 0.766  0.101  0         0.00000  0
 0.154  0.032  0       929.70045  0
 0.908  0.060  0      3039.40053  0
 0.806  0.045  0      4032.78017  0
 0.692  0.122  0         0.00000  0
 0.641  0.092  0         0.00000  0
 0.844  0.029  0      1354.69547  0
 0.911  0.035  0      1769.20646  0
 0.115  0.019  0      1062.29016  0
 0.176  0.097  0       963.94981  0
 0.411  0.052  0      1426.13098  0
 0.387  0.030  0      3147.93765  0
 0.384  0.147  0         0.00000  0
 0.021  0.122  0         0.00000  0
 0.554  0.104  0         0.00000  0
 0.480  0.038  0      1140.47297  0
 0.271  0.024  0      1320.39197  0
 0.026  0.144  0         0.00000  0
 0.272  0.064  0      3040.35939  0
 0.732  0.070  0      1722.38405  0
 0.091  0.040  0      1755.57930  0
 0.598  0.037  0       585.99035  0
 0.211  0.106  0      1305.12678  0
 0.402  0.117  0       592.49633  0
 0.260 -0.060 -1         0.00000  0
 0.260 -0.040 -1         0.00000  0
 0.260 -0.020  1         0.00000  0
 0.260  0.000  1         0.00000  0
 0.280 -0.060 -1         0.00000  0
 0.280 -0.040 -1         0.00000  0
 0.280 -0.020  1         0.00000  0
 0.280  0.000  1      1939.67285  0
 0.300 -0.060 -1         0.00000  0
 0.300 -0.040 -1         0.00000  0
 0.300 -0.020  1         0.00000  0
 0.300  0.000  1      3139.52555  0
 0.320 -0.060 -1         0.00000  0
 0.320 -0.040 -1         0.00000  0
 0.320 -0.020  1         0.00000  0
 0.320  0.000  1         0.00000  0
 0.340 -0.060 -1         0.00000  0
 0.340 -0.040 -1         0.00000  0
 0.340 -0.020  1         0.00000  0
 0.340  0.000  1      2732.78087  0
 0.360 -0.060 -1         0.00000  0
 0.360 -0.040 -1         0.00000  0
 0.360 -0.020  1         0.00000  0
 0.360  0.000  1      2291.21671  0
 0.380 -0.060 -1         0.00000  0
 0.380 -0.040 -1         0.00000  0
 0.380 -0.020  1         0.00000  0
 0.380  0.000  1      2078.77385  0
 0.400 -0.060 -1         0.00000  0
 0.400 -0.040 -1         0.00000  0
 0.400 -0.020  1         0.00000  0
 0.400  0.000  1         0.00000  0
 0.420 -0.060 -1         0.00000  0
 0.420 -0.040 -1         0.00000  0
 0.420 -0.020  1         0.00000  0
 0.420  0.000  1       702.75591  0
 0.440 -0.060 -1         0.00000  0
 0.440 -0.040 -1         0.00000  0
 0.440 -0.020  1         0.00000  0
 0.440  0.000  1       914.83975  0
 0.460 -0.060 -1         0.00000  0
 0.460 -0.040 -1         0.00000  0
 0.460 -0.020  1         0.00000  0
 0.460  0.000  1       126.06683  0
 0.480 -0.060 -1         0.00000  0
 0.480 -0.040 -1         0.00000  0
 0.480 -0.020  1         0.00000  0
 0.480  0.000  1      1675.34429  0
 0.500 -0.060 -1         0.00000  0
 0.500 -0.040 -1         0.00000  0
 0.500 -0.020  1         0.00000  0
 0.500  0.000  1         0.00000  0
 0.520 -0.060 -1         0.00000  0
 0.520 -0.040 -1         0.00000  0
 0.520 -0.020  1         0.00000  0
 0.520  0.000  1       167.24003  0
 0.540 -0.060 -1         0.00000  0
 0.540 -0.040 -1         0.00000  0
 0.540 -0.020  1         0.00000  0
 0.540  0.000  1      1411.15746  0
 0.560 -0.060 -1         0.00000  0
 0.560 -0.040 -1         0.00000  0
 0.560 -0.020  1         0.00000  0
 0.560  0.000  1       880.06825  0
 0.580 -0.060 -1         0.00000  0
 0.580 -0.040 -1         0.00000  0
 0.580 -0.020  1         0.00000  0
 0.580  0.000  1      1944.14028  0
 0.600 -0.060 -1         0.00000  0
 0.600 -0.040 -1         0.00000  0
 0.600 -0.020  1         0.00000  0
 0.600  0.000  1      1407.65036  0
 0.620 -0.060 -1         0.00000  0
 0.620 -0.040 -1         0.00000  0
 0.620 -0.020  1         0.00000  0
 0.620  0.000  1       901.71280  0
 0.640 -0.060 -1         0.00000  0
 0.640 -0.040 -1         0.00000  0
 0.640 -0.020  1         0.00000  0
 0.640  0.000  1       104.61337  0
 0.660 -0.060 -1         0.00000  0
 0.660 -0.040 -1         0.00000  0
 0.660 -0.020  1         0.00000  0
 0.660  0.000  1        52.31932  0
 0.680 -0.060 -1         0.00000  0
 0.680 -0.040 -1         0.00000  0
 0.680 -0.020  1         0.00000  0
 0.680  0.000  1       199.12928  0
 0.700 -0.060 -1         0.00000  0
 0.700 -0.040 -1         0.00000  0
 0.700 -0.020  1         0.00000  0
 0.700  0.000  1      1552.31801  0
 0.720 -0.060 -1         0.00000  0
 0.720 -0.040 -1         0.00000  0
 0.720 -0.020  1         0.00000  0
 0.720  0.000  1      1838.53361  0
 0.740 -0.060 -1         0.00000  0
 0.740 -0.040 -1         0.00000  0
 0.740 -0.020  1         0.00000  0
 0.740  0.000  1      1567.93312  0
 0.760 -0.060 -1         0.00000  0
 0.760 -0.040 -1         0.00000  0
 0.760 -0.020  1         0.00000  0
 0.760  0.000  1      3287.79776  0
 0.780 -0.060 -1         0.00000  0
 0.780 -0.040 -1         0.00000  0
 0.780 -0.020  1         0.00000  0
 0.780  0.000  1       202.80874  0
 0.800 -0.060 -1         0.00000  0
 0.800 -0.040 -1         0.00000  0
 0.800 -0.020  1         0.00000  0
 0.800  0.000  1         0.00000  0
 0.820 -0.060 -1         0.00000  0
 0.820 -0.040 -1         0.00000  0
 0.820 -0.020  1         0.00000  0
 0.820  0.000  1         0.00000  0
 0.840 -0.060 -1         0.00000  0
 0.840 -0.040 -1         0.00000  0
 0.840 -0.020  1         0.00000  0
 0.840  0.000  1         0.00000  0
 0.860 -0.060 -1         0.00000  0
 0.860 -0.040 -1         0.00000  0
 0.860 -0.020  1         0.00000  0
 0.860  0.000  1         0.00000  0
 0.880 -0.060 -1         0.00000  0
 0.880 -0.040 -1         0.00000  0
 0.880 -0.020  1         0.00000  0
 0.880  0.000  1      1523.84281  0
 0.900 -0.060 -1         0.00000  0
 0.900 -0.040 -1         0.00000  0
 0.900 -0.020  1         0.00000  0
 0.900  0.000  1      2253.78912  0
 0.920 -0.060 -1         0.00000  0
 0.920 -0.040 -1         0.00000  0
 0.920 -0.020  1         0.00000  0
 0.920  0.000  1      1951.19834  0
 0.940 -0.060 -1         0.00000  0
 0.940 -0.040 -1         0.00000  0
 0.940 -0.020  1         0.00000  0
 0.940  0.000  1      1641.60046  0
 0.960 -0.060 -1         0.00000  0
 0.960 -0.040 -1         0.00000  0
 0.960 -0.020  1         0.00000  0
 0.960  0.000  1      1182.11138  0
 0.980 -0.060 -1         0.00000  0
 0.980 -0.040 -1         0.00000  0
 0.980 -0.020  1         0.00000  0
 0.980  0.000  1      1939.62715  0
 1.000 -0.060 -1         0.00000  0
 1.000 -0.040 -1         0.00000  0
 1.000 -0.020  1         0.00000  0
 1.000  0.000  1      3604.69699  0
 1.020 -0.060 -1         0.00000  0
 1.020 -0.040 -1         0.00000  0
 1.020 -0.020  1         0.00000  0
 1.020  0.000  1         0.00000  0
 1.020  0.020  1         0.00000  0
 1.020  0.040  1      1934.49241  0
 1.020  0.060  1         0.00000  0
 1.020  0.080  1         0.00000  0
 1.020  0.100  1       282.16339  0
 1.020  0.120  1         0.00000  0
 1.020  0.140  1         0.00000  0
 1.020  0.160  1         0.00000  0
 1.020  0.180  1         0.00000  0
 1.020  0.200  1         0.00000  0
 1.020  0.220  1         0.00000  0
 1.020  0.240  1         0.00000  0
 1.020  0.260  1         0.00000  0
 1.020  0.280  1         0.00000  0
 1.020  0.300  1         0.00000  0
 1.020  0.320  1         0.00000  0
 1.020  0.340  1         0.00000  0
 1.020  0.360  1         0.00000  0
 1.020  0.380  1         0.00000  0
 1.020  0.400  1         0.00000  0
 1.020  0.420  1         0.00000  0
 1.020  0.440  1         0.00000  0
 1.020  0.460  1         0.00000  0
 1.020  0.480  1         0.00000  0
 1.020  0.500  1         0.00000  0
 1.020  0.520  1         0.00000  0
 1.020  0.540  1         0.00000  0
 1.020  0.560  1         0.00000  0
 1.020  0.580  1         0.00000  0
 1.020  0.600  1         0.00000  0
 1.040 -0.060 -1         0.00000  0
 1.040 -0.040 -1         0.00000  0
 1.040 -0.020  1         0.00000  0
 1.040  0.000  1         0.00000  0
 1.040  0.020  1         0.00000  0
 1.040  0.040  1         0.00000  0
 1.040  0.060  1         0.00000  0
 1.040  0.080  1         0.00000  0
 1.040  0.100  1         0.00000  0
 1.040  0.120  1         0.00000  0
 1.040  0.140  1         0.00000  0
 1.040  0.160  1         0.00000  0
 1.040  0.180  1         0.00000  0
 1.040  0.200  1         0.00000  0
 1.040  0.220  1         0.00000  0
 1.040  0.240  1         0.00000  0
 1.040  0.260  1         0.00000  0
 1.040  0.280  1         0.00000  0
 1.040  0.300  1         0.00000  0
 1.040  0.320  1         0.00000  0
 1.040  0.340  1         0.00000  0
 1.040  0.360  1         0.00000  0
 1.040  0.380  1         0.00000  0
 1.040  0.400  1         0.00000  0
 1.040  0.420  1         0.00000  0
 1.040  0.440  1         0.00000  0
 1.040  0.460  1         0.00000  0
 1.040  0.480  1         0.00000  0
 1.040  0.500  1         0.00000  0
 1.040  0.520  1         0.00000  0
 1.040  0.540  1         0.00000  0
 1.040  0.560  1         0.00000  0
 1.040  0.580  1         0.00000  0
 1.040  0.600  1         0.00000  0
 1.060 -0.060 -1         0.00000  0
 1.060 -0.040 -1         0.00000  0
 1.060 -0.020 -1         0.00000  0
 1.060  0.000 -1         0.00000  0
 1.060  0.020 -1         0.00000  0
 1.060  0.040 -1         0.00000  0
 1.060  0.060 -1         0.00000  0
 1.060  0.080 -1         0.00000  0
 1.060  0.100 -1         0.00000  0
 1.060  0.120 -1         0.00000  0
 1.060  0.140 -1         0.00000  0
 1.060  0.160 -1         0.00000  0
 1.060  0.180 -1         0.00000  0
 1.060  0.200 -1         0.00000  0
 1.060  0.220 -1         0.00000  0
 1.060  0.240 -1         0.00000  0
 1.060  0.260 -1         0.00000  0
 1.060  0.280 -1         0.00000  0
 1.060  0.300 -1         0.00000  0
 1.060  0.320 -1         0.00000  0
 1.060  0.340 -1         0.00000  0
 1.060  0.360 -1         0.00000  0
 1.060  0.380 -1         0.00000  0
 1.060  0.400 -1         0.00000  0
 1.060  0.420 -1         0.00000  0
 1.060  0.440 -1         0.00000  0
 1.060  0.460 -1         0.00000  0
 1.060  0.480 -1         0.00000  0
 1.060  0.500 -1         0.00000  0
 1.060  0.520 -1         0.00000  0
 1.060  0.540 -1         0.00000  0
 1.060  0.560 -1         0.00000  0
 1.060  0.580  1         0.00000  0
 1.060  0.600  1         0.00000  0
 1.080 -0.060 -1         0.00000  0
 1.080 -0.040 -1         0.00000  0
 1.080 -0.020 -1         0.00000  0
 1.080  0.000 -1         0.00000  0
 1.080  0.020 -1         0.00000  0
 1.080  0.040 -1         0.00000  0
 1.080  0.060 -1         0.00000  0
 1.080  0.080 -1         0.00000  0
 1.080  0.100 -1         0.00000  0
 1.080  0.120 -1         0.00000  0
 1.080  0.140 -1         0.00000  0
 1.080  0.160 -1         0.00000  0
 1.080  0.180 -1         0.00000  0
 1.080  0.200 -1         0.00000  0
 1.080  0.220 -1         0.00000  0
 1.080  0.240 -1         0.00000  0
 1.080  0.260 -1         0.00000  0
 1.080  0.280 -1         0.00000  0
 1.080  0.300 -1         0.00000  0
 1.080  0.320 -1         0.00000  0
 1.080  0.340 -1         0.00000  0
 1.080  0.360 -1         0.00000  0
 1.080  0.380 -1         0.00000  0
 1.080  0.400 -1         0.00000  0
 1.080  0.420 -1         0.00000  0
 1.080  0.440 -1         0.00000  0
 1.080  0.460 -1         0.00000  0
 1.080  0.480 -1         0.00000  0
 1.080  0.500 -1         0.00000  0
 1.080  0.520 -1         0.00000  0
 1.080  0.540 -1         0.00000  0
 1.080  0.560 -1         0.00000  0
 1.080  0.580  1         0.00000  0
 1.080  0.600  1         0.00000  0
