-0.075 -0.075 -1         0.00000  0
-0.075 -0.050 -1         0.00000  0
-0.075 -0.025 -1         0.00000  0
-0.075  0.000 -1         0.00000  0
-0.075  0.025 -1         0.00000  0
-0.075  0.050 -1         0.00000  0
-0.075  0.075 -1         0.00000  0
-0.075  0.100 -1         0.00000  0
-0.075  0.125 -1         0.00000  0
-0.075  0.150 -1         0.00000  0
-0.075  0.175 -1         0.00000  0
-0.075  0.200 -1         0.00000  0
-0.075  0.225 -1         0.00000  0
-0.075  0.250 -1         0.00000  0
-0.075  0.275 -1         0.00000  0
-0.075  0.300 -1         0.00000  0
-0.075  0.325 -1         0.00000  0
-0.075  0.350 -1         0.00000  0
-0.075  0.375 -1         0.00000  0
-0.075  0.400 -1         0.00000  0
-0.075  0.425 -1         0.00000  0
-0.075  0.450 -1         0.00000  0
-0.075  0.475 -1         0.00000  0
-0.075  0.500 -1         0.00000  0
-0.075  0.525 -1         0.00000  0
-0.075  0.550 -1         0.00000  0
-0.075  0.575  1         0.00000  0
-0.075  0.600  1         0.00000  0
-0.050 -0.075 -1         0.00000  0
-0.050 -0.050 -1         0.00000  0
-0.050 -0.025 -1         0.00000  0
-0.050  0.000 -1         0.00000  0
-0.050  0.025 -1         0.00000  0
-0.050  0.050 -1         0.00000  0
-0.050  0.075 -1         0.00000  0
-0.050  0.100 -1         0.00000  0
-0.050  0.125 -1         0.00000  0
-0.050  0.150 -1         0.00000  0
-0.050  0.175 -1         0.00000  0
-0.050  0.200 -1         0.00000  0
-0.050  0.225 -1         0.00000  0
-0.050  0.250 -1         0.00000  0
-0.050  0.275 -1         0.00000  0
-0.050  0.300 -1         0.00000  0
-0.050  0.325 -1         0.00000  0
-0.050  0.350 -1         0.00000  0
-0.050  0.375 -1         0.00000  0
-0.050  0.400 -1         0.00000  0
-0.050  0.425 -1         0.00000  0
-0.050  0.450 -1         0.00000  0
-0.050  0.475 -1         0.00000  0
-0.050  0.500 -1         0.00000  0
-0.050  0.525 -1         0.00000  0
-0.050  0.550 -1         0.00000  0
-0.050  0.575  1         0.00000  0
-0.050  0.600  1         0.00000  0
-0.025 -0.075 -1         0.00000  0
-0.025 -0.050 -1         0.00000  0
-0.025 -0.025  1         0.00000  0
-0.025  0.000  1         0.00000  0
-0.025  0.025  1         0.00000  0
-0.025  0.050  1         0.00000  0
-0.025  0.075  1         0.00000  0
-0.025  0.100  1         0.00000  0
-0.025  0.125  1         0.00000  0
-0.025  0.150  1         0.00000  0
-0.025  0.175  1         0.00000  0
-0.025  0.200  1         0.00000  0
-0.025  0.225  1         0.00000  0
-0.025  0.250  1         0.00000  0
-0.025  0.275  1         0.00000  0
-0.025  0.300  1         0.00000  0
-0.025  0.325  1         0.00000  0
-0.025  0.350  1         0.00000  0
-0.025  0.375  1         0.00000  0
-0.025  0.400  1         0.00000  0
-0.025  0.425  1         0.00000  0
-0.025  0.450  1         0.00000  0
-0.025  0.475  1         0.00000  0
-0.025  0.500  1         0.00000  0
-0.025  0.525  1         0.00000  0
-0.025  0.550  1         0.00000  0
-0.025  0.575  1         0.00000  0
-0.025  0.600  1         0.00000  0
 0.000 -0.075 -1         0.00000  0
 0.000 -0.050 -1         0.00000  0
 0.000 -0.025  1         0.00000  0
 0.000  0.000  1      1473.83552  0
 0.000  0.025  1      2847.75585  0
 0.000  0.050  1      2435.00885  0
 0.000  0.075  1      1616.05416  0
 0.000  0.100  1      2176.87013  0
 0.000  0.125  1      2097.79929  0
 0.000  0.150  1      1491.37168  0
 0.000  0.175  1      1632.74186  0
 0.000  0.200  1      1509.77161  0
 0.000  0.225  1       993.15235  0
 0.000  0.250  1       938.73960  0
 0.000  0.275  1      1652.24836  0
 0.000  0.300  1      1742.70658  0
 0.000  0.325  1      1258.58978  0
 0.000  0.350  1       549.77692  0
 0.000  0.375  1        43.51441  0
 0.000  0.400  1         0.00000  0
 0.000  0.425  1         0.00000  0
 0.000  0.450  1         0.00000  0
 0.000  0.475  1         0.00000  0
 0.000  0.500  1         0.00000  0
 0.000  0.525  1         0.00000  0
 0.000  0.550  1         0.00000  0
 0.000  0.575  1         0.00000  0
 0.000  0.600  1         0.00000  0
 0.025 -0.075 -1         0.00000  0
 0.025 -0.050 -1         0.00000  0
 0.025 -0.025  1         0.00000  0
 0.025  0.000  1      3870.65853  0
 0.024  0.023  0      4154.68325  0
 0.046  0.039  0      2451.60525  0
 0.025  0.049  0      3808.82710  0
 0.033  0.069  0      1547.16957  0
 0.026  0.086  0      2889.43121  0
 0.027  0.106  0      1686.57313  0
 0.028  0.125  0      1979.93972  0
 0.027  0.145  0      1795.70851  0
 0.027  0.164  0      1665.27725  0
 0.027  0.185  0      1407.19653  0
 0.026  0.206  0      1377.56463  0
 0.027  0.227  0      1577.35943  0
 0.026  0.248  0      1170.60488  0
 0.025  0.271  0       903.74952  0
 0.025  0.293  0       989.23092  0
 0.025  0.316  0       118.60583  0
 0.024  0.340  0       467.14482  0
 0.026  0.364  0       165.83828  0
 0.026  0.389  0       177.41118  0
 0.025  0.408  0         0.00000  0
 0.050 -0.075 -1         0.00000  0
 0.050 -0.050 -1         0.00000  0
 0.050 -0.025  1         0.00000  0
 0.050  0.000  1      2925.66927  0
 0.062  0.020  0      5177.93171  0
 0.076  0.042  0      3147.48417  0
 0.069  0.060  0      2767.36622  0
 0.072  0.077  0      2558.86215  0
 0.068  0.094  0      2870.13689  0
 0.069  0.111  0      2510.27004  0
 0.067  0.128  0      2674.72797  0
 0.067  0.147  0      2550.84818  0
 0.063  0.164  0      2383.69597  0
 0.063  0.183  0      2295.59241  0
 0.062  0.202  0      2060.18579  0
 0.061  0.222  0      1924.71323  0
 0.059  0.242  0      1808.26167  0
 0.059  0.262  0      1660.18324  0
 0.057  0.282  0      1543.85800  0
 0.055  0.303  0      1388.40579  0
 0.055  0.325  0      1250.44276  0
 0.053  0.347  0       636.20506  0
 0.052  0.371  0       541.79515  0
 0.052  0.396  0         0.00000  0
 0.075 -0.075 -1         0.00000  0
 0.075 -0.050 -1         0.00000  0
 0.075 -0.025  1         0.00000  0
 0.075  0.000  1      2931.60863  0
 0.116  0.022  0      4831.10918  0
 0.092  0.028  0      3073.59773  0
 0.116  0.045  0      3131.20467  0
 0.113  0.064  0      3301.98635  0
 0.111  0.083  0      2085.84212  0
 0.107  0.100  0      2846.16715  0
 0.106  0.121  0      1549.91761  0
 0.102  0.140  0      2045.70014  0
 0.100  0.159  0      1179.52280  0
 0.097  0.180  0      1089.25025  0
 0.095  0.200  0      1468.96576  0
 0.093  0.221  0       498.53203  0
 0.090  0.243  0       850.99244  0
 0.088  0.264  0       707.34289  0
 0.086  0.287  0       393.39076  0
 0.083  0.309  0       514.14749  0
 0.082  0.333  0       140.43726  0
 0.079  0.356  0       390.67217  0
 0.078  0.381  0       166.70046  0
 0.075  0.401  0         0.00000  0
 0.100 -0.075 -1         0.00000  0
 0.100 -0.050 -1         0.00000  0
 0.100 -0.025  1         0.00000  0
 0.100  0.000  1      2260.23641  0
 0.163  0.019  0      3715.45749  0
 0.140  0.032  0      1573.75258  0
 0.159  0.047  0      3730.93342  0
 0.144  0.067  0      1457.99850  0
 0.148  0.086  0       993.94169  0
 0.137  0.103  0      1947.67036  0
 0.144  0.122  0       508.43380  0
 0.134  0.138  0      1836.17171  0
 0.136  0.158  0      1250.55601  0
 0.129  0.177  0      1622.64695  0
 0.130  0.197  0      1552.61383  0
 0.124  0.216  0      1516.76415  0
 0.123  0.237  0      1591.92696  0
 0.119  0.257  0      1622.79076  0
 0.117  0.278  0      1198.99889  0
 0.113  0.300  0      1277.02526  0
 0.111  0.322  0      1030.97463  0
 0.108  0.344  0       552.44650  0
 0.106  0.368  0       461.59053  0
 0.103  0.393  0         0.00000  0
 0.125 -0.075 -1         0.00000  0
 0.125 -0.050 -1         0.00000  0
 0.125 -0.025  1         0.00000  0
 0.125  0.000  1      3300.03637  0
 0.207  0.022  0      2610.87978  0
 0.184  0.037  0      2031.51552  0
 0.204  0.049  0      2712.34280  0
 0.175  0.062  0      2698.72935  0
 0.190  0.079  0      1495.93921  0
 0.180  0.095  0      1907.09689  0
 0.180  0.113  0      2497.07010  0
 0.175  0.132  0      1623.61263  0
 0.172  0.151  0      2213.20061  0
 0.167  0.171  0      1260.08198  0
 0.164  0.191  0      1155.32017  0
 0.159  0.212  0      1065.25050  0
 0.156  0.233  0       855.51939  0
 0.150  0.255  0       315.80679  0
 0.147  0.277  0       771.71445  0
 0.142  0.300  0       173.83786  0
 0.138  0.324  0       525.96565  0
 0.133  0.347  0       285.88092  0
 0.131  0.372  0       349.27111  0
 0.126  0.393  0         0.00000  0
 0.150 -0.075 -1         0.00000  0
 0.150 -0.050 -1         0.00000  0
 0.150 -0.025  1         0.00000  0
 0.150  0.000  1      3261.27138  0
 0.259  0.022  0      3898.41261  0
 0.229  0.027  0      2521.13067  0
 0.247  0.041  0      2368.80982  0
 0.219  0.061  0      2137.11374  0
 0.236  0.076  0      4017.88080  0
 0.220  0.091  0      1367.82487  0
 0.216  0.110  0      2204.29991  0
 0.212  0.128  0      1857.65486  0
 0.206  0.147  0      1495.19506  0
 0.201  0.166  0      2041.30139  0
 0.196  0.185  0      1688.02408  0
 0.191  0.205  0      1611.03052  0
 0.186  0.225  0      1595.70458  0
 0.181  0.247  0      1334.74017  0
 0.176  0.268  0      1292.16300  0
 0.172  0.290  0      1152.42437  0
 0.166  0.313  0       628.47541  0
 0.163  0.336  0       681.27553  0
 0.158  0.360  0       242.50562  0
 0.153  0.386  0         0.00000  0
 0.175 -0.075 -1         0.00000  0
 0.175 -0.050 -1         0.00000  0
 0.175 -0.025  1         0.00000  0
 0.175  0.000  1      3121.14969  0
 0.299  0.021  0      2721.79364  0
 0.281  0.036  0      2793.87472  0
 0.305  0.044  0      1577.59097  0
 0.266  0.055  0      1755.52001  0
 0.284  0.071  0      2531.53520  0
 0.256  0.081  0      2512.95248  0
 0.260  0.101  0      1361.06322  0
 0.250  0.119  0       972.83529  0
 0.246  0.138  0      1991.61736  0
 0.239  0.158  0       633.30434  0
 0.234  0.179  0      1164.65529  0
 0.227  0.198  0       921.35084  0
 0.221  0.221  0       778.38362  0
 0.214  0.242  0       767.12034  0
 0.208  0.265  0       653.48414  0
 0.201  0.287  0       177.68913  0
 0.196  0.310  0       782.88671  0
 0.188  0.336  0       146.25749  0
 0.185  0.359  0       404.74998  0
 0.177  0.383  0         0.00000  0
 0.200 -0.075 -1         0.00000  0
 0.200 -0.050 -1         0.00000  0
 0.200 -0.025  1         0.00000  0
 0.200  0.000  1      2157.23237  0
 0.386  0.021  0      1058.11455  0
 0.338  0.021  0      3667.68942  0
 0.364  0.033  0       664.38164  0
 0.333  0.040  0      3336.10618  0
 0.323  0.064  0      2201.64858  0
 0.305  0.076  0      4236.94554  0
 0.296  0.094  0      1933.43774  0
 0.292  0.113  0      2456.06258  0
 0.281  0.128  0      2183.21317  0
 0.275  0.148  0       894.13741  0
 0.265  0.167  0      1650.05136  0
 0.259  0.188  0      1137.97355  0
 0.251  0.209  0      1006.88219  0
 0.244  0.231  0       931.91599  0
 0.238  0.253  0       640.06697  0
 0.230  0.276  0       742.61792  0
 0.225  0.300  0       596.05602  0
 0.216  0.323  0       551.58660  0
 0.212  0.348  0       249.13023  0
 0.203  0.375  0         0.00000  0
 0.225 -0.075 -1         0.00000  0
 0.225 -0.050 -1         0.00000  0
 0.225 -0.025  1         0.00000  0
 0.225  0.000  1      2057.73250  0
 0.422  0.022  0       822.19168  0
 0.406  0.039  0      1464.69987  0
 0.426  0.051  0         0.00000  0
 0.377  0.047  0         0.00000  0
 0.380  0.070  0      2689.22668  0
 0.345  0.061  0         0.00000  0
 0.351  0.088  0      2540.94884  0
 0.333  0.099  0       210.32621  0
 0.327  0.120  0       974.15188  0
 0.315  0.140  0       837.64996  0
 0.306  0.160  0      1097.58700  0
 0.294  0.181  0       526.26861  0
 0.286  0.203  0       637.00139  0
 0.276  0.226  0       460.76998  0
 0.269  0.248  0       541.57052  0
 0.259  0.272  0       489.19425  0
 0.254  0.295  0       551.52630  0
 0.243  0.319  0         0.00000  0
 0.240  0.346  0       389.16338  0
 0.228  0.369  0         0.00000  0
 0.250 -0.075 -1         0.00000  0
 0.250 -0.050 -1         0.00000  0
 0.250 -0.025  1         0.00000  0
 0.250  0.000  1      2442.10603  0
 0.512  0.021  0         0.00000  0
 0.502  0.031  0         0.00000  0
 0.468  0.023  0         0.00000  0
 0.450  0.027  0         0.00000  0
 0.461  0.048  0         0.00000  0
 0.418  0.068  0         0.00000  0
 0.407  0.076  0         0.00000  0
 0.384  0.087  0         0.00000  0
 0.365  0.102  0         0.00000  0
 0.354  0.122  0         0.00000  0
 0.338  0.143  0         0.00000  0
 0.328  0.166  0         0.00000  0
 0.316  0.188  0         0.00000  0
 0.306  0.212  0         0.00000  0
 0.297  0.235  0         0.00000  0
 0.288  0.260  0         0.00000  0
 0.280  0.284  0         0.00000  0
 0.272  0.308  0         0.00000  0
 0.264  0.333  0         0.00000  0
 0.254  0.358  0         0.00000  0
 0.275 -0.075 -1         0.00000  0
 0.275 -0.050 -1         0.00000  0
 0.275 -0.025  1         0.00000  0
 0.275  0.000  1       924.80361  0
 0.300 -0.075 -1         0.00000  0
 0.300 -0.050 -1         0.00000  0
 0.300 -0.025  1         0.00000  0
 0.300  0.000  1      3572.25534  0
 0.325 -0.075 -1         0.00000  0
 0.325 -0.050 -1         0.00000  0
 0.325 -0.025  1         0.00000  0
 0.325  0.000  1        46.02703  0
 0.350 -0.075 -1         0.00000  0
 0.350 -0.050 -1         0.00000  0
 0.350 -0.025  1         0.00000  0
 0.350  0.000  1         0.00000  0
 0.375 -0.075 -1         0.00000  0
 0.375 -0.050 -1         0.00000  0
 0.375 -0.025  1         0.00000  0
 0.375  0.000  1       563.13654  0
 0.400 -0.075 -1         0.00000  0
 0.400 -0.050 -1         0.00000  0
 0.400 -0.025  1         0.00000  0
 0.400  0.000  1      1345.57780  0
 0.425 -0.075 -1         0.00000  0
 0.425 -0.050 -1         0.00000  0
 0.425 -0.025  1         0.00000  0
 0.425  0.000  1      2548.17176  0
 0.450 -0.075 -1         0.00000  0
 0.450 -0.050 -1         0.00000  0
 0.450 -0.025  1         0.00000  0
 0.450  0.000  1      1566.51176  0
 0.475 -0.075 -1         0.00000  0
 0.475 -0.050 -1         0.00000  0
 0.475 -0.025  1         0.00000  0
 0.475  0.000  1       461.91041  0
 0.500 -0.075 -1         0.00000  0
 0.500 -0.050 -1         0.00000  0
 0.500 -0.025  1         0.00000  0
 0.500  0.000  1      1001.27245  0
 0.525 -0.075 -1         0.00000  0
 0.525 -0.050 -1         0.00000  0
 0.525 -0.025  1         0.00000  0
 0.525  0.000  1         0.00000  0
 0.550 -0.075 -1         0.00000  0
 0.550 -0.050 -1         0.00000  0
 0.550 -0.025  1         0.00000  0
 0.550  0.000  1         0.00000  0
 0.575 -0.075 -1         0.00000  0
 0.575 -0.050 -1         0.00000  0
 0.575 -0.025  1         0.00000  0
 0.575  0.000  1         0.00000  0
 0.600 -0.075 -1         0.00000  0
 0.600 -0.050 -1         0.00000  0
 0.600 -0.025  1         0.00000  0
 0.600  0.000  1         0.00000  0
 0.625 -0.075 -1         0.00000  0
 0.625 -0.050 -1         0.00000  0
 0.625 -0.025  1         0.00000  0
 0.625  0.000  1         0.00000  0
 0.650 -0.075 -1         0.00000  0
 0.650 -0.050 -1         0.00000  0
 0.650 -0.025  1         0.00000  0
 0.650  0.000  1         0.00000  0
 0.675 -0.075 -1         0.00000  0
 0.675 -0.050 -1         0.00000  0
 0.675 -0.025  1         0.00000  0
 0.675  0.000  1         0.00000  0
 0.700 -0.075 -1         0.00000  0
 0.700 -0.050 -1         0.00000  0
 0.700 -0.025  1         0.00000  0
 0.700  0.000  1         0.00000  0
 0.725 -0.075 -1         0.00000  0
 0.725 -0.050 -1         0.00000  0
 0.725 -0.025  1         0.00000  0
 0.725  0.000  1         0.00000  0
 0.750 -0.075 -1         0.00000  0
 0.750 -0.050 -1         0.00000  0
 0.750 -0.025  1         0.00000  0
 0.750  0.000  1         0.00000  0
 0.775 -0.075 -1         0.00000  0
 0.775 -0.050 -1         0.00000  0
 0.775 -0.025  1         0.00000  0
 0.775  0.000  1         0.00000  0
 0.800 -0.075 -1         0.00000  0
 0.800 -0.050 -1         0.00000  0
 0.800 -0.025  1         0.00000  0
 0.800  0.000  1         0.00000  0
 0.825 -0.075 -1         0.00000  0
 0.825 -0.050 -1         0.00000  0
 0.825 -0.025  1         0.00000  0
 0.825  0.000  1         0.00000  0
 0.850 -0.075 -1         0.00000  0
 0.850 -0.050 -1         0.00000  0
 0.850 -0.025  1         0.00000  0
 0.850  0.000  1         0.00000  0
 0.875 -0.075 -1         0.00000  0
 0.875 -0.050 -1         0.00000  0
 0.875 -0.025  1         0.00000  0
 0.875  0.000  1         0.00000  0
 0.900 -0.075 -1         0.00000  0
 0.900 -0.050 -1         0.00000  0
 0.900 -0.025  1         0.00000  0
 0.900  0.000  1         0.00000  0
 0.925 -0.075 -1         0.00000  0
 0.925 -0.050 -1         0.00000  0
 0.925 -0.025  1         0.00000  0
 0.925  0.000  1         0.00000  0
 0.950 -0.075 -1         0.00000  0
 0.950 -0.050 -1         0.00000  0
 0.950 -0.025  1         0.00000  0
 0.950  0.000  1         0.00000  0
 0.975 -0.075 -1         0.00000  0
 0.975 -0.050 -1         0.00000  0
 0.975 -0.025  1         0.00000  0
 0.975  0.000  1         0.00000  0
 1.000 -0.075 -1         0.00000  0
 1.000 -0.050 -1         0.00000  0
 1.000 -0.025  1         0.00000  0
 1.000  0.000  1         0.00000  0
 1.025 -0.075 -1         0.00000  0
 1.025 -0.050 -1         0.00000  0
 1.025 -0.025  1         0.00000  0
 1.025  0.000  1         0.00000  0
 1.025  0.025  1         0.00000  0
 1.025  0.050  1         0.00000  0
 1.025  0.075  1         0.00000  0
 1.025  0.100  1         0.00000  0
 1.025  0.125  1         0.00000  0
 1.025  0.150  1         0.00000  0
 1.025  0.175  1         0.00000  0
 1.025  0.200  1         0.00000  0
 1.025  0.225  1         0.00000  0
 1.025  0.250  1         0.00000  0
 1.025  0.275  1         0.00000  0
 1.025  0.300  1         0.00000  0
 1.025  0.325  1         0.00000  0
 1.025  0.350  1         0.00000  0
 1.025  0.375  1         0.00000  0
 1.025  0.400  1         0.00000  0
 1.025  0.425  1         0.00000  0
 1.025  0.450  1         0.00000  0
 1.025  0.475  1         0.00000  0
 1.025  0.500  1         0.00000  0
 1.025  0.525  1         0.00000  0
 1.025  0.550  1         0.00000  0
 1.025  0.575  1         0.00000  0
 1.025  0.600  1         0.00000  0
 1.050 -0.075 -1         0.00000  0
 1.050 -0.050 -1         0.00000  0
 1.050 -0.025  1         0.00000  0
 1.050  0.000  1         0.00000  0
 1.050  0.025  1         0.00000  0
 1.050  0.050  1         0.00000  0
 1.050  0.075  1         0.00000  0
 1.050  0.100  1         0.00000  0
 1.050  0.125  1         0.00000  0
 1.050  0.150  1         0.00000  0
 1.050  0.175  1         0.00000  0
 1.050  0.200  1         0.00000  0
 1.050  0.225  1         0.00000  0
 1.050  0.250  1         0.00000  0
 1.050  0.275  1         0.00000  0
 1.050  0.300  1         0.00000  0
 1.050  0.325  1         0.00000  0
 1.050  0.350  1         0.00000  0
 1.050  0.375  1         0.00000  0
 1.050  0.400  1         0.00000  0
 1.050  0.425  1         0.00000  0
 1.050  0.450  1         0.00000  0
 1.050  0.475  1         0.00000  0
 1.050  0.500  1         0.00000  0
 1.050  0.525  1         0.00000  0
 1.050  0.550  1         0.00000  0
 1.050  0.575  1         0.00000  0
 1.050  0.600  1         0.00000  0
 1.075 -0.075 -1         0.00000  0
 1.075 -0.050 -1         0.00000  0
 1.075 -0.025 -1         0.00000  0
 1.075  0.000 -1         0.00000  0
 1.075  0.025 -1         0.00000  0
 1.075  0.050 -1         0.00000  0
 1.075  0.075 -1         0.00000  0
 1.075  0.100 -1         0.00000  0
 1.075  0.125 -1         0.00000  0
 1.075  0.150 -1         0.00000  0
 1.075  0.175 -1         0.00000  0
 1.075  0.200 -1         0.00000  0
 1.075  0.225 -1         0.00000  0
 1.075  0.250 -1         0.00000  0
 1.075  0.275 -1         0.00000  0
 1.075  0.300 -1         0.00000  0
 1.075  0.325 -1         0.00000  0
 1.075  0.350 -1         0.00000  0
 1.075  0.375 -1         0.00000  0
 1.075  0.400 -1         0.00000  0
 1.075  0.425 -1         0.00000  0
 1.075  0.450 -1         0.00000  0
 1.075  0.475 -1         0.00000  0
 1.075  0.500 -1         0.00000  0
 1.075  0.525 -1         0.00000  0
 1.075  0.550 -1         0.00000  0
 1.075  0.575  1         0.00000  0
 1.075  0.600  1         0.00000  0
 1.100 -0.075 -1         0.00000  0
 1.100 -0.050 -1         0.00000  0
 1.100 -0.025 -1         0.00000  0
 1.100  0.000 -1         0.00000  0
 1.100  0.025 -1         0.00000  0
 1.100  0.050 -1         0.00000  0
 1.100  0.075 -1         0.00000  0
 1.100  0.100 -1         0.00000  0
 1.100  0.125 -1         0.00000  0
 1.100  0.150 -1         0.00000  0
 1.100  0.175 -1         0.00000  0
 1.100  0.200 -1         0.00000  0
 1.100  0.225 -1         0.00000  0
 1.100  0.250 -1         0.00000  0
 1.100  0.275 -1         0.00000  0
 1.100  0.300 -1         0.00000  0
 1.100  0.325 -1         0.00000  0
 1.100  0.350 -1         0.00000  0
 1.100  0.375 -1         0.00000  0
 1.100  0.400 -1         0.00000  0
 1.100  0.425 -1         0.00000  0
 1.100  0.450 -1         0.00000  0
 1.100  0.475 -1         0.00000  0
 1.100  0.500 -1         0.00000  0
 1.100  0.525 -1         0.00000  0
 1.100  0.550 -1         0.00000  0
 1.100  0.575  1         0.00000  0
 1.100  0.600  1         0.00000  0
