-0.075 -0.075 -1         0.00000  0
-0.075 -0.050 -1         0.00000  0
-0.075 -0.025 -1         0.00000  0
-0.075  0.000 -1         0.00000  0
-0.075  0.025 -1         0.00000  0
-0.075  0.050 -1         0.00000  0
-0.075  0.075 -1         0.00000  0
-0.075  0.100 -1         0.00000  0
-0.075  0.125 -1         0.00000  0
-0.075  0.150 -1         0.00000  0
-0.075  0.175 -1         0.00000  0
-0.075  0.200 -1         0.00000  0
-0.075  0.225 -1         0.00000  0
-0.075  0.250 -1         0.00000  0
-0.075  0.275 -1         0.00000  0
-0.075  0.300 -1         0.00000  0
-0.075  0.325 -1         0.00000  0
-0.075  0.350 -1         0.00000  0
-0.075  0.375 -1         0.00000  0
-0.075  0.400 -1         0.00000  0
-0.075  0.425 -1         0.00000  0
-0.075  0.450 -1         0.00000  0
-0.075  0.475 -1         0.00000  0
-0.075  0.500 -1         0.00000  0
-0.075  0.525 -1         0.00000  0
-0.075  0.550 -1         0.00000  0
-0.075  0.575  1         0.00000  0
-0.075  0.600  1         0.00000  0
-0.050 -0.075 -1         0.00000  0
-0.050 -0.050 -1         0.00000  0
-0.050 -0.025 -1         0.00000  0
-0.050  0.000 -1         0.00000  0
-0.050  0.025 -1         0.00000  0
-0.050  0.050 -1         0.00000  0
-0.050  0.075 -1         0.00000  0
-0.050  0.100 -1         0.00000  0
-0.050  0.125 -1         0.00000  0
-0.050  0.150 -1         0.00000  0
-0.050  0.175 -1         0.00000  0
-0.050  0.200 -1         0.00000  0
-0.050  0.225 -1         0.00000  0
-0.050  0.250 -1         0.00000  0
-0.050  0.275 -1         0.00000  0
-0.050  0.300 -1         0.00000  0
-0.050  0.325 -1         0.00000  0
-0.050  0.350 -1         0.00000  0
-0.050  0.375 -1         0.00000  0
-0.050  0.400 -1         0.00000  0
-0.050  0.425 -1         0.00000  0
-0.050  0.450 -1         0.00000  0
-0.050  0.475 -1         0.00000  0
-0.050  0.500 -1         0.00000  0
-0.050  0.525 -1         0.00000  0
-0.050  0.550 -1         0.00000  0
-0.050  0.575  1         0.00000  0
-0.050  0.600  1       534.13402  0
-0.025 -0.075 -1         0.00000  0
-0.025 -0.050 -1         0.00000  0
-0.025 -0.025  1         0.00000  0
-0.025  0.000  1         0.00000  0
-0.025  0.025  1         0.00000  0
-0.025  0.050  1         0.00000  0
-0.025  0.075  1         0.00000  0
-0.025  0.100  1         0.00000  0
-0.025  0.125  1         0.00000  0
-0.025  0.150  1         0.00000  0
-0.025  0.175  1         0.00000  0
-0.025  0.200  1         0.00000  0
-0.025  0.225  1         0.00000  0
-0.025  0.250  1         0.00000  0
-0.025  0.275  1         0.00000  0
-0.025  0.300  1         0.00000  0
-0.025  0.325  1         0.00000  0
-0.025  0.350  1         0.00000  0
-0.025  0.375  1         0.00000  0
-0.025  0.400  1         0.00000  0
-0.025  0.425  1         0.00000  0
-0.025  0.450  1         0.00000  0
-0.025  0.475  1         0.00000  0
-0.025  0.500  1         0.00000  0
-0.025  0.525  1         0.00000  0
-0.025  0.550  1         0.00000  0
-0.025  0.575  1         0.00000  0
-0.025  0.600  1       202.07424  0
 0.000 -0.075 -1         0.00000  0
 0.000 -0.050 -1         0.00000  0
 0.000 -0.025  1         0.00000  0
 0.000  0.000  1      8670.62452  0
 0.000  0.025  1       759.85381  0
 0.000  0.050  1         0.00000  0
 0.000  0.075  1         0.00000  0
 0.000  0.100  1         0.00000  0
 0.000  0.125  1         0.00000  0
 0.000  0.150  1         0.00000  0
 0.000  0.175  1         0.00000  0
 0.000  0.200  1         0.00000  0
 0.000  0.225  1         0.00000  0
 0.000  0.250  1         0.00000  0
 0.000  0.275  1         0.00000  0
 0.000  0.300  1         0.00000  0
 0.000  0.325  1         0.00000  0
 0.000  0.350  1         0.00000  0
 0.000  0.375  1         0.00000  0
 0.000  0.400  1         0.00000  0
 0.000  0.425  1         0.00000  0
 0.000  0.450  1         0.00000  0
 0.000  0.475  1         0.00000  0
 0.000  0.500  1         0.00000  0
 0.000  0.525  1         0.00000  0
 0.000  0.550  1         0.00000  0
 0.000  0.575  1         0.00000  0
 0.000  0.600  1         0.00000  0
 0.025 -0.075 -1         0.00000  0
 0.025 -0.050 -1         0.00000  0
 0.025 -0.025  1         0.00000  0
 0.025  0.000  1      4832.49222  0
 1.860  0.805  0         0.00000  0
-1.641  0.943  0         0.00000  0
****** ******  0         0.00000  0
20.507 49.892  0         0.00000  0
 0.770  0.021  0         0.00000  0
 1.495  9.051  0         0.00000  0
****** ******  0         0.00000  0
 1.006  0.543  0         0.00000  0
******  6.576  0         0.00000  0
67.220 ******  0         0.00000  0
****** ******  0         0.00000  0
****** ******  0         0.00000  0
****** ******  0         0.00000  0
48.285 14.298  0         0.00000  0
****** ******  0         0.00000  0
 0.018  0.017  0         0.00000  0
 2.156  0.189  0         0.00000  0
****** ******  0         0.00000  0
78.458 ******  0         0.00000  0
****** 39.311  0         0.00000  0
 0.050 -0.075 -1         0.00000  0
 0.050 -0.050 -1         0.00000  0
 0.050 -0.025  1         0.00000  0
 0.050  0.000  1         0.00000  0
****** ******  0         0.00000  0
-0.335  0.795  0         0.00000  0
80.824 ******  0         0.00000  0
****** ******  0         0.00000  0
-9.374 ******  0         0.00000  0
-0.515 -0.204  0         0.00000  0
****** 14.555  0         0.00000  0
27.915 42.696  0         0.00000  0
 1.389  6.231  0         0.00000  0
****** -0.054  0         0.00000  0
 3.178  0.223  0         0.00000  0
54.339 26.125  0         0.00000  0
 0.544  0.024  0         0.00000  0
-8.060  7.216  0         0.00000  0
 0.423  0.089  0         0.00000  0
****** ******  0         0.00000  0
-1.713 -0.072  0         0.00000  0
 1.585 13.475  0         0.00000  0
13.083  4.402  0         0.00000  0
 0.252  0.069  0         0.00000  0
 0.075 -0.075 -1         0.00000  0
 0.075 -0.050 -1         0.00000  0
 0.075 -0.025  1         0.00000  0
 0.075  0.000  1         0.00000  0
 9.279 ******  0         0.00000  0
****** ******  0         0.00000  0
****** ******  0         0.00000  0
13.166 12.459  0         0.00000  0
****** 49.029  0         0.00000  0
****** 23.340  0         0.00000  0
23.441 95.144  0         0.00000  0
****** ******  0         0.00000  0
 0.162  0.017  0         0.00000  0
 0.229  0.164  0         0.00000  0
37.616 ******  0         0.00000  0
 0.973  0.078  0         0.00000  0
****** ******  0         0.00000  0
-8.334  4.456  0         0.00000  0
 4.323 ******  0         0.00000  0
-0.927  1.065  0         0.00000  0
14.355 87.030  0         0.00000  0
****** ******  0         0.00000  0
 0.663  0.012  0         0.00000  0
****** ******  0         0.00000  0
 0.100 -0.075 -1         0.00000  0
 0.100 -0.050 -1         0.00000  0
 0.100 -0.025  1         0.00000  0
 0.100  0.000  1         0.00000  0
 0.574  0.019  0         0.00000  0
****** ******  0         0.00000  0
94.119 25.448  0         0.00000  0
 0.807  0.399  0         0.00000  0
****** ******  0         0.00000  0
39.622 25.997  0         0.00000  0
-0.279  4.991  0         0.00000  0
 0.337  0.140  0         0.00000  0
****** 16.721  0         0.00000  0
****** ******  0         0.00000  0
-6.370 45.557  0         0.00000  0
50.300  7.801  0         0.00000  0
****** ******  0         0.00000  0
****** 15.382  0         0.00000  0
****** ******  0         0.00000  0
****** ******  0         0.00000  0
****** ******  0         0.00000  0
****** ******  0         0.00000  0
15.732 ******  0         0.00000  0
****** 12.069  0         0.00000  0
 0.125 -0.075 -1         0.00000  0
 0.125 -0.050 -1         0.00000  0
 0.125 -0.025  1         0.00000  0
 0.125  0.000  1         0.00000  0
19.854 ******  0         0.00000  0
****** ******  0         0.00000  0
****** ******  0         0.00000  0
****** -1.648  0         0.00000  0
24.851 94.898  0         0.00000  0
 0.907  0.166  0         0.00000  0
****** ******  0         0.00000  0
****** ******  0         0.00000  0
21.083 ******  0         0.00000  0
 0.185  0.116  0         0.00000  0
 0.733  0.027  0         0.00000  0
19.772 ******  0         0.00000  0
****** ******  0         0.00000  0
****** ******  0         0.00000  0
 1.678  0.174  0         0.00000  0
-6.996  9.285  0         0.00000  0
21.478 32.120  0         0.00000  0
13.201 ******  0         0.00000  0
****** ******  0         0.00000  0
****** 26.512  0         0.00000  0
 0.150 -0.075 -1         0.00000  0
 0.150 -0.050 -1         0.00000  0
 0.150 -0.025  1         0.00000  0
 0.150  0.000  1         0.00000  0
-1.653  4.361  0         0.00000  0
****** ******  0         0.00000  0
****** ******  0         0.00000  0
-3.571  2.425  0         0.00000  0
-4.368  4.102  0         0.00000  0
79.075 ******  0         0.00000  0
****** ******  0         0.00000  0
 5.813 ******  0         0.00000  0
****** ******  0         0.00000  0
******  7.888  0         0.00000  0
****** ******  0         0.00000  0
****** ******  0         0.00000  0
 0.410 24.251  0         0.00000  0
****** ******  0         0.00000  0
 2.459  8.230  0         0.00000  0
******  6.464  0         0.00000  0
****** ******  0         0.00000  0
34.769 ******  0         0.00000  0
 1.106 ******  0         0.00000  0
12.812 ******  0         0.00000  0
 0.175 -0.075 -1         0.00000  0
 0.175 -0.050 -1         0.00000  0
 0.175 -0.025  1         0.00000  0
 0.175  0.000  1         0.00000  0
****** ******  0         0.00000  0
****** ******  0         0.00000  0
15.968 12.868  0         0.00000  0
****** ******  0         0.00000  0
-0.463  5.507  0         0.00000  0
****** ******  0         0.00000  0
-0.038  0.610  0         0.00000  0
14.585  7.678  0         0.00000  0
****** ******  0         0.00000  0
****** ******  0         0.00000  0
****** 11.164  0         0.00000  0
-8.690  6.085  0         0.00000  0
-4.237  4.416  0         0.00000  0
****** ******  0         0.00000  0
****** ******  0         0.00000  0
****** ******  0         0.00000  0
 0.213  0.137  0         0.00000  0
-0.497  0.701  0         0.00000  0
 2.552  2.054  0         0.00000  0
12.201 ******  0         0.00000  0
 0.200 -0.075 -1         0.00000  0
 0.200 -0.050 -1         0.00000  0
 0.200 -0.025  1         0.00000  0
 0.200  0.000  1         0.00000  0
****** -3.965  0         0.00000  0
****** ******  0         0.00000  0
****** ******  0         0.00000  0
95.694 ******  0         0.00000  0
 0.198 12.720  0         0.00000  0
****** -4.246  0         0.00000  0
****** ******  0         0.00000  0
28.262 ******  0         0.00000  0
****** ******  0         0.00000  0
 5.739 23.758  0         0.00000  0
****** ******  0         0.00000  0
****** 13.629  0         0.00000  0
****** ******  0         0.00000  0
****** 12.013  0         0.00000  0
****** 10.826  0         0.00000  0
****** 16.180  0         0.00000  0
****** ******  0         0.00000  0
-7.210 15.811  0         0.00000  0
****** 63.390  0         0.00000  0
****** ******  0         0.00000  0
 0.225 -0.075 -1         0.00000  0
 0.225 -0.050 -1         0.00000  0
 0.225 -0.025  1         0.00000  0
 0.225  0.000  1         0.00000  0
-1.961 10.225  0         0.00000  0
****** ******  0         0.00000  0
 8.744 -1.498  0         0.00000  0
 4.117 28.642  0         0.00000  0
55.783 ******  0         0.00000  0
-1.226  2.058  0         0.00000  0
14.889 81.226  0         0.00000  0
****** ******  0         0.00000  0
22.257 23.886  0         0.00000  0
****** ******  0         0.00000  0
 6.465  6.237  0         0.00000  0
 0.087  0.098  0         0.00000  0
****** ******  0         0.00000  0
****** ******  0         0.00000  0
16.815 ******  0         0.00000  0
-0.459  3.993  0         0.00000  0
******  2.259  0         0.00000  0
****** -3.068  0         0.00000  0
****** ******  0         0.00000  0
20.726 ******  0         0.00000  0
 0.250 -0.075 -1         0.00000  0
 0.250 -0.050 -1         0.00000  0
 0.250 -0.025  1         0.00000  0
 0.250  0.000  1         0.00000  0
10.323 28.053  0         0.00000  0
 0.125  0.030  0         0.00000  0
****** -9.730  0         0.00000  0
 2.171  0.026  0         0.00000  0
-0.198  2.203  0         0.00000  0
****** 41.865  0         0.00000  0
****** ******  0         0.00000  0
 0.256  0.120  0         0.00000  0
 0.137  9.970  0         0.00000  0
18.846 ******  0         0.00000  0
****** ******  0         0.00000  0
****** ******  0         0.00000  0
 1.826 -3.074  0         0.00000  0
 3.239 ******  0         0.00000  0
73.350 33.881  0         0.00000  0
****** ******  0         0.00000  0
 1.010  0.106  0         0.00000  0
17.332 ******  0         0.00000  0
 3.362 -1.271  0         0.00000  0
****** ******  0         0.00000  0
 0.275 -0.075 -1         0.00000  0
 0.275 -0.050 -1         0.00000  0
 0.275 -0.025  1         0.00000  0
 0.275  0.000  1         0.00000  0
 0.300 -0.075 -1         0.00000  0
 0.300 -0.050 -1         0.00000  0
 0.300 -0.025  1         0.00000  0
 0.300  0.000  1         0.00000  0
 0.325 -0.075 -1         0.00000  0
 0.325 -0.050 -1         0.00000  0
 0.325 -0.025  1         0.00000  0
 0.325  0.000  1         0.00000  0
 0.350 -0.075 -1         0.00000  0
 0.350 -0.050 -1         0.00000  0
 0.350 -0.025  1         0.00000  0
 0.350  0.000  1         0.00000  0
 0.375 -0.075 -1         0.00000  0
 0.375 -0.050 -1         0.00000  0
 0.375 -0.025  1         0.00000  0
 0.375  0.000  1         0.00000  0
 0.400 -0.075 -1         0.00000  0
 0.400 -0.050 -1         0.00000  0
 0.400 -0.025  1         0.00000  0
 0.400  0.000  1         0.00000  0
 0.425 -0.075 -1         0.00000  0
 0.425 -0.050 -1         0.00000  0
 0.425 -0.025  1         0.00000  0
 0.425  0.000  1         0.00000  0
 0.450 -0.075 -1         0.00000  0
 0.450 -0.050 -1         0.00000  0
 0.450 -0.025  1         0.00000  0
 0.450  0.000  1         0.00000  0
 0.475 -0.075 -1         0.00000  0
 0.475 -0.050 -1         0.00000  0
 0.475 -0.025  1         0.00000  0
 0.475  0.000  1         0.00000  0
 0.500 -0.075 -1         0.00000  0
 0.500 -0.050 -1         0.00000  0
 0.500 -0.025  1         0.00000  0
 0.500  0.000  1         0.00000  0
 0.525 -0.075 -1         0.00000  0
 0.525 -0.050 -1         0.00000  0
 0.525 -0.025  1         0.00000  0
 0.525  0.000  1         0.00000  0
 0.550 -0.075 -1         0.00000  0
 0.550 -0.050 -1         0.00000  0
 0.550 -0.025  1         0.00000  0
 0.550  0.000  1         0.00000  0
 0.575 -0.075 -1         0.00000  0
 0.575 -0.050 -1         0.00000  0
 0.575 -0.025  1         0.00000  0
 0.575  0.000  1         0.00000  0
 0.600 -0.075 -1         0.00000  0
 0.600 -0.050 -1         0.00000  0
 0.600 -0.025  1         0.00000  0
 0.600  0.000  1         0.00000  0
 0.625 -0.075 -1         0.00000  0
 0.625 -0.050 -1         0.00000  0
 0.625 -0.025  1         0.00000  0
 0.625  0.000  1         0.00000  0
 0.650 -0.075 -1         0.00000  0
 0.650 -0.050 -1         0.00000  0
 0.650 -0.025  1         0.00000  0
 0.650  0.000  1         0.00000  0
 0.675 -0.075 -1         0.00000  0
 0.675 -0.050 -1         0.00000  0
 0.675 -0.025  1         0.00000  0
 0.675  0.000  1         0.00000  0
 0.700 -0.075 -1         0.00000  0
 0.700 -0.050 -1         0.00000  0
 0.700 -0.025  1         0.00000  0
 0.700  0.000  1         0.00000  0
 0.725 -0.075 -1         0.00000  0
 0.725 -0.050 -1         0.00000  0
 0.725 -0.025  1         0.00000  0
 0.725  0.000  1         0.00000  0
 0.750 -0.075 -1         0.00000  0
 0.750 -0.050 -1         0.00000  0
 0.750 -0.025  1         0.00000  0
 0.750  0.000  1         0.00000  0
 0.775 -0.075 -1         0.00000  0
 0.775 -0.050 -1         0.00000  0
 0.775 -0.025  1         0.00000  0
 0.775  0.000  1         0.00000  0
 0.800 -0.075 -1         0.00000  0
 0.800 -0.050 -1         0.00000  0
 0.800 -0.025  1         0.00000  0
 0.800  0.000  1         0.00000  0
 0.825 -0.075 -1         0.00000  0
 0.825 -0.050 -1         0.00000  0
 0.825 -0.025  1         0.00000  0
 0.825  0.000  1         0.00000  0
 0.850 -0.075 -1         0.00000  0
 0.850 -0.050 -1         0.00000  0
 0.850 -0.025  1         0.00000  0
 0.850  0.000  1         0.00000  0
 0.875 -0.075 -1         0.00000  0
 0.875 -0.050 -1         0.00000  0
 0.875 -0.025  1         0.00000  0
 0.875  0.000  1         0.00000  0
 0.900 -0.075 -1         0.00000  0
 0.900 -0.050 -1         0.00000  0
 0.900 -0.025  1         0.00000  0
 0.900  0.000  1         0.00000  0
 0.925 -0.075 -1         0.00000  0
 0.925 -0.050 -1         0.00000  0
 0.925 -0.025  1         0.00000  0
 0.925  0.000  1         0.00000  0
 0.950 -0.075 -1         0.00000  0
 0.950 -0.050 -1         0.00000  0
 0.950 -0.025  1         0.00000  0
 0.950  0.000  1         0.00000  0
 0.975 -0.075 -1         0.00000  0
 0.975 -0.050 -1         0.00000  0
 0.975 -0.025  1         0.00000  0
 0.975  0.000  1         0.00000  0
 1.000 -0.075 -1         0.00000  0
 1.000 -0.050 -1         0.00000  0
 1.000 -0.025  1         0.00000  0
 1.000  0.000  1         0.00000  0
 1.025 -0.075 -1         0.00000  0
 1.025 -0.050 -1         0.00000  0
 1.025 -0.025  1         0.00000  0
 1.025  0.000  1         0.00000  0
 1.025  0.025  1         0.00000  0
 1.025  0.050  1         0.00000  0
 1.025  0.075  1         0.00000  0
 1.025  0.100  1      1697.64104  0
 1.025  0.125  1         0.00000  0
 1.025  0.150  1         0.00000  0
 1.025  0.175  1         0.00000  0
 1.025  0.200  1         0.00000  0
 1.025  0.225  1         0.00000  0
 1.025  0.250  1         0.00000  0
 1.025  0.275  1         0.00000  0
 1.025  0.300  1         0.00000  0
 1.025  0.325  1         0.00000  0
 1.025  0.350  1         0.00000  0
 1.025  0.375  1         0.00000  0
 1.025  0.400  1         0.00000  0
 1.025  0.425  1         0.00000  0
 1.025  0.450  1         0.00000  0
 1.025  0.475  1         0.00000  0
 1.025  0.500  1         0.00000  0
 1.025  0.525  1         0.00000  0
 1.025  0.550  1         0.00000  0
 1.025  0.575  1         0.00000  0
 1.025  0.600  1         0.00000  0
 1.050 -0.075 -1         0.00000  0
 1.050 -0.050 -1         0.00000  0
 1.050 -0.025  1         0.00000  0
 1.050  0.000  1         0.00000  0
 1.050  0.025  1         0.00000  0
 1.050  0.050  1         0.00000  0
 1.050  0.075  1         0.00000  0
 1.050  0.100  1         0.00000  0
 1.050  0.125  1         0.00000  0
 1.050  0.150  1         0.00000  0
 1.050  0.175  1         0.00000  0
 1.050  0.200  1         0.00000  0
 1.050  0.225  1         0.00000  0
 1.050  0.250  1         0.00000  0
 1.050  0.275  1         0.00000  0
 1.050  0.300  1         0.00000  0
 1.050  0.325  1         0.00000  0
 1.050  0.350  1         0.00000  0
 1.050  0.375  1         0.00000  0
 1.050  0.400  1         0.00000  0
 1.050  0.425  1         0.00000  0
 1.050  0.450  1         0.00000  0
 1.050  0.475  1         0.00000  0
 1.050  0.500  1         0.00000  0
 1.050  0.525  1         0.00000  0
 1.050  0.550  1         0.00000  0
 1.050  0.575  1         0.00000  0
 1.050  0.600  1         0.00000  0
 1.075 -0.075 -1         0.00000  0
 1.075 -0.050 -1         0.00000  0
 1.075 -0.025 -1         0.00000  0
 1.075  0.000 -1         0.00000  0
 1.075  0.025 -1         0.00000  0
 1.075  0.050 -1         0.00000  0
 1.075  0.075 -1         0.00000  0
 1.075  0.100 -1         0.00000  0
 1.075  0.125 -1         0.00000  0
 1.075  0.150 -1         0.00000  0
 1.075  0.175 -1         0.00000  0
 1.075  0.200 -1         0.00000  0
 1.075  0.225 -1         0.00000  0
 1.075  0.250 -1         0.00000  0
 1.075  0.275 -1         0.00000  0
 1.075  0.300 -1         0.00000  0
 1.075  0.325 -1         0.00000  0
 1.075  0.350 -1         0.00000  0
 1.075  0.375 -1         0.00000  0
 1.075  0.400 -1         0.00000  0
 1.075  0.425 -1         0.00000  0
 1.075  0.450 -1         0.00000  0
 1.075  0.475 -1         0.00000  0
 1.075  0.500 -1         0.00000  0
 1.075  0.525 -1         0.00000  0
 1.075  0.550 -1         0.00000  0
 1.075  0.575  1         0.00000  0
 1.075  0.600  1         0.00000  0
 1.100 -0.075 -1         0.00000  0
 1.100 -0.050 -1         0.00000  0
 1.100 -0.025 -1         0.00000  0
 1.100  0.000 -1         0.00000  0
 1.100  0.025 -1         0.00000  0
 1.100  0.050 -1         0.00000  0
 1.100  0.075 -1         0.00000  0
 1.100  0.100 -1         0.00000  0
 1.100  0.125 -1         0.00000  0
 1.100  0.150 -1         0.00000  0
 1.100  0.175 -1         0.00000  0
 1.100  0.200 -1         0.00000  0
 1.100  0.225 -1         0.00000  0
 1.100  0.250 -1         0.00000  0
 1.100  0.275 -1         0.00000  0
 1.100  0.300 -1         0.00000  0
 1.100  0.325 -1         0.00000  0
 1.100  0.350 -1         0.00000  0
 1.100  0.375 -1         0.00000  0
 1.100  0.400 -1         0.00000  0
 1.100  0.425 -1         0.00000  0
 1.100  0.450 -1         0.00000  0
 1.100  0.475 -1         0.00000  0
 1.100  0.500 -1         0.00000  0
 1.100  0.525 -1         0.00000  0
 1.100  0.550 -1         0.00000  0
 1.100  0.575  1         0.00000  0
 1.100  0.600  1         0.00000  0
