-0.060 -0.060 -1         0.00000  0
-0.060 -0.040 -1         0.00000  0
-0.060 -0.020 -1         0.00000  0
-0.060  0.000 -1         0.00000  0
-0.060  0.020 -1         0.00000  0
-0.060  0.040 -1         0.00000  0
-0.060  0.060 -1         0.00000  0
-0.060  0.080 -1         0.00000  0
-0.060  0.100 -1         0.00000  0
-0.060  0.120 -1         0.00000  0
-0.060  0.140 -1         0.00000  0
-0.060  0.160 -1         0.00000  0
-0.060  0.180 -1         0.00000  0
-0.060  0.200 -1         0.00000  0
-0.060  0.220 -1         0.00000  0
-0.060  0.240 -1         0.00000  0
-0.060  0.260 -1         0.00000  0
-0.060  0.280 -1         0.00000  0
-0.060  0.300 -1         0.00000  0
-0.060  0.320 -1         0.00000  0
-0.060  0.340 -1         0.00000  0
-0.060  0.360 -1         0.00000  0
-0.060  0.380 -1         0.00000  0
-0.060  0.400 -1         0.00000  0
-0.060  0.420 -1         0.00000  0
-0.060  0.440 -1         0.00000  0
-0.060  0.460 -1         0.00000  0
-0.060  0.480 -1         0.00000  0
-0.060  0.500 -1         0.00000  0
-0.060  0.520 -1         0.00000  0
-0.060  0.540 -1         0.00000  0
-0.060  0.560 -1         0.00000  0
-0.060  0.580  1         0.00000  0
-0.060  0.600  1         0.00000  0
-0.040 -0.060 -1         0.00000  0
-0.040 -0.040 -1         0.00000  0
-0.040 -0.020 -1         0.00000  0
-0.040  0.000 -1         0.00000  0
-0.040  0.020 -1         0.00000  0
-0.040  0.040 -1         0.00000  0
-0.040  0.060 -1         0.00000  0
-0.040  0.080 -1         0.00000  0
-0.040  0.100 -1         0.00000  0
-0.040  0.120 -1         0.00000  0
-0.040  0.140 -1         0.00000  0
-0.040  0.160 -1         0.00000  0
-0.040  0.180 -1         0.00000  0
-0.040  0.200 -1         0.00000  0
-0.040  0.220 -1         0.00000  0
-0.040  0.240 -1         0.00000  0
-0.040  0.260 -1         0.00000  0
-0.040  0.280 -1         0.00000  0
-0.040  0.300 -1         0.00000  0
-0.040  0.320 -1         0.00000  0
-0.040  0.340 -1         0.00000  0
-0.040  0.360 -1         0.00000  0
-0.040  0.380 -1         0.00000  0
-0.040  0.400 -1         0.00000  0
-0.040  0.420 -1         0.00000  0
-0.040  0.440 -1         0.00000  0
-0.040  0.460 -1         0.00000  0
-0.040  0.480 -1         0.00000  0
-0.040  0.500 -1         0.00000  0
-0.040  0.520 -1         0.00000  0
-0.040  0.540 -1         0.00000  0
-0.040  0.560 -1         0.00000  0
-0.040  0.580  1         0.00000  0
-0.040  0.600  1         0.00000  0
-0.020 -0.060 -1         0.00000  0
-0.020 -0.040 -1         0.00000  0
-0.020 -0.020  1         0.00000  0
-0.020  0.000  1         0.00000  0
-0.020  0.020  1         0.00000  0
-0.020  0.040  1         0.00000  0
-0.020  0.060  1         0.00000  0
-0.020  0.080  1         0.00000  0
-0.020  0.100  1         0.00000  0
-0.020  0.120  1         0.00000  0
-0.020  0.140  1         0.00000  0
-0.020  0.160  1         0.00000  0
-0.020  0.180  1         0.00000  0
-0.020  0.200  1         0.00000  0
-0.020  0.220  1         0.00000  0
-0.020  0.240  1         0.00000  0
-0.020  0.260  1         0.00000  0
-0.020  0.280  1         0.00000  0
-0.020  0.300  1         0.00000  0
-0.020  0.320  1         0.00000  0
-0.020  0.340  1         0.00000  0
-0.020  0.360  1         0.00000  0
-0.020  0.380  1         0.00000  0
-0.020  0.400  1         0.00000  0
-0.020  0.420  1         0.00000  0
-0.020  0.440  1         0.00000  0
-0.020  0.460  1         0.00000  0
-0.020  0.480  1         0.00000  0
-0.020  0.500  1         0.00000  0
-0.020  0.520  1         0.00000  0
-0.020  0.540  1         0.00000  0
-0.020  0.560  1         0.00000  0
-0.020  0.580  1         0.00000  0
-0.020  0.600  1         0.00000  0
 0.000 -0.060 -1         0.00000  0
 0.000 -0.040 -1         0.00000  0
 0.000 -0.020  1         0.00000  0
 0.000  0.000  1         0.00000  0
 0.000  0.020  1         0.00000  0
 0.000  0.040  1      1625.47624  0
 0.000  0.060  1         0.00000  0
 0.000  0.080  1         0.00000  0
 0.000  0.100  1         0.00000  0
 0.000  0.120  1      1832.18611  0
 0.000  0.140  1         0.00000  0
 0.000  0.160  1         0.00000  0
 0.000  0.180  1         0.00000  0
 0.000  0.200  1         0.00000  0
 0.000  0.220  1         0.00000  0
 0.000  0.240  1         0.00000  0
 0.000  0.260  1         0.00000  0
 0.000  0.280  1         0.00000  0
 0.000  0.300  1         0.00000  0
 0.000  0.320  1         0.00000  0
 0.000  0.340  1         0.00000  0
 0.000  0.360  1         0.00000  0
 0.000  0.380  1         0.00000  0
 0.000  0.400  1         0.00000  0
 0.000  0.420  1         0.00000  0
 0.000  0.440  1         0.00000  0
 0.000  0.460  1         0.00000  0
 0.000  0.480  1         0.00000  0
 0.000  0.500  1         0.00000  0
 0.000  0.520  1         0.00000  0
 0.000  0.540  1         0.00000  0
 0.000  0.560  1         0.00000  0
 0.000  0.580  1         0.00000  0
 0.000  0.600  1         0.00000  0
 0.020 -0.060 -1         0.00000  0
 0.020 -0.040 -1         0.00000  0
 0.020 -0.020  1         0.00000  0
 0.020  0.000  1      2277.61260  0
 0.185  0.023  0       676.43509  0
 0.132  0.081  0       186.45446  0
 0.019  0.115  0      1925.84850  0
 0.264  0.034  0      1713.50342  0
 0.060  0.108  0         0.00000  0
 0.031  0.130  0         0.00000  0
 0.166  0.045  0      1107.67762  0
 0.382  0.070  0      4524.04275  0
 0.334  0.018  0      1872.66232  0
 0.016  0.031  0      2433.84440  0
 0.035  0.314  0         0.00000  0
 0.208  0.089  0         0.00000  0
 0.047  0.026  0         0.00000  0
 0.044  0.187  0         0.00000  0
 0.016  0.225  0         0.00000  0
 0.244  0.060  0      1140.84746  0
 0.204  0.070  0      2016.39635  0
 0.030  0.015  0      2971.04784  0
 0.049  0.169  0         0.00000  0
 0.020  0.061  0       952.36781  0
 0.046  0.050  0         0.00000  0
 0.067  0.069  0         0.00000  0
 0.059  0.140  0         0.00000  0
 0.170  0.020  0         0.00000  0
 0.165  0.229  0         0.00000  0
 0.040 -0.060 -1         0.00000  0
 0.040 -0.040 -1         0.00000  0
 0.040 -0.020  1         0.00000  0
 0.040  0.000  1      2377.12484  0
 0.150  0.020  0         0.00000  0
 0.224  0.025  0       380.22485  0
 0.186  0.082  0         0.00000  0
 0.233  0.118  0         0.00000  0
 0.045  0.078  0      1216.35541  0
 0.248  0.016  0      2378.98345  0
 0.289  0.043  0      2783.38637  0
 0.331  0.050  0      1619.82668  0
 0.246  0.036  0       128.23407  0
 0.111  0.016  0         0.00000  0
 0.089  0.229  0         0.00000  0
 0.015  0.149  0         0.00000  0
 0.294  0.277  0         0.00000  0
 0.222  0.067  0      1088.51216  0
 0.353  0.050  0      3353.86857  0
 0.192  0.039  0       956.86055  0
 0.192  0.209  0         0.00000  0
 0.131  0.044  0         0.00000  0
 0.118  0.037  0         0.00000  0
 0.018  0.094  0         0.00000  0
 0.118  0.310  0         0.00000  0
 0.098  0.034  0       641.81816  0
 0.086  0.032  0      1368.21067  0
 0.030  0.045  0         0.00000  0
 0.135  0.022  0         0.00000  0
 0.060 -0.060 -1         0.00000  0
 0.060 -0.040 -1         0.00000  0
 0.060 -0.020  1         0.00000  0
 0.060  0.000  1         0.00000  0
 0.293  0.026  0       517.48508  0
 0.076  0.125  0         0.00000  0
 0.209  0.044  0         0.00000  0
 0.169  0.188  0         0.00000  0
 0.277  0.061  0         0.00000  0
 0.584  0.053  0         0.00000  0
 0.498  0.017  0      1093.76306  0
 0.464  0.233  0         0.00000  0
 0.406  0.016  0         0.00000  0
 0.110  0.075  0         0.00000  0
 0.051  0.204  0         0.00000  0
 0.152  0.141  0         0.00000  0
 0.258  0.107  0         0.00000  0
 0.388  0.129  0         0.00000  0
 0.138  0.094  0         0.00000  0
 0.309  0.018  0      2861.87981  0
 0.188  0.057  0         0.00000  0
 0.227  0.043  0      2049.70577  0
 0.100  0.179  0         0.00000  0
 0.027  0.075  0      1278.04266  0
 0.063  0.032  0      1563.63973  0
 0.088  0.189  0         0.00000  0
 0.152  0.051  0         0.00000  0
 0.084  0.076  0       644.02373  0
 0.209  0.017  0      2443.94438  0
 0.080 -0.060 -1         0.00000  0
 0.080 -0.040 -1         0.00000  0
 0.080 -0.020  1         0.00000  0
 0.080  0.000  1      1908.12804  0
 0.347  0.072  0         0.00000  0
 0.334  0.072  0         0.00000  0
 0.065  0.190  0         0.00000  0
 0.042  0.094  0         0.00000  0
 0.386  0.142  0         0.00000  0
 0.458  0.038  0       230.62500  0
 0.304  0.071  0       680.54727  0
 0.489  0.071  0         0.00000  0
 0.480  0.025  0       572.49990  0
 0.427  0.095  0       300.19879  0
 0.098  0.091  0         0.00000  0
 0.418  0.135  0         0.00000  0
 0.073  0.015  0      1452.06108  0
 0.020  0.177  0         0.00000  0
 0.189  0.169  0         0.00000  0
 0.389  0.039  0      2617.29174  0
 0.318  0.067  0      2162.05531  0
 0.422  0.037  0      1466.97641  0
 0.063  0.092  0         0.00000  0
 0.325  0.111  0       935.95067  0
 0.072  0.151  0         0.00000  0
 0.078  0.109  0         0.00000  0
 0.275  0.018  0       898.03287  0
 0.302  0.093  0         0.00000  0
 0.042  0.261  0         0.00000  0
 0.100 -0.060 -1         0.00000  0
 0.100 -0.040 -1         0.00000  0
 0.100 -0.020  1         0.00000  0
 0.100  0.000  1         0.00000  0
 0.608  0.020  0         0.00000  0
 0.724  0.020  0         0.00000  0
 0.535  0.070  0         0.00000  0
 0.477  0.045  0      1057.39243  0
 0.020  0.195  0         0.00000  0
 0.184  0.099  0      2855.70610  0
 0.367  0.090  0         0.00000  0
 0.607  0.061  0       220.12787  0
 0.493  0.045  0         0.00000  0
 0.531  0.016  0      2141.60802  0
 0.242  0.076  0      1252.79894  0
 0.042  0.147  0         0.00000  0
 0.537  0.098  0         0.00000  0
 0.310  0.107  0         0.00000  0
 0.354  0.096  0       911.06334  0
 0.442  0.032  0      1577.10499  0
 0.154  0.183  0         0.00000  0
 0.105  0.132  0         0.00000  0
 0.288  0.099  0      2382.36225  0
 0.125  0.149  0         0.00000  0
 0.322  0.033  0         0.00000  0
 0.350  0.109  0         0.00000  0
 0.362  0.018  0       250.12179  0
 0.067  0.229  0         0.00000  0
 0.155  0.077  0         0.00000  0
 0.120 -0.060 -1         0.00000  0
 0.120 -0.040 -1         0.00000  0
 0.120 -0.020  1         0.00000  0
 0.120  0.000  1      1049.95566  0
 0.660  0.033  0       868.16062  0
 0.615  0.079  0         0.00000  0
 0.908  0.023  0       425.66935  0
 0.938  0.046  0         0.00000  0
 0.882  0.035  0         0.00000  0
 0.632  0.037  0         0.00000  0
 0.722  0.068  0         0.00000  0
 0.549  0.082  0         0.00000  0
 0.132  0.131  0       924.61380  0
 0.185  0.117  0         0.00000  0
 0.567  0.017  0         0.00000  0
 0.380  0.020  0       742.48539  0
 0.422  0.149  0         0.00000  0
 0.398  0.080  0      1438.38740  0
 0.345  0.034  0      1454.38215  0
 0.462  0.019  0        96.47353  0
 0.595  0.077  0         0.00000  0
 0.184  0.149  0         0.00000  0
 0.092  0.137  0         0.00000  0
 0.118  0.180  0         0.00000  0
 0.145  0.158  0         0.00000  0
 0.263  0.054  0      1621.59761  0
 0.241  0.165  0         0.00000  0
 0.286  0.149  0         0.00000  0
 0.262  0.082  0         0.00000  0
 0.140 -0.060 -1         0.00000  0
 0.140 -0.040 -1         0.00000  0
 0.140 -0.020  1         0.00000  0
 0.140  0.000  1         0.00000  0
 0.783  0.064  0         0.00000  0
 0.921  0.022  0         0.00000  0
 1.003  0.027  0         0.00000  0
 0.630  0.016  0         0.00000  0
 0.679  0.018  0       119.37175  0
 0.829  0.069  0         0.00000  0
 0.626  0.062  0         0.00000  0
 0.912  0.062  0         0.00000  0
 0.582  0.028  0      1078.70503  0
 0.616  0.043  0       652.23554  0
 0.720  0.045  0         0.00000  0
 0.883  0.057  0         0.00000  0
 0.504  0.069  0         0.00000  0
 0.226  0.087  0       120.97845  0
 0.569  0.055  0         0.00000  0
 0.688  0.065  0         0.00000  0
 0.411  0.092  0         0.00000  0
 0.501  0.098  0         0.00000  0
 0.361  0.124  0         0.00000  0
 0.519  0.076  0         0.00000  0
 0.370  0.062  0         0.00000  0
 0.278  0.080  0      1355.41797  0
 0.426  0.073  0      2274.38575  0
 0.112  0.150  0         0.00000  0
 0.121  0.108  0         0.00000  0
 0.160 -0.060 -1         0.00000  0
 0.160 -0.040 -1         0.00000  0
 0.160 -0.020  1         0.00000  0
 0.160  0.000  1      1370.76824  0
 0.097  0.104  0         0.00000  0
 0.789  0.018  0       292.29208  0
 0.206  0.333  0         0.00000  0
 0.333  0.141  0         0.00000  0
 0.861  0.056  0         0.00000  0
 0.706  0.105  0         0.00000  0
 0.899  0.042  0         0.00000  0
 0.543  0.055  0         0.00000  0
 0.955  0.051  0         0.00000  0
 0.394  0.152  0         0.00000  0
 0.691  0.048  0         0.00000  0
 0.857  0.018  0       664.37699  0
 0.166  0.090  0      2793.84957  0
 0.424  0.055  0         0.00000  0
 0.886  0.017  0         0.00000  0
 0.985  0.020  0       481.81265  0
 0.754  0.019  0      2495.22914  0
 0.678  0.035  0       688.81450  0
 0.650  0.071  0         0.00000  0
 0.473  0.114  0         0.00000  0
 0.434  0.105  0         0.00000  0
 0.306  0.139  0         0.00000  0
 0.448  0.057  0         0.00000  0
 0.085  0.058  0         0.00000  0
 0.514  0.028  0      1734.51541  0
 0.180 -0.060 -1         0.00000  0
 0.180 -0.040 -1         0.00000  0
 0.180 -0.020  1         0.00000  0
 0.180  0.000  1         0.00000  0
 0.474  0.070  0         0.00000  0
 0.983  0.058  0         0.00000  0
 0.886  0.070  0         0.00000  0
 0.669  0.078  0         0.00000  0
 0.937  0.086  0         0.00000  0
 0.721  0.089  0         0.00000  0
 0.755  0.053  0         0.00000  0
 0.901  0.076  0         0.00000  0
 0.371  0.040  0       342.56650  0
 0.553  0.101  0      3414.09602  0
 0.171  0.062  0         0.00000  0
 0.980  0.040  0         0.00000  0
 0.951  0.031  0      1156.91641  0
 0.809  0.022  0         0.00000  0
 0.261  0.135  0         0.00000  0
 0.136  0.062  0         0.00000  0
 0.270  0.128  0         0.00000  0
 0.658  0.083  0         0.00000  0
 0.036  0.118  0         0.00000  0
 0.510  0.105  0         0.00000  0
 0.641  0.056  0         0.00000  0
 0.433  0.017  0      1795.38358  0
 0.705  0.018  0      2477.69532  0
 0.242  0.131  0      3498.70362  0
 0.530  0.041  0         0.00000  0
 0.200 -0.060 -1         0.00000  0
 0.200 -0.040 -1         0.00000  0
 0.200 -0.020  1         0.00000  0
 0.200  0.000  1         0.00000  0
 0.209  0.201  0         0.00000  0
 0.572  0.087  0         0.00000  0
 0.939  0.121  0         0.00000  0
 0.668  0.059  0         0.00000  0
 0.941  0.018  0       169.56313  0
 0.836  0.047  0      2854.85975  0
 0.914  0.094  0         0.00000  0
 0.164  0.124  0         0.00000  0
 0.209  0.125  0         0.00000  0
 0.207  0.110  0         0.00000  0
 0.579  0.078  0       494.07659  0
 0.453  0.072  0       252.00230  0
 0.157  0.105  0         0.00000  0
 0.736  0.052  0         0.00000  0
 0.845  0.029  0         0.00000  0
 0.236  0.144  0         0.00000  0
 0.849  0.081  0         0.00000  0
 0.887  0.128  0         0.00000  0
 0.401  0.061  0         0.00000  0
 0.545  0.109  0         0.00000  0
 0.742  0.030  0         0.00000  0
 0.380  0.164  0         0.00000  0
 0.201  0.135  0         0.00000  0
 0.596  0.033  0       881.33743  0
 0.513  0.045  0         0.00000  0
 0.220 -0.060 -1         0.00000  0
 0.220 -0.040 -1         0.00000  0
 0.220 -0.020  1         0.00000  0
 0.220  0.000  1         0.00000  0
 0.550  0.026  0         0.00000  0
 0.706  0.037  0      1952.18461  0
 0.484  0.095  0         0.00000  0
 0.976  0.067  0         0.00000  0
 0.846  0.064  0         0.00000  0
 0.133  0.278  0         0.00000  0
 0.925  0.058  0         0.00000  0
 0.969  0.019  0       717.27094  0
 0.899  0.094  0         0.00000  0
 1.002  0.051  0         0.00000  0
 0.151  0.260  0         0.00000  0
 0.817  0.047  0         0.00000  0
 0.074  0.209  0         0.00000  0
 0.947  0.065  0         0.00000  0
 0.173  0.236  0         0.00000  0
 0.395  0.104  0         0.00000  0
 0.802  0.041  0         0.00000  0
 0.736  0.073  0         0.00000  0
 0.275  0.107  0         0.00000  0
 0.381  0.100  0         0.00000  0
 0.197  0.229  0         0.00000  0
 0.558  0.042  0         0.00000  0
 0.325  0.122  0         0.00000  0
 0.770  0.025  0         0.00000  0
 0.809  0.066  0         0.00000  0
 0.240 -0.060 -1         0.00000  0
 0.240 -0.040 -1         0.00000  0
 0.240 -0.020  1         0.00000  0
 0.240  0.000  1      1304.03091  0
 0.361  0.176  0         0.00000  0
 0.652  0.022  0       304.02749  0
 0.088  0.163  0         0.00000  0
 0.482  0.119  0         0.00000  0
 0.826  0.018  0         0.00000  0
 0.795  0.071  0         0.00000  0
 0.443  0.081  0         0.00000  0
 0.862  0.038  0         0.00000  0
 0.769  0.053  0         0.00000  0
 0.107  0.062  0         0.00000  0
 0.066  0.053  0         0.00000  0
 0.072  0.473  0         0.00000  0
 0.302  0.052  0         0.00000  0
 0.181  0.248  0         0.00000  0
 0.072  0.174  0         0.00000  0
 0.406  0.039  0         0.00000  0
 0.303  0.158  0         0.00000  0
 0.090  0.215  0         0.00000  0
 0.031  0.334  0         0.00000  0
 0.121  0.191  0         0.00000  0
 0.781  0.040  0      2486.37700  0
 0.032  0.164  0         0.00000  0
 0.257  0.408  0         0.00000  0
 0.140  0.118  0         0.00000  0
 0.240  0.101  0         0.00000  0
 0.260 -0.060 -1         0.00000  0
 0.260 -0.040 -1         0.00000  0
 0.260 -0.020  1         0.00000  0
 0.260  0.000  1      1418.57620  0
 0.280 -0.060 -1         0.00000  0
 0.280 -0.040 -1         0.00000  0
 0.280 -0.020  1         0.00000  0
 0.280  0.000  1      1478.25259  0
 0.300 -0.060 -1         0.00000  0
 0.300 -0.040 -1         0.00000  0
 0.300 -0.020  1         0.00000  0
 0.300  0.000  1      1171.69945  0
 0.320 -0.060 -1         0.00000  0
 0.320 -0.040 -1         0.00000  0
 0.320 -0.020  1         0.00000  0
 0.320  0.000  1      2118.29811  0
 0.340 -0.060 -1         0.00000  0
 0.340 -0.040 -1         0.00000  0
 0.340 -0.020  1         0.00000  0
 0.340  0.000  1       776.54580  0
 0.360 -0.060 -1         0.00000  0
 0.360 -0.040 -1         0.00000  0
 0.360 -0.020  1         0.00000  0
 0.360  0.000  1      3872.20150  0
 0.380 -0.060 -1         0.00000  0
 0.380 -0.040 -1         0.00000  0
 0.380 -0.020  1         0.00000  0
 0.380  0.000  1      2041.49113  0
 0.400 -0.060 -1         0.00000  0
 0.400 -0.040 -1         0.00000  0
 0.400 -0.020  1         0.00000  0
 0.400  0.000  1      1638.62848  0
 0.420 -0.060 -1         0.00000  0
 0.420 -0.040 -1         0.00000  0
 0.420 -0.020  1         0.00000  0
 0.420  0.000  1         0.00000  0
 0.440 -0.060 -1         0.00000  0
 0.440 -0.040 -1         0.00000  0
 0.440 -0.020  1         0.00000  0
 0.440  0.000  1      1057.96436  0
 0.460 -0.060 -1         0.00000  0
 0.460 -0.040 -1         0.00000  0
 0.460 -0.020  1         0.00000  0
 0.460  0.000  1         0.00000  0
 0.480 -0.060 -1         0.00000  0
 0.480 -0.040 -1         0.00000  0
 0.480 -0.020  1         0.00000  0
 0.480  0.000  1         0.00000  0
 0.500 -0.060 -1         0.00000  0
 0.500 -0.040 -1         0.00000  0
 0.500 -0.020  1         0.00000  0
 0.500  0.000  1      1908.00602  0
 0.520 -0.060 -1         0.00000  0
 0.520 -0.040 -1         0.00000  0
 0.520 -0.020  1         0.00000  0
 0.520  0.000  1         0.00000  0
 0.540 -0.060 -1         0.00000  0
 0.540 -0.040 -1         0.00000  0
 0.540 -0.020  1         0.00000  0
 0.540  0.000  1        38.87944  0
 0.560 -0.060 -1         0.00000  0
 0.560 -0.040 -1         0.00000  0
 0.560 -0.020  1         0.00000  0
 0.560  0.000  1         0.00000  0
 0.580 -0.060 -1         0.00000  0
 0.580 -0.040 -1         0.00000  0
 0.580 -0.020  1         0.00000  0
 0.580  0.000  1         0.00000  0
 0.600 -0.060 -1         0.00000  0
 0.600 -0.040 -1         0.00000  0
 0.600 -0.020  1         0.00000  0
 0.600  0.000  1         0.00000  0
 0.620 -0.060 -1         0.00000  0
 0.620 -0.040 -1         0.00000  0
 0.620 -0.020  1         0.00000  0
 0.620  0.000  1         0.00000  0
 0.640 -0.060 -1         0.00000  0
 0.640 -0.040 -1         0.00000  0
 0.640 -0.020  1         0.00000  0
 0.640  0.000  1         0.00000  0
 0.660 -0.060 -1         0.00000  0
 0.660 -0.040 -1         0.00000  0
 0.660 -0.020  1         0.00000  0
 0.660  0.000  1         0.00000  0
 0.680 -0.060 -1         0.00000  0
 0.680 -0.040 -1         0.00000  0
 0.680 -0.020  1         0.00000  0
 0.680  0.000  1      2610.90446  0
 0.700 -0.060 -1         0.00000  0
 0.700 -0.040 -1         0.00000  0
 0.700 -0.020  1         0.00000  0
 0.700  0.000  1      3991.79369  0
 0.720 -0.060 -1         0.00000  0
 0.720 -0.040 -1         0.00000  0
 0.720 -0.020  1         0.00000  0
 0.720  0.000  1         0.00000  0
 0.740 -0.060 -1         0.00000  0
 0.740 -0.040 -1         0.00000  0
 0.740 -0.020  1         0.00000  0
 0.740  0.000  1         0.00000  0
 0.760 -0.060 -1         0.00000  0
 0.760 -0.040 -1         0.00000  0
 0.760 -0.020  1         0.00000  0
 0.760  0.000  1         0.00000  0
 0.780 -0.060 -1         0.00000  0
 0.780 -0.040 -1         0.00000  0
 0.780 -0.020  1         0.00000  0
 0.780  0.000  1         0.00000  0
 0.800 -0.060 -1         0.00000  0
 0.800 -0.040 -1         0.00000  0
 0.800 -0.020  1         0.00000  0
 0.800  0.000  1      2153.96429  0
 0.820 -0.060 -1         0.00000  0
 0.820 -0.040 -1         0.00000  0
 0.820 -0.020  1         0.00000  0
 0.820  0.000  1      1560.52870  0
 0.840 -0.060 -1         0.00000  0
 0.840 -0.040 -1         0.00000  0
 0.840 -0.020  1         0.00000  0
 0.840  0.000  1         0.00000  0
 0.860 -0.060 -1         0.00000  0
 0.860 -0.040 -1         0.00000  0
 0.860 -0.020  1         0.00000  0
 0.860  0.000  1         0.00000  0
 0.880 -0.060 -1         0.00000  0
 0.880 -0.040 -1         0.00000  0
 0.880 -0.020  1         0.00000  0
 0.880  0.000  1       662.56448  0
 0.900 -0.060 -1         0.00000  0
 0.900 -0.040 -1         0.00000  0
 0.900 -0.020  1         0.00000  0
 0.900  0.000  1         0.00000  0
 0.920 -0.060 -1         0.00000  0
 0.920 -0.040 -1         0.00000  0
 0.920 -0.020  1         0.00000  0
 0.920  0.000  1         0.00000  0
 0.940 -0.060 -1         0.00000  0
 0.940 -0.040 -1         0.00000  0
 0.940 -0.020  1         0.00000  0
 0.940  0.000  1      2173.99114  0
 0.960 -0.060 -1         0.00000  0
 0.960 -0.040 -1         0.00000  0
 0.960 -0.020  1         0.00000  0
 0.960  0.000  1       722.59531  0
 0.980 -0.060 -1         0.00000  0
 0.980 -0.040 -1         0.00000  0
 0.980 -0.020  1         0.00000  0
 0.980  0.000  1       231.21461  0
 1.000 -0.060 -1         0.00000  0
 1.000 -0.040 -1         0.00000  0
 1.000 -0.020  1         0.00000  0
 1.000  0.000  1         0.00000  0
 1.020 -0.060 -1         0.00000  0
 1.020 -0.040 -1         0.00000  0
 1.020 -0.020  1         0.00000  0
 1.020  0.000  1         0.00000  0
 1.020  0.020  1        53.87228  0
 1.020  0.040  1         0.00000  0
 1.020  0.060  1         0.00000  0
 1.020  0.080  1         0.00000  0
 1.020  0.100  1         0.00000  0
 1.020  0.120  1         0.00000  0
 1.020  0.140  1         0.00000  0
 1.020  0.160  1         0.00000  0
 1.020  0.180  1         0.00000  0
 1.020  0.200  1         0.00000  0
 1.020  0.220  1         0.00000  0
 1.020  0.240  1         0.00000  0
 1.020  0.260  1         0.00000  0
 1.020  0.280  1         0.00000  0
 1.020  0.300  1         0.00000  0
 1.020  0.320  1         0.00000  0
 1.020  0.340  1         0.00000  0
 1.020  0.360  1         0.00000  0
 1.020  0.380  1         0.00000  0
 1.020  0.400  1         0.00000  0
 1.020  0.420  1         0.00000  0
 1.020  0.440  1         0.00000  0
 1.020  0.460  1         0.00000  0
 1.020  0.480  1         0.00000  0
 1.020  0.500  1         0.00000  0
 1.020  0.520  1         0.00000  0
 1.020  0.540  1         0.00000  0
 1.020  0.560  1         0.00000  0
 1.020  0.580  1         0.00000  0
 1.020  0.600  1         0.00000  0
 1.040 -0.060 -1         0.00000  0
 1.040 -0.040 -1         0.00000  0
 1.040 -0.020  1         0.00000  0
 1.040  0.000  1         0.00000  0
 1.040  0.020  1         0.00000  0
 1.040  0.040  1         0.00000  0
 1.040  0.060  1         0.00000  0
 1.040  0.080  1         0.00000  0
 1.040  0.100  1         0.00000  0
 1.040  0.120  1         0.00000  0
 1.040  0.140  1         0.00000  0
 1.040  0.160  1         0.00000  0
 1.040  0.180  1         0.00000  0
 1.040  0.200  1         0.00000  0
 1.040  0.220  1         0.00000  0
 1.040  0.240  1         0.00000  0
 1.040  0.260  1         0.00000  0
 1.040  0.280  1         0.00000  0
 1.040  0.300  1         0.00000  0
 1.040  0.320  1         0.00000  0
 1.040  0.340  1         0.00000  0
 1.040  0.360  1         0.00000  0
 1.040  0.380  1         0.00000  0
 1.040  0.400  1         0.00000  0
 1.040  0.420  1         0.00000  0
 1.040  0.440  1         0.00000  0
 1.040  0.460  1         0.00000  0
 1.040  0.480  1         0.00000  0
 1.040  0.500  1         0.00000  0
 1.040  0.520  1         0.00000  0
 1.040  0.540  1         0.00000  0
 1.040  0.560  1         0.00000  0
 1.040  0.580  1         0.00000  0
 1.040  0.600  1         0.00000  0
 1.060 -0.060 -1         0.00000  0
 1.060 -0.040 -1         0.00000  0
 1.060 -0.020 -1         0.00000  0
 1.060  0.000 -1         0.00000  0
 1.060  0.020 -1         0.00000  0
 1.060  0.040 -1         0.00000  0
 1.060  0.060 -1         0.00000  0
 1.060  0.080 -1         0.00000  0
 1.060  0.100 -1         0.00000  0
 1.060  0.120 -1         0.00000  0
 1.060  0.140 -1         0.00000  0
 1.060  0.160 -1         0.00000  0
 1.060  0.180 -1         0.00000  0
 1.060  0.200 -1         0.00000  0
 1.060  0.220 -1         0.00000  0
 1.060  0.240 -1         0.00000  0
 1.060  0.260 -1         0.00000  0
 1.060  0.280 -1         0.00000  0
 1.060  0.300 -1         0.00000  0
 1.060  0.320 -1         0.00000  0
 1.060  0.340 -1         0.00000  0
 1.060  0.360 -1         0.00000  0
 1.060  0.380 -1         0.00000  0
 1.060  0.400 -1         0.00000  0
 1.060  0.420 -1         0.00000  0
 1.060  0.440 -1         0.00000  0
 1.060  0.460 -1         0.00000  0
 1.060  0.480 -1         0.00000  0
 1.060  0.500 -1         0.00000  0
 1.060  0.520 -1         0.00000  0
 1.060  0.540 -1         0.00000  0
 1.060  0.560 -1         0.00000  0
 1.060  0.580  1         0.00000  0
 1.060  0.600  1         0.00000  0
 1.080 -0.060 -1         0.00000  0
 1.080 -0.040 -1         0.00000  0
 1.080 -0.020 -1         0.00000  0
 1.080  0.000 -1         0.00000  0
 1.080  0.020 -1         0.00000  0
 1.080  0.040 -1         0.00000  0
 1.080  0.060 -1         0.00000  0
 1.080  0.080 -1         0.00000  0
 1.080  0.100 -1         0.00000  0
 1.080  0.120 -1         0.00000  0
 1.080  0.140 -1         0.00000  0
 1.080  0.160 -1         0.00000  0
 1.080  0.180 -1         0.00000  0
 1.080  0.200 -1         0.00000  0
 1.080  0.220 -1         0.00000  0
 1.080  0.240 -1         0.00000  0
 1.080  0.260 -1         0.00000  0
 1.080  0.280 -1         0.00000  0
 1.080  0.300 -1         0.00000  0
 1.080  0.320 -1         0.00000  0
 1.080  0.340 -1         0.00000  0
 1.080  0.360 -1         0.00000  0
 1.080  0.380 -1         0.00000  0
 1.080  0.400 -1         0.00000  0
 1.080  0.420 -1         0.00000  0
 1.080  0.440 -1         0.00000  0
 1.080  0.460 -1         0.00000  0
 1.080  0.480 -1         0.00000  0
 1.080  0.500 -1         0.00000  0
 1.080  0.520 -1         0.00000  0
 1.080  0.540 -1         0.00000  0
 1.080  0.560 -1         0.00000  0
 1.080  0.580  1         0.00000  0
 1.080  0.600  1         0.00000  0
