-0.075 -0.075 -1         0.00000  0
-0.075 -0.050 -1         0.00000  0
-0.075 -0.025 -1         0.00000  0
-0.075  0.000 -1         0.00000  0
-0.075  0.025 -1         0.00000  0
-0.075  0.050 -1         0.00000  0
-0.075  0.075 -1         0.00000  0
-0.075  0.100 -1         0.00000  0
-0.075  0.125 -1         0.00000  0
-0.075  0.150 -1         0.00000  0
-0.075  0.175 -1         0.00000  0
-0.075  0.200 -1         0.00000  0
-0.075  0.225 -1         0.00000  0
-0.075  0.250 -1         0.00000  0
-0.075  0.275 -1         0.00000  0
-0.075  0.300 -1         0.00000  0
-0.075  0.325 -1         0.00000  0
-0.075  0.350 -1         0.00000  0
-0.075  0.375 -1         0.00000  0
-0.075  0.400 -1         0.00000  0
-0.075  0.425 -1         0.00000  0
-0.075  0.450 -1         0.00000  0
-0.075  0.475 -1         0.00000  0
-0.075  0.500 -1         0.00000  0
-0.075  0.525 -1         0.00000  0
-0.075  0.550 -1         0.00000  0
-0.075  0.575  1         0.00000  0
-0.075  0.600  1         0.00000  0
-0.050 -0.075 -1         0.00000  0
-0.050 -0.050 -1         0.00000  0
-0.050 -0.025 -1         0.00000  0
-0.050  0.000 -1         0.00000  0
-0.050  0.025 -1         0.00000  0
-0.050  0.050 -1         0.00000  0
-0.050  0.075 -1         0.00000  0
-0.050  0.100 -1         0.00000  0
-0.050  0.125 -1         0.00000  0
-0.050  0.150 -1         0.00000  0
-0.050  0.175 -1         0.00000  0
-0.050  0.200 -1         0.00000  0
-0.050  0.225 -1         0.00000  0
-0.050  0.250 -1         0.00000  0
-0.050  0.275 -1         0.00000  0
-0.050  0.300 -1         0.00000  0
-0.050  0.325 -1         0.00000  0
-0.050  0.350 -1         0.00000  0
-0.050  0.375 -1         0.00000  0
-0.050  0.400 -1         0.00000  0
-0.050  0.425 -1         0.00000  0
-0.050  0.450 -1         0.00000  0
-0.050  0.475 -1         0.00000  0
-0.050  0.500 -1         0.00000  0
-0.050  0.525 -1         0.00000  0
-0.050  0.550 -1         0.00000  0
-0.050  0.575  1         0.00000  0
-0.050  0.600  1         0.00000  0
-0.025 -0.075 -1         0.00000  0
-0.025 -0.050 -1         0.00000  0
-0.025 -0.025  1         0.00000  0
-0.025  0.000  1         0.00000  0
-0.025  0.025  1         0.00000  0
-0.025  0.050  1         0.00000  0
-0.025  0.075  1         0.00000  0
-0.025  0.100  1         0.00000  0
-0.025  0.125  1         0.00000  0
-0.025  0.150  1         0.00000  0
-0.025  0.175  1         0.00000  0
-0.025  0.200  1         0.00000  0
-0.025  0.225  1         0.00000  0
-0.025  0.250  1         0.00000  0
-0.025  0.275  1         0.00000  0
-0.025  0.300  1         0.00000  0
-0.025  0.325  1         0.00000  0
-0.025  0.350  1         0.00000  0
-0.025  0.375  1         0.00000  0
-0.025  0.400  1         0.00000  0
-0.025  0.425  1         0.00000  0
-0.025  0.450  1         0.00000  0
-0.025  0.475  1         0.00000  0
-0.025  0.500  1         0.00000  0
-0.025  0.525  1         0.00000  0
-0.025  0.550  1         0.00000  0
-0.025  0.575  1         0.00000  0
-0.025  0.600  1         0.00000  0
 0.000 -0.075 -1         0.00000  0
 0.000 -0.050 -1         0.00000  0
 0.000 -0.025  1         0.00000  0
 0.000  0.000  1      1140.39668  0
 0.000  0.025  1       307.35418  0
 0.000  0.050  1         0.00000  0
 0.000  0.075  1         0.00000  0
 0.000  0.100  1         0.00000  0
 0.000  0.125  1         0.00000  0
 0.000  0.150  1         0.00000  0
 0.000  0.175  1         0.00000  0
 0.000  0.200  1         0.00000  0
 0.000  0.225  1         0.00000  0
 0.000  0.250  1         0.00000  0
 0.000  0.275  1         0.00000  0
 0.000  0.300  1         0.00000  0
 0.000  0.325  1         0.00000  0
 0.000  0.350  1         0.00000  0
 0.000  0.375  1         0.00000  0
 0.000  0.400  1         0.00000  0
 0.000  0.425  1         0.00000  0
 0.000  0.450  1         0.00000  0
 0.000  0.475  1         0.00000  0
 0.000  0.500  1         0.00000  0
 0.000  0.525  1         0.00000  0
 0.000  0.550  1         0.00000  0
 0.000  0.575  1         0.00000  0
 0.000  0.600  1         0.00000  0
 0.025 -0.075 -1         0.00000  0
 0.025 -0.050 -1         0.00000  0
 0.025 -0.025  1         0.00000  0
 0.025  0.000  1       227.54672  0
 0.099  0.027  0         0.00000  0
 0.416  0.021  0       325.83339  0
 0.170  0.022  0         0.00000  0
 0.532  0.049  0      1865.20332  0
 0.032  0.049  0         0.00000  0
 0.142  0.022  0       247.99837  0
 0.022  0.023  0         0.00000  0
 0.392  0.030  0         0.00000  0
 0.203  0.024  0       338.77798  0
 0.192  0.047  0        39.41391  0
 0.235  0.047  0         0.00000  0
 0.061  0.060  0         0.00000  0
 0.063  0.017  0       852.01540  0
 0.051  0.040  0       840.75208  0
 0.137  0.053  0         0.00000  0
 0.172  0.056  0         0.00000  0
 0.192  0.067  0         0.00000  0
 0.250  0.044  0         0.00000  0
 0.221  0.028  0       518.88167  0
 0.026  0.070  0         0.00000  0
 0.050 -0.075 -1         0.00000  0
 0.050 -0.050 -1         0.00000  0
 0.050 -0.025  1         0.00000  0
 0.050  0.000  1       358.69243  0
 0.256  0.020  0      1647.39385  0
 0.463  0.046  0         0.00000  0
 0.579  0.054  0      2681.07642  0
 0.511  0.039  0         0.00000  0
 0.464  0.021  0         0.00000  0
 0.375  0.057  0      2774.28590  1
 0.437  0.055  0         0.00000  0
 0.555  0.051  0         0.00000  0
 0.214  0.069  0         0.00000  0
 0.295  0.020  0         0.00000  0
 0.291  0.043  0       606.97142  0
 0.590  0.082  0         0.00000  0
 0.073  0.056  0         0.00000  0
 0.441  0.038  0       492.95388  0
 0.119  0.037  0         0.00000  0
 0.094  0.043  0         0.00000  0
 0.386  0.057  0         0.00000  1
 0.151  0.046  0       102.39365  0
 0.273  0.044  0         0.00000  0
 0.296  0.060  0         0.00000  0
 0.075 -0.075 -1         0.00000  0
 0.075 -0.050 -1         0.00000  0
 0.075 -0.025  1         0.00000  0
 0.075  0.000  1       983.25716  0
 0.505  0.023  0      3008.70754  0
 0.360  0.023  0         0.00000  0
 0.770  0.026  0      1944.42333  0
 0.537  0.022  0         0.00000  0
 0.632  0.030  0      1406.60992  0
 0.587  0.023  0         0.00000  0
 0.623  0.072  0         0.00000  0
 0.483  0.041  0         0.00000  0
 0.567  0.028  0         0.00000  0
 0.600  0.153  0         0.00000  0
 0.614  0.021  0         0.00000  0
 0.327  0.025  0         0.00000  0
 0.702  0.029  0         0.00000  0
 0.573  0.075  0         0.00000  0
 0.329  0.065  0         0.00000  0
 0.411  0.042  0         0.00000  0
 0.733  0.061  0      3238.26616  0
 0.337  0.040  0       819.12250  0
 0.722  0.049  0       284.93928  0
 0.355  0.045  0       973.48804  0
 0.100 -0.075 -1         0.00000  0
 0.100 -0.050 -1         0.00000  0
 0.100 -0.025  1         0.00000  0
 0.100  0.000  1         0.00000  0
 0.863  0.019  0      2697.22912  0
 0.846  0.140  0      1357.60221  0
 0.811  0.018  0      2967.89512  0
 0.752  0.025  0      1309.98282  0
 0.813  0.049  0       889.33260  0
 0.779  0.072  0      1806.32821  0
 0.875  0.159  0         0.00000  0
 0.909  0.159  0       691.45333  0
 0.831  0.119  0       543.83911  0
 0.759  0.122  0         0.00000  0
 0.881  0.102  0      1137.81267  0
 0.723  0.028  0       428.18622  0
 0.793  0.037  0         0.00000  0
 0.817  0.106  0       161.40279  0
 0.801  0.088  0      1186.90777  0
 0.598  0.062  0      1176.51588  0
 0.717  0.101  0         0.00000  0
 0.533  0.065  0         0.00000  0
 0.751  0.062  0         0.00000  0
 0.614  0.093  0         0.00000  0
 0.125 -0.075 -1         0.00000  0
 0.125 -0.050 -1         0.00000  0
 0.125 -0.025  1         0.00000  0
 0.125  0.000  1         0.00000  0
 0.856  0.072  0      3130.05064  0
 0.922  0.122  0         0.00000  0
 0.936  0.033  0         0.00000  0
 0.853  0.040  0      2362.50258  0
 0.902  0.222  0         0.00000  0
 0.977  0.093  0       580.81258  0
 0.960  0.019  0      2387.02777  0
 0.963  0.057  0      1880.41233  0
 0.805  0.131  0         0.00000  0
 0.915  0.021  0      2810.30312  0
 0.908  0.047  0      1906.62386  0
 0.728  0.142  0         0.00000  0
 0.837  0.067  0      1641.35307  0
 0.899  0.106  0      1104.14440  0
 0.787  0.144  0         0.00000  0
 0.622  0.106  0         0.00000  0
 0.773  0.095  0       334.90481  0
 0.666  0.018  0      3568.55921  0
 0.832  0.036  0      2350.69169  0
 0.732  0.088  0         0.00000  0
 0.150 -0.075 -1         0.00000  0
 0.150 -0.050 -1         0.00000  0
 0.150 -0.025  1         0.00000  0
 0.150  0.000  1       707.33531  0
 1.003  0.149  0       491.08666  0
 0.875  0.080  0      2652.01760  0
 0.987  0.067  0      1441.54031  0
 0.942  0.180  0         0.00000  0
 0.801  0.190  0         0.00000  0
 0.874  0.190  0         0.00000  0
 0.975  0.039  0      1622.08929  0
 0.937  0.055  0      1940.20524  0
 0.920  0.173  0         0.00000  0
 0.919  0.090  0         0.00000  0
 0.896  0.066  0      1402.41825  0
 0.776  0.110  0         0.00000  0
 0.859  0.118  0         0.00000  0
 0.878  0.049  0      1253.94872  0
 0.806  0.171  0         0.00000  0
 0.814  0.150  0         0.00000  0
 0.753  0.167  0         0.00000  0
 0.774  0.156  0       116.72360  0
 0.774  0.054  0      2065.39924  0
 0.815  0.074  0      1642.30489  0
 0.175 -0.075 -1         0.00000  0
 0.175 -0.050 -1         0.00000  0
 0.175 -0.025  1         0.00000  0
 0.175  0.000  1         0.00000  0
 1.006  0.195  0         0.00000  0
 1.003  0.110  0        14.04046  0
 0.698  0.166  0         0.00000  0
 0.719  0.160  0      1603.03744  0
 0.689  0.111  0         0.00000  0
 0.986  0.259  0         0.00000  0
 0.814  0.206  0         0.00000  0
 0.961  0.163  0         0.00000  0
 0.956  0.083  0         0.00000  0
 0.856  0.229  0         0.00000  0
 0.920  0.215  0         0.00000  0
 0.966  0.205  0         0.00000  0
 0.985  0.142  0       506.83798  0
 0.926  0.144  0         0.00000  0
 0.701  0.148  0         0.00000  0
 0.890  0.190  0         0.00000  0
 0.961  0.146  0       644.78382  0
 0.879  0.141  0         0.00000  0
 0.890  0.029  0      2127.76939  0
 0.901  0.131  0      2238.17207  0
 0.200 -0.075 -1         0.00000  0
 0.200 -0.050 -1         0.00000  0
 0.200 -0.025  1         0.00000  0
 0.200  0.000  1       444.71648  0
 0.804  0.274  0         0.00000  0
 1.001  0.045  0      1619.85749  0
 0.957  0.246  0         0.00000  0
 0.889  0.269  0         0.00000  0
 0.793  0.236  0         0.00000  0
 0.998  0.022  0      2132.75375  0
 0.644  0.066  0         0.00000  0
 0.925  0.258  0         0.00000  0
 0.776  0.199  0         0.00000  0
 0.662  0.114  0       170.18813  0
 0.986  0.229  0         0.00000  0
 0.926  0.074  0      1781.32833  0
 0.981  0.118  0       310.89560  0
 0.949  0.123  0       504.46560  0
 0.668  0.071  0         0.00000  0
 0.977  0.189  0       447.61223  0
 0.992  0.177  0       101.14268  0
 0.931  0.200  0         0.00000  0
 0.870  0.224  0         0.00000  0
 0.847  0.158  0       317.61220  0
 0.225 -0.075 -1         0.00000  0
 0.225 -0.050 -1         0.00000  0
 0.225 -0.025  1         0.00000  0
 0.225  0.000  1         0.00000  0
 0.975  0.290  0         0.00000  0
 0.689  0.429  0         0.00000  0
 0.630  0.857  0         0.00000  0
 0.716  0.658  0         0.00000  0
 0.933  0.233  0         0.00000  0
 0.964  0.277  0         0.00000  0
 0.945  0.771  0         0.00000  0
 1.001  0.239  0         0.00000  0
 0.798  0.220  0         0.00000  0
 0.963  0.226  0         0.00000  0
 0.643  0.044  0         0.00000  0
 0.724  0.113  0         0.00000  0
 0.996  0.275  0         0.00000  0
 0.869  0.274  0         0.00000  0
 0.650  0.122  0         0.00000  0
 0.838  0.179  0         0.00000  0
 0.953  0.105  0      1830.19292  0
 0.649  0.093  0         0.00000  0
 0.853  0.191  0       379.43729  0
 0.846  0.098  0         0.00000  0
 0.250 -0.075 -1         0.00000  0
 0.250 -0.050 -1         0.00000  0
 0.250 -0.025  1         0.00000  0
 0.250  0.000  1        44.76773  0
 0.844  1.050  0         0.00000  0
 0.892  1.111  0         0.00000  0
 0.781  0.728  0         0.00000  0
 0.677  0.086  0         0.00000  0
 1.003  0.082  0      2471.41419  0
 0.704  0.860  0         0.00000  0
 0.685  0.054  0         0.00000  0
 0.867  1.100  0         0.00000  0
 0.789  0.296  0         0.00000  0
 0.732  0.179  0         0.00000  0
 0.763  0.180  0         0.00000  0
 0.937  0.308  0         0.00000  0
 1.054  0.635  0         0.00000  0
 0.946  0.545  0         0.00000  0
 0.898  0.324  0         0.00000  0
 0.678  0.037  0      2461.46241  0
 0.833  0.282  0         0.00000  0
 0.690  0.128  0         0.00000  0
 0.893  0.249  0         0.00000  0
 0.836  0.213  0         0.00000  0
 0.275 -0.075 -1         0.00000  0
 0.275 -0.050 -1         0.00000  0
 0.275 -0.025  1         0.00000  0
 0.275  0.000  1       230.93748  0
 0.300 -0.075 -1         0.00000  0
 0.300 -0.050 -1         0.00000  0
 0.300 -0.025  1         0.00000  0
 0.300  0.000  1      1491.75804  0
 0.325 -0.075 -1         0.00000  0
 0.325 -0.050 -1         0.00000  0
 0.325 -0.025  1         0.00000  0
 0.325  0.000  1         0.00000  0
 0.350 -0.075 -1         0.00000  0
 0.350 -0.050 -1         0.00000  0
 0.350 -0.025  1         0.00000  0
 0.350  0.000  1         0.00000  0
 0.375 -0.075 -1         0.00000  0
 0.375 -0.050 -1         0.00000  0
 0.375 -0.025  1         0.00000  0
 0.375  0.000  1         0.00000  0
 0.400 -0.075 -1         0.00000  0
 0.400 -0.050 -1         0.00000  0
 0.400 -0.025  1         0.00000  0
 0.400  0.000  1         0.00000  0
 0.425 -0.075 -1         0.00000  0
 0.425 -0.050 -1         0.00000  0
 0.425 -0.025  1         0.00000  0
 0.425  0.000  1         0.00000  0
 0.450 -0.075 -1         0.00000  0
 0.450 -0.050 -1         0.00000  0
 0.450 -0.025  1         0.00000  0
 0.450  0.000  1         0.00000  0
 0.475 -0.075 -1         0.00000  0
 0.475 -0.050 -1         0.00000  0
 0.475 -0.025  1         0.00000  0
 0.475  0.000  1         0.00000  0
 0.500 -0.075 -1         0.00000  0
 0.500 -0.050 -1         0.00000  0
 0.500 -0.025  1         0.00000  0
 0.500  0.000  1       952.85308  0
 0.525 -0.075 -1         0.00000  0
 0.525 -0.050 -1         0.00000  0
 0.525 -0.025  1         0.00000  0
 0.525  0.000  1      1034.67656  0
 0.550 -0.075 -1         0.00000  0
 0.550 -0.050 -1         0.00000  0
 0.550 -0.025  1         0.00000  0
 0.550  0.000  1         0.00000  0
 0.575 -0.075 -1         0.00000  0
 0.575 -0.050 -1         0.00000  0
 0.575 -0.025  1         0.00000  0
 0.575  0.000  1       660.36050  0
 0.600 -0.075 -1         0.00000  0
 0.600 -0.050 -1         0.00000  0
 0.600 -0.025  1         0.00000  0
 0.600  0.000  1      4099.49624  0
 0.625 -0.075 -1         0.00000  0
 0.625 -0.050 -1         0.00000  0
 0.625 -0.025  1         0.00000  0
 0.625  0.000  1      3838.31758  0
 0.650 -0.075 -1         0.00000  0
 0.650 -0.050 -1         0.00000  0
 0.650 -0.025  1         0.00000  0
 0.650  0.000  1      2891.69817  0
 0.675 -0.075 -1         0.00000  0
 0.675 -0.050 -1         0.00000  0
 0.675 -0.025  1         0.00000  0
 0.675  0.000  1      3573.27175  0
 0.700 -0.075 -1         0.00000  0
 0.700 -0.050 -1         0.00000  0
 0.700 -0.025  1         0.00000  0
 0.700  0.000  1         0.00000  0
 0.725 -0.075 -1         0.00000  0
 0.725 -0.050 -1         0.00000  0
 0.725 -0.025  1         0.00000  0
 0.725  0.000  1         0.00000  0
 0.750 -0.075 -1         0.00000  0
 0.750 -0.050 -1         0.00000  0
 0.750 -0.025  1         0.00000  0
 0.750  0.000  1         0.00000  0
 0.775 -0.075 -1         0.00000  0
 0.775 -0.050 -1         0.00000  0
 0.775 -0.025  1         0.00000  0
 0.775  0.000  1       313.87019  0
 0.800 -0.075 -1         0.00000  0
 0.800 -0.050 -1         0.00000  0
 0.800 -0.025  1         0.00000  0
 0.800  0.000  1      3245.28677  0
 0.825 -0.075 -1         0.00000  0
 0.825 -0.050 -1         0.00000  0
 0.825 -0.025  1         0.00000  0
 0.825  0.000  1      2050.15728  0
 0.850 -0.075 -1         0.00000  0
 0.850 -0.050 -1         0.00000  0
 0.850 -0.025  1         0.00000  0
 0.850  0.000  1      2084.33085  0
 0.875 -0.075 -1         0.00000  0
 0.875 -0.050 -1         0.00000  0
 0.875 -0.025  1         0.00000  0
 0.875  0.000  1      3454.11081  0
 0.900 -0.075 -1         0.00000  0
 0.900 -0.050 -1         0.00000  0
 0.900 -0.025  1         0.00000  0
 0.900  0.000  1      1524.26340  0
 0.925 -0.075 -1         0.00000  0
 0.925 -0.050 -1         0.00000  0
 0.925 -0.025  1         0.00000  0
 0.925  0.000  1      2322.12690  0
 0.950 -0.075 -1         0.00000  0
 0.950 -0.050 -1         0.00000  0
 0.950 -0.025  1         0.00000  0
 0.950  0.000  1      2518.90685  0
 0.975 -0.075 -1         0.00000  0
 0.975 -0.050 -1         0.00000  0
 0.975 -0.025  1         0.00000  0
 0.975  0.000  1      1416.60343  0
 1.000 -0.075 -1         0.00000  0
 1.000 -0.050 -1         0.00000  0
 1.000 -0.025  1         0.00000  0
 1.000  0.000  1      2384.74868  0
 1.025 -0.075 -1         0.00000  0
 1.025 -0.050 -1         0.00000  0
 1.025 -0.025  1         0.00000  0
 1.025  0.000  1         0.00000  0
 1.025  0.025  1        53.71789  0
 1.025  0.050  1       534.57320  0
 1.025  0.075  1      1614.86580  0
 1.025  0.100  1      1018.78768  0
 1.025  0.125  1         0.00000  0
 1.025  0.150  1       235.83349  0
 1.025  0.175  1         0.00000  0
 1.025  0.200  1       817.84660  0
 1.025  0.225  1         0.00000  0
 1.025  0.250  1         0.00000  0
 1.025  0.275  1         0.00000  0
 1.025  0.300  1         0.00000  0
 1.025  0.325  1         0.00000  0
 1.025  0.350  1         0.00000  0
 1.025  0.375  1         0.00000  0
 1.025  0.400  1         0.00000  0
 1.025  0.425  1         0.00000  0
 1.025  0.450  1         0.00000  0
 1.025  0.475  1         0.00000  0
 1.025  0.500  1         0.00000  0
 1.025  0.525  1         0.00000  0
 1.025  0.550  1         0.00000  0
 1.025  0.575  1         0.00000  0
 1.025  0.600  1         0.00000  0
 1.050 -0.075 -1         0.00000  0
 1.050 -0.050 -1         0.00000  0
 1.050 -0.025  1         0.00000  0
 1.050  0.000  1         0.00000  0
 1.050  0.025  1         0.00000  0
 1.050  0.050  1         0.00000  0
 1.050  0.075  1         0.00000  0
 1.050  0.100  1         0.00000  0
 1.050  0.125  1         0.00000  0
 1.050  0.150  1         0.00000  0
 1.050  0.175  1         0.00000  0
 1.050  0.200  1         0.00000  0
 1.050  0.225  1         0.00000  0
 1.050  0.250  1         0.00000  0
 1.050  0.275  1         0.00000  0
 1.050  0.300  1         0.00000  0
 1.050  0.325  1         0.00000  0
 1.050  0.350  1         0.00000  0
 1.050  0.375  1         0.00000  0
 1.050  0.400  1         0.00000  0
 1.050  0.425  1         0.00000  0
 1.050  0.450  1         0.00000  0
 1.050  0.475  1         0.00000  0
 1.050  0.500  1         0.00000  0
 1.050  0.525  1         0.00000  0
 1.050  0.550  1         0.00000  0
 1.050  0.575  1         0.00000  0
 1.050  0.600  1         0.00000  0
 1.075 -0.075 -1         0.00000  0
 1.075 -0.050 -1         0.00000  0
 1.075 -0.025 -1         0.00000  0
 1.075  0.000 -1         0.00000  0
 1.075  0.025 -1         0.00000  0
 1.075  0.050 -1         0.00000  0
 1.075  0.075 -1         0.00000  0
 1.075  0.100 -1         0.00000  0
 1.075  0.125 -1         0.00000  0
 1.075  0.150 -1         0.00000  0
 1.075  0.175 -1         0.00000  0
 1.075  0.200 -1         0.00000  0
 1.075  0.225 -1         0.00000  0
 1.075  0.250 -1         0.00000  0
 1.075  0.275 -1         0.00000  0
 1.075  0.300 -1         0.00000  0
 1.075  0.325 -1         0.00000  0
 1.075  0.350 -1         0.00000  0
 1.075  0.375 -1         0.00000  0
 1.075  0.400 -1         0.00000  0
 1.075  0.425 -1         0.00000  0
 1.075  0.450 -1         0.00000  0
 1.075  0.475 -1         0.00000  0
 1.075  0.500 -1         0.00000  0
 1.075  0.525 -1         0.00000  0
 1.075  0.550 -1         0.00000  0
 1.075  0.575  1         0.00000  0
 1.075  0.600  1         0.00000  0
 1.100 -0.075 -1         0.00000  0
 1.100 -0.050 -1         0.00000  0
 1.100 -0.025 -1         0.00000  0
 1.100  0.000 -1         0.00000  0
 1.100  0.025 -1         0.00000  0
 1.100  0.050 -1         0.00000  0
 1.100  0.075 -1         0.00000  0
 1.100  0.100 -1         0.00000  0
 1.100  0.125 -1         0.00000  0
 1.100  0.150 -1         0.00000  0
 1.100  0.175 -1         0.00000  0
 1.100  0.200 -1         0.00000  0
 1.100  0.225 -1         0.00000  0
 1.100  0.250 -1         0.00000  0
 1.100  0.275 -1         0.00000  0
 1.100  0.300 -1         0.00000  0
 1.100  0.325 -1         0.00000  0
 1.100  0.350 -1         0.00000  0
 1.100  0.375 -1         0.00000  0
 1.100  0.400 -1         0.00000  0
 1.100  0.425 -1         0.00000  0
 1.100  0.450 -1         0.00000  0
 1.100  0.475 -1         0.00000  0
 1.100  0.500 -1         0.00000  0
 1.100  0.525 -1         0.00000  0
 1.100  0.550 -1         0.00000  0
 1.100  0.575  1         0.00000  0
 1.100  0.600  1         0.00000  0
