-0.060 -0.060 -1         0.00000  0
-0.060 -0.040 -1         0.00000  0
-0.060 -0.020 -1         0.00000  0
-0.060  0.000 -1         0.00000  0
-0.060  0.020 -1         0.00000  0
-0.060  0.040 -1         0.00000  0
-0.060  0.060 -1         0.00000  0
-0.060  0.080 -1         0.00000  0
-0.060  0.100 -1         0.00000  0
-0.060  0.120 -1         0.00000  0
-0.060  0.140 -1         0.00000  0
-0.060  0.160 -1         0.00000  0
-0.060  0.180 -1         0.00000  0
-0.060  0.200 -1         0.00000  0
-0.060  0.220 -1         0.00000  0
-0.060  0.240 -1         0.00000  0
-0.060  0.260 -1         0.00000  0
-0.060  0.280 -1         0.00000  0
-0.060  0.300 -1         0.00000  0
-0.060  0.320 -1         0.00000  0
-0.060  0.340 -1         0.00000  0
-0.060  0.360 -1         0.00000  0
-0.060  0.380 -1         0.00000  0
-0.060  0.400 -1         0.00000  0
-0.060  0.420 -1         0.00000  0
-0.060  0.440 -1         0.00000  0
-0.060  0.460 -1         0.00000  0
-0.060  0.480 -1         0.00000  0
-0.060  0.500 -1         0.00000  0
-0.060  0.520 -1         0.00000  0
-0.060  0.540 -1         0.00000  0
-0.060  0.560 -1         0.00000  0
-0.060  0.580  1         0.00000  0
-0.060  0.600  1         0.00000  0
-0.040 -0.060 -1         0.00000  0
-0.040 -0.040 -1         0.00000  0
-0.040 -0.020 -1         0.00000  0
-0.040  0.000 -1         0.00000  0
-0.040  0.020 -1         0.00000  0
-0.040  0.040 -1         0.00000  0
-0.040  0.060 -1         0.00000  0
-0.040  0.080 -1         0.00000  0
-0.040  0.100 -1         0.00000  0
-0.040  0.120 -1         0.00000  0
-0.040  0.140 -1         0.00000  0
-0.040  0.160 -1         0.00000  0
-0.040  0.180 -1         0.00000  0
-0.040  0.200 -1         0.00000  0
-0.040  0.220 -1         0.00000  0
-0.040  0.240 -1         0.00000  0
-0.040  0.260 -1         0.00000  0
-0.040  0.280 -1         0.00000  0
-0.040  0.300 -1         0.00000  0
-0.040  0.320 -1         0.00000  0
-0.040  0.340 -1         0.00000  0
-0.040  0.360 -1         0.00000  0
-0.040  0.380 -1         0.00000  0
-0.040  0.400 -1         0.00000  0
-0.040  0.420 -1         0.00000  0
-0.040  0.440 -1         0.00000  0
-0.040  0.460 -1         0.00000  0
-0.040  0.480 -1         0.00000  0
-0.040  0.500 -1         0.00000  0
-0.040  0.520 -1         0.00000  0
-0.040  0.540 -1         0.00000  0
-0.040  0.560 -1         0.00000  0
-0.040  0.580  1         0.00000  0
-0.040  0.600  1         0.00000  0
-0.020 -0.060 -1         0.00000  0
-0.020 -0.040 -1         0.00000  0
-0.020 -0.020  1         0.00000  0
-0.020  0.000  1         0.00000  0
-0.020  0.020  1         0.00000  0
-0.020  0.040  1         0.00000  0
-0.020  0.060  1         0.00000  0
-0.020  0.080  1         0.00000  0
-0.020  0.100  1         0.00000  0
-0.020  0.120  1         0.00000  0
-0.020  0.140  1         0.00000  0
-0.020  0.160  1         0.00000  0
-0.020  0.180  1         0.00000  0
-0.020  0.200  1         0.00000  0
-0.020  0.220  1         0.00000  0
-0.020  0.240  1         0.00000  0
-0.020  0.260  1         0.00000  0
-0.020  0.280  1         0.00000  0
-0.020  0.300  1         0.00000  0
-0.020  0.320  1         0.00000  0
-0.020  0.340  1         0.00000  0
-0.020  0.360  1         0.00000  0
-0.020  0.380  1         0.00000  0
-0.020  0.400  1         0.00000  0
-0.020  0.420  1         0.00000  0
-0.020  0.440  1         0.00000  0
-0.020  0.460  1         0.00000  0
-0.020  0.480  1         0.00000  0
-0.020  0.500  1         0.00000  0
-0.020  0.520  1         0.00000  0
-0.020  0.540  1         0.00000  0
-0.020  0.560  1         0.00000  0
-0.020  0.580  1         0.00000  0
-0.020  0.600  1         0.00000  0
 0.000 -0.060 -1         0.00000  0
 0.000 -0.040 -1         0.00000  0
 0.000 -0.020  1         0.00000  0
 0.000  0.000  1         0.00000  0
 0.000  0.020  1         0.00000  0
 0.000  0.040  1         0.00000  0
 0.000  0.060  1         0.00000  0
 0.000  0.080  1         0.00000  0
 0.000  0.100  1         0.00000  0
 0.000  0.120  1         0.00000  0
 0.000  0.140  1         0.00000  0
 0.000  0.160  1         0.00000  0
 0.000  0.180  1         0.00000  0
 0.000  0.200  1         0.00000  0
 0.000  0.220  1         0.00000  0
 0.000  0.240  1         0.00000  0
 0.000  0.260  1         0.00000  0
 0.000  0.280  1         0.00000  0
 0.000  0.300  1         0.00000  0
 0.000  0.320  1         0.00000  0
 0.000  0.340  1         0.00000  0
 0.000  0.360  1         0.00000  0
 0.000  0.380  1         0.00000  0
 0.000  0.400  1         0.00000  0
 0.000  0.420  1         0.00000  0
 0.000  0.440  1         0.00000  0
 0.000  0.460  1         0.00000  0
 0.000  0.480  1         0.00000  0
 0.000  0.500  1         0.00000  0
 0.000  0.520  1         0.00000  0
 0.000  0.540  1         0.00000  0
 0.000  0.560  1         0.00000  0
 0.000  0.580  1         0.00000  0
 0.000  0.600  1         0.00000  0
 0.020 -0.060 -1         0.00000  0
 0.020 -0.040 -1         0.00000  0
 0.020 -0.020  1         0.00000  0
 0.020  0.000  1         0.00000  0
 0.132  0.016  0         0.00000  0
 0.243  0.023  0       689.01031  0
 0.093  0.016  0         0.00000  0
 0.190  0.039  0         0.00000  0
 0.028  0.018  0       731.97881  0
 0.103  0.062  0         0.00000  0
 0.177  0.057  0         0.00000  0
 0.367  0.071  0         0.00000  0
 0.305  0.038  0      1108.58365  0
 0.051  0.018  0         0.00000  0
 0.232  0.047  0      1334.94791  0
 0.161  0.037  0         0.00000  0
 0.157  0.081  0         0.00000  0
 0.015  0.032  0         0.00000  0
 0.157  0.061  0         0.00000  0
 0.178  0.090  0         0.00000  0
 0.122  0.061  0         0.00000  0
 0.076  0.025  0         0.00000  0
 0.054  0.035  0         0.00000  0
 0.020  0.064  0         0.00000  0
 0.033  0.083  0         0.00000  0
 0.046  0.071  0         0.00000  0
 0.066  0.058  0         0.00000  0
 0.073  0.087  0         0.00000  0
 0.071  0.073  0         0.00000  0
 0.040 -0.060 -1         0.00000  0
 0.040 -0.040 -1         0.00000  0
 0.040 -0.020  1         0.00000  0
 0.040  0.000  1         0.00000  0
 0.144  0.050  0         0.00000  0
 0.173  0.025  0      1522.14939  0
 0.190  0.015  0         0.00000  0
 0.291  0.019  0         0.00000  0
 0.102  0.033  0         0.00000  0
 0.219  0.017  0       486.50522  0
 0.251  0.043  0      1637.66442  0
 0.257  0.017  0         0.00000  0
 0.281  0.033  0         0.00000  0
 0.336  0.083  0         0.00000  0
 0.254  0.073  0         0.00000  0
 0.360  0.053  0         0.00000  0
 0.219  0.032  0      2444.09686  0
 0.177  0.075  0         0.00000  0
 0.359  0.095  0         0.00000  0
 0.126  0.077  0         0.00000  0
 0.220  0.067  0         0.00000  0
 0.143  0.102  0         0.00000  0
 0.119  0.044  0       705.00222  0
 0.091  0.053  0         0.00000  0
 0.037  0.038  0         0.00000  0
 0.076  0.041  0         0.00000  0
 0.141  0.090  0         0.00000  0
 0.038  0.056  0         0.00000  0
 0.102  0.098  0         0.00000  0
 0.060 -0.060 -1         0.00000  0
 0.060 -0.040 -1         0.00000  0
 0.060 -0.020  1         0.00000  0
 0.060  0.000  1         0.00000  0
 0.326  0.061  0         0.00000  0
 0.123  0.028  0         0.00000  0
 0.156  0.021  0         0.00000  0
 0.436  0.020  0       199.53446  0
 0.326  0.031  0         0.00000  0
 0.545  0.047  0         0.00000  0
 0.494  0.016  0       944.75734  0
 0.373  0.046  0         0.00000  0
 0.339  0.053  0         0.00000  0
 0.344  0.035  0       803.34418  0
 0.408  0.033  0      1300.20872  0
 0.375  0.089  0         0.00000  0
 0.391  0.037  0      1418.18049  0
 0.417  0.100  0         0.00000  0
 0.408  0.051  0         0.00000  0
 0.273  0.073  0         0.00000  0
 0.298  0.083  0         0.00000  0
 0.247  0.106  0         0.00000  0
 0.117  0.119  0         0.00000  0
 0.281  0.057  0       362.79676  0
 0.090  0.084  0         0.00000  0
 0.315  0.096  0         0.00000  0
 0.117  0.098  0         0.00000  0
 0.210  0.050  0         0.00000  0
 0.196  0.061  0         0.00000  0
 0.080 -0.060 -1         0.00000  0
 0.080 -0.040 -1         0.00000  0
 0.080 -0.020  1         0.00000  0
 0.080  0.000  1         0.00000  0
 0.453  0.020  0      1625.21090  0
 0.310  0.019  0      1772.57838  0
 0.543  0.019  0         0.00000  0
 0.344  0.018  0         0.00000  0
 0.619  0.037  0       352.53393  0
 0.560  0.026  0         0.00000  0
 0.365  0.021  0         0.00000  0
 0.615  0.018  0         0.00000  0
 0.524  0.020  0         0.00000  0
 0.662  0.044  0         0.00000  0
 0.634  0.074  0         0.00000  0
 0.640  0.019  0         0.00000  0
 0.411  0.016  0      2646.79082  0
 0.438  0.040  0       813.75287  0
 0.522  0.042  0         0.00000  0
 0.384  0.020  0         0.00000  0
 0.312  0.067  0         0.00000  0
 0.457  0.042  0         0.00000  0
 0.452  0.071  0         0.00000  0
 0.383  0.067  0         0.00000  0
 0.178  0.100  0         0.00000  0
 0.281  0.090  0         0.00000  0
 0.231  0.069  0         0.00000  0
 0.333  0.093  0         0.00000  0
 0.254  0.123  0         0.00000  0
 0.100 -0.060 -1         0.00000  0
 0.100 -0.040 -1         0.00000  0
 0.100 -0.020  1         0.00000  0
 0.100  0.000  1         0.00000  0
 0.720  0.027  0         0.00000  0
 0.799  0.038  0         0.00000  0
 0.743  0.017  0         0.00000  0
 0.694  0.045  0         0.00000  0
 0.852  0.089  0         0.00000  0
 0.670  0.053  0         0.00000  0
 0.666  0.023  0         0.00000  0
 0.778  0.027  0      2245.33699  0
 0.732  0.072  0         0.00000  0
 0.684  0.019  0         0.00000  0
 0.640  0.038  0       546.85370  0
 0.807  0.059  0         0.00000  0
 0.584  0.049  0         0.00000  0
 0.591  0.021  0         0.00000  0
 0.574  0.026  0         0.00000  0
 0.475  0.024  0      2366.27487  0
 0.478  0.038  0       710.29987  0
 0.561  0.055  0       259.35112  0
 0.441  0.070  0         0.00000  0
 0.496  0.066  0         0.00000  0
 0.262  0.050  0      1956.17095  0
 0.474  0.063  0         0.00000  0
 0.299  0.053  0       101.10528  0
 0.404  0.099  0         0.00000  0
 0.257  0.090  0         0.00000  0
 0.120 -0.060 -1         0.00000  0
 0.120 -0.040 -1         0.00000  0
 0.120 -0.020  1         0.00000  0
 0.120  0.000  1         0.00000  0
 0.759  0.027  0      2961.98277  0
 0.708  0.041  0         0.00000  0
 0.863  0.036  0       384.82031  0
 0.882  0.062  0      2608.45248  0
 0.926  0.057  0      3980.48984  0
 0.824  0.018  0         0.00000  0
 0.888  0.086  0         0.00000  0
 0.846  0.017  0         0.00000  0
 0.899  0.116  0         0.00000  0
 0.925  0.142  0         0.00000  0
 0.700  0.020  0         0.00000  0
 0.843  0.096  0         0.00000  0
 0.642  0.053  0         0.00000  0
 0.595  0.040  0         0.00000  0
 0.748  0.069  0       577.83993  0
 0.493  0.047  0      1503.66956  0
 0.665  0.074  0         0.00000  0
 0.509  0.031  0         0.00000  0
 0.536  0.061  0         0.00000  0
 0.618  0.075  0         0.00000  0
 0.511  0.063  0       367.44821  0
 0.413  0.075  0         0.00000  0
 0.481  0.076  0         0.00000  0
 0.430  0.051  0         0.00000  0
 0.400  0.068  0         0.00000  0
 0.140 -0.060 -1         0.00000  0
 0.140 -0.040 -1         0.00000  0
 0.140 -0.020  1         0.00000  0
 0.140  0.000  1         3.21512  0
 0.924  0.027  0        13.63752  0
 0.911  0.054  0         0.00000  0
 0.958  0.052  0         0.00000  0
 0.911  0.019  0      1873.60892  0
 0.941  0.020  0      3645.02547  0
 0.898  0.060  0      1055.65215  0
 0.991  0.082  0      1860.48735  0
 0.975  0.022  0      2184.02276  0
 0.893  0.022  0      1239.19213  0
 0.877  0.023  0      1992.88876  0
 0.873  0.089  0         0.00000  0
 0.936  0.043  0         0.00000  0
 0.904  0.083  0         0.00000  0
 0.809  0.074  0         0.00000  0
 0.813  0.031  0      3014.17028  0
 0.916  0.111  0      3618.69548  0
 0.743  0.037  0       660.73919  0
 0.744  0.083  0         0.00000  0
 0.685  0.082  0         0.00000  0
 0.697  0.065  0      1209.48692  0
 0.606  0.073  0         0.00000  0
 0.573  0.080  0         0.00000  0
 0.561  0.070  0         0.00000  0
 0.527  0.073  0         0.00000  0
 0.521  0.087  0         0.00000  0
 0.160 -0.060 -1         0.00000  0
 0.160 -0.040 -1         0.00000  0
 0.160 -0.020  1         0.00000  0
 0.160  0.000  1         0.00000  0
 0.949  0.290  0         0.00000  0
 0.958  0.022  0      1667.85144  0
 0.966  0.300  0         0.00000  0
 0.973  0.264  0         0.00000  0
 0.976  0.121  0      4451.49943  0
 0.966  0.093  0         0.00000  0
 0.972  0.041  0      2199.18852  0
 0.977  0.062  0       455.00477  0
 0.960  0.206  0      2535.30643  0
 0.958  0.153  0       108.76300  0
 0.938  0.152  0      3550.31187  0
 1.002  0.178  0      1625.76669  0
 0.815  0.234  0         0.00000  0
 0.943  0.169  0         0.00000  0
 0.943  0.065  0       663.34524  0
 0.883  0.040  0         0.00000  0
 0.947  0.123  0       557.84025  0
 0.848  0.064  0      1555.05908  0
 0.864  0.060  0       702.12180  0
 0.756  0.055  0         0.00000  0
 0.703  0.075  0         0.00000  0
 0.647  0.085  0         0.00000  0
 0.719  0.086  0         0.00000  0
 0.582  0.070  0         0.00000  0
 0.616  0.052  0         0.00000  0
 0.180 -0.060 -1         0.00000  0
 0.180 -0.040 -1         0.00000  0
 0.180 -0.020  1         0.00000  0
 0.180  0.000  1      4282.95169  0
 0.983  0.106  0       338.20642  0
 0.978  0.235  0         0.00000  0
 0.971  0.362  0         0.00000  0
 1.004  0.320  0         0.00000  0
 1.001  0.095  0      1951.40530  0
 0.998  0.341  0         0.00000  0
 0.992  0.257  0         0.00000  0
 0.995  0.018  0      2467.74066  0
 0.943  0.328  0         0.00000  0
 0.964  0.076  0       138.54761  0
 0.934  0.265  0         0.00000  0
 1.000  0.120  0         0.00000  0
 0.998  0.212  0         0.00000  0
 0.932  0.101  0         0.00000  0
 0.980  0.292  0         0.00000  0
 0.964  0.172  0      1059.61696  0
 0.926  0.126  0         0.00000  0
 0.944  0.084  0      1849.28475  0
 0.896  0.105  0         0.00000  0
 0.797  0.077  0         0.00000  0
 0.791  0.015  0      5228.89766  0
 0.833  0.112  0         0.00000  0
 0.829  0.043  0         0.00000  0
 0.784  0.056  0         0.00000  0
 0.729  0.050  0         0.00000  0
 0.200 -0.060 -1         0.00000  0
 0.200 -0.040 -1         0.00000  0
 0.200 -0.020  1         0.00000  0
 0.200  0.000  1      2259.81498  0
 0.956  0.486  0         0.00000  0
 0.964  0.747  0         0.00000  0
 0.996  0.686  0         0.00000  0
 0.997  0.268  0         0.00000  0
 0.988  0.135  0       390.05223  0
 0.990  0.296  0         0.00000  0
 0.991  0.050  0       567.38333  0
 0.927  0.486  0         0.00000  0
 0.931  0.374  0         0.00000  0
 0.912  0.355  0         0.00000  0
 0.955  0.360  0         0.00000  0
 0.941  0.449  0         0.00000  0
 0.962  0.378  0         0.00000  0
 0.963  0.335  0         0.00000  0
 0.986  0.169  0       836.71785  0
 0.929  0.285  0         0.00000  0
 1.004  0.230  0         0.00000  0
 0.992  0.190  0         0.00000  0
 0.946  0.184  0         0.00000  0
 0.983  0.212  0         0.00000  0
 0.954  0.106  0         0.00000  0
 0.923  0.213  0         0.00000  0
 0.919  0.165  0         0.00000  0
 0.833  0.063  0         0.00000  0
 0.771  0.046  0         0.00000  0
 0.220 -0.060 -1         0.00000  0
 0.220 -0.040 -1         0.00000  0
 0.220 -0.020  1         0.00000  0
 0.220  0.000  1      3559.04137  0
 0.946  0.525  0         0.00000  0
 0.948  0.713  0         0.00000  0
 0.889  1.021  0         0.00000  0
 0.988  0.527  0         0.00000  0
 0.984  0.920  0         0.00000  0
 0.907  0.462  0         0.00000  0
 0.999  0.586  0         0.00000  0
 1.002  0.068  0         0.00000  0
 1.002  0.035  0      1098.27947  0
 0.997  0.371  0         0.00000  0
 0.953  0.403  0         0.00000  0
 0.934  0.576  0         0.00000  0
 0.771  0.339  0         0.00000  0
 1.002  0.392  0         0.00000  0
 0.941  0.383  0         0.00000  0
 0.981  0.392  0         0.00000  0
 0.982  0.330  0         0.00000  0
 0.961  0.192  0      1820.09895  0
 0.903  0.260  0         0.00000  0
 0.967  0.225  0      1394.62083  0
 0.918  0.306  0         0.00000  0
 0.960  0.134  0         0.00000  0
 0.970  0.252  0         0.00000  0
 0.926  0.084  0         0.00000  0
 0.848  0.042  0      2403.00646  0
 0.240 -0.060 -1         0.00000  0
 0.240 -0.040 -1         0.00000  0
 0.240 -0.020  1         0.00000  0
 0.240  0.000  1      1634.69211  0
 0.736  1.195  0         0.00000  0
 0.950  0.937  0         0.00000  0
 0.968  0.397  0         0.00000  0
 0.967  0.443  0         0.00000  0
 1.004  0.144  0      1545.39620  0
 0.995  0.471  0         0.00000  0
 0.901  0.950  0         0.00000  0
 0.976  0.623  0         0.00000  0
 0.998  0.607  0         0.00000  0
 0.873  0.471  0         0.00000  0
 0.918  0.437  0         0.00000  0
 0.835  0.529  0         0.00000  0
 0.900  0.543  0         0.00000  0
 0.870  0.434  0         0.00000  0
 0.854  0.588  0         0.00000  0
 0.837  0.440  0         0.00000  0
 0.925  0.331  0         0.00000  0
 0.870  0.287  0         0.00000  0
 0.913  0.419  0         0.00000  0
 0.907  0.332  0         0.00000  0
 0.982  0.155  0         0.00000  0
 0.859  0.240  0         0.00000  0
 0.933  0.235  0         0.00000  0
 0.945  0.230  0         0.00000  0
 0.936  0.215  0         0.00000  0
 0.260 -0.060 -1         0.00000  0
 0.260 -0.040 -1         0.00000  0
 0.260 -0.020  1         0.00000  0
 0.260  0.000  1       749.66148  0
 0.280 -0.060 -1         0.00000  0
 0.280 -0.040 -1         0.00000  0
 0.280 -0.020  1         0.00000  0
 0.280  0.000  1         0.00000  0
 0.300 -0.060 -1         0.00000  0
 0.300 -0.040 -1         0.00000  0
 0.300 -0.020  1         0.00000  0
 0.300  0.000  1       250.29011  0
 0.320 -0.060 -1         0.00000  0
 0.320 -0.040 -1         0.00000  0
 0.320 -0.020  1         0.00000  0
 0.320  0.000  1         0.00000  0
 0.340 -0.060 -1         0.00000  0
 0.340 -0.040 -1         0.00000  0
 0.340 -0.020  1         0.00000  0
 0.340  0.000  1         0.00000  0
 0.360 -0.060 -1         0.00000  0
 0.360 -0.040 -1         0.00000  0
 0.360 -0.020  1         0.00000  0
 0.360  0.000  1         0.00000  0
 0.380 -0.060 -1         0.00000  0
 0.380 -0.040 -1         0.00000  0
 0.380 -0.020  1         0.00000  0
 0.380  0.000  1         0.00000  0
 0.400 -0.060 -1         0.00000  0
 0.400 -0.040 -1         0.00000  0
 0.400 -0.020  1         0.00000  0
 0.400  0.000  1      1089.48839  0
 0.420 -0.060 -1         0.00000  0
 0.420 -0.040 -1         0.00000  0
 0.420 -0.020  1         0.00000  0
 0.420  0.000  1      3276.35685  0
 0.440 -0.060 -1         0.00000  0
 0.440 -0.040 -1         0.00000  0
 0.440 -0.020  1         0.00000  0
 0.440  0.000  1       853.51027  0
 0.460 -0.060 -1         0.00000  0
 0.460 -0.040 -1         0.00000  0
 0.460 -0.020  1         0.00000  0
 0.460  0.000  1         0.00000  0
 0.480 -0.060 -1         0.00000  0
 0.480 -0.040 -1         0.00000  0
 0.480 -0.020  1         0.00000  0
 0.480  0.000  1         0.00000  0
 0.500 -0.060 -1         0.00000  0
 0.500 -0.040 -1         0.00000  0
 0.500 -0.020  1         0.00000  0
 0.500  0.000  1      4191.78089  0
 0.520 -0.060 -1         0.00000  0
 0.520 -0.040 -1         0.00000  0
 0.520 -0.020  1         0.00000  0
 0.520  0.000  1         0.00000  0
 0.540 -0.060 -1         0.00000  0
 0.540 -0.040 -1         0.00000  0
 0.540 -0.020  1         0.00000  0
 0.540  0.000  1         0.00000  0
 0.560 -0.060 -1         0.00000  0
 0.560 -0.040 -1         0.00000  0
 0.560 -0.020  1         0.00000  0
 0.560  0.000  1         0.00000  0
 0.580 -0.060 -1         0.00000  0
 0.580 -0.040 -1         0.00000  0
 0.580 -0.020  1         0.00000  0
 0.580  0.000  1         0.00000  0
 0.600 -0.060 -1         0.00000  0
 0.600 -0.040 -1         0.00000  0
 0.600 -0.020  1         0.00000  0
 0.600  0.000  1         0.00000  0
 0.620 -0.060 -1         0.00000  0
 0.620 -0.040 -1         0.00000  0
 0.620 -0.020  1         0.00000  0
 0.620  0.000  1         0.00000  0
 0.640 -0.060 -1         0.00000  0
 0.640 -0.040 -1         0.00000  0
 0.640 -0.020  1         0.00000  0
 0.640  0.000  1         0.00000  0
 0.660 -0.060 -1         0.00000  0
 0.660 -0.040 -1         0.00000  0
 0.660 -0.020  1         0.00000  0
 0.660  0.000  1         0.00000  0
 0.680 -0.060 -1         0.00000  0
 0.680 -0.040 -1         0.00000  0
 0.680 -0.020  1         0.00000  0
 0.680  0.000  1         0.00000  0
 0.700 -0.060 -1         0.00000  0
 0.700 -0.040 -1         0.00000  0
 0.700 -0.020  1         0.00000  0
 0.700  0.000  1         0.00000  0
 0.720 -0.060 -1         0.00000  0
 0.720 -0.040 -1         0.00000  0
 0.720 -0.020  1         0.00000  0
 0.720  0.000  1         0.00000  0
 0.740 -0.060 -1         0.00000  0
 0.740 -0.040 -1         0.00000  0
 0.740 -0.020  1         0.00000  0
 0.740  0.000  1         0.00000  0
 0.760 -0.060 -1         0.00000  0
 0.760 -0.040 -1         0.00000  0
 0.760 -0.020  1         0.00000  0
 0.760  0.000  1         0.00000  0
 0.780 -0.060 -1         0.00000  0
 0.780 -0.040 -1         0.00000  0
 0.780 -0.020  1         0.00000  0
 0.780  0.000  1         0.00000  0
 0.800 -0.060 -1         0.00000  0
 0.800 -0.040 -1         0.00000  0
 0.800 -0.020  1         0.00000  0
 0.800  0.000  1      3875.22020  0
 0.820 -0.060 -1         0.00000  0
 0.820 -0.040 -1         0.00000  0
 0.820 -0.020  1         0.00000  0
 0.820  0.000  1       383.65936  0
 0.840 -0.060 -1         0.00000  0
 0.840 -0.040 -1         0.00000  0
 0.840 -0.020  1         0.00000  0
 0.840  0.000  1         0.00000  0
 0.860 -0.060 -1         0.00000  0
 0.860 -0.040 -1         0.00000  0
 0.860 -0.020  1         0.00000  0
 0.860  0.000  1         0.00000  0
 0.880 -0.060 -1         0.00000  0
 0.880 -0.040 -1         0.00000  0
 0.880 -0.020  1         0.00000  0
 0.880  0.000  1         0.00000  0
 0.900 -0.060 -1         0.00000  0
 0.900 -0.040 -1         0.00000  0
 0.900 -0.020  1         0.00000  0
 0.900  0.000  1       944.65985  0
 0.920 -0.060 -1         0.00000  0
 0.920 -0.040 -1         0.00000  0
 0.920 -0.020  1         0.00000  0
 0.920  0.000  1       290.10161  0
 0.940 -0.060 -1         0.00000  0
 0.940 -0.040 -1         0.00000  0
 0.940 -0.020  1         0.00000  0
 0.940  0.000  1         0.00000  0
 0.960 -0.060 -1         0.00000  0
 0.960 -0.040 -1         0.00000  0
 0.960 -0.020  1         0.00000  0
 0.960  0.000  1         0.00000  0
 0.980 -0.060 -1         0.00000  0
 0.980 -0.040 -1         0.00000  0
 0.980 -0.020  1         0.00000  0
 0.980  0.000  1         0.00000  0
 1.000 -0.060 -1         0.00000  0
 1.000 -0.040 -1         0.00000  0
 1.000 -0.020  1         0.00000  0
 1.000  0.000  1       250.68129  0
 1.020 -0.060 -1         0.00000  0
 1.020 -0.040 -1         0.00000  0
 1.020 -0.020  1         0.00000  0
 1.020  0.000  1         0.00000  0
 1.020  0.020  1         0.00000  0
 1.020  0.040  1         0.00000  0
 1.020  0.060  1         0.00000  0
 1.020  0.080  1         0.00000  0
 1.020  0.100  1       351.85656  0
 1.020  0.120  1       133.08543  0
 1.020  0.140  1      4873.13565  0
 1.020  0.160  1         0.00000  0
 1.020  0.180  1         0.00000  0
 1.020  0.200  1         0.00000  0
 1.020  0.220  1         0.00000  0
 1.020  0.240  1         0.00000  0
 1.020  0.260  1         0.00000  0
 1.020  0.280  1         0.00000  0
 1.020  0.300  1         0.00000  0
 1.020  0.320  1      1645.62238  0
 1.020  0.340  1         0.00000  0
 1.020  0.360  1         0.00000  0
 1.020  0.380  1         0.00000  0
 1.020  0.400  1         0.00000  0
 1.020  0.420  1         0.00000  0
 1.020  0.440  1         0.00000  0
 1.020  0.460  1         0.00000  0
 1.020  0.480  1         0.00000  0
 1.020  0.500  1         0.00000  0
 1.020  0.520  1         0.00000  0
 1.020  0.540  1         0.00000  0
 1.020  0.560  1         0.00000  0
 1.020  0.580  1         0.00000  0
 1.020  0.600  1         0.00000  0
 1.040 -0.060 -1         0.00000  0
 1.040 -0.040 -1         0.00000  0
 1.040 -0.020  1         0.00000  0
 1.040  0.000  1         0.00000  0
 1.040  0.020  1         0.00000  0
 1.040  0.040  1         0.00000  0
 1.040  0.060  1         0.00000  0
 1.040  0.080  1         0.00000  0
 1.040  0.100  1         0.00000  0
 1.040  0.120  1         0.00000  0
 1.040  0.140  1         0.00000  0
 1.040  0.160  1         0.00000  0
 1.040  0.180  1         0.00000  0
 1.040  0.200  1         0.00000  0
 1.040  0.220  1         0.00000  0
 1.040  0.240  1         0.00000  0
 1.040  0.260  1         0.00000  0
 1.040  0.280  1         0.00000  0
 1.040  0.300  1         0.00000  0
 1.040  0.320  1         0.00000  0
 1.040  0.340  1         0.00000  0
 1.040  0.360  1         0.00000  0
 1.040  0.380  1         0.00000  0
 1.040  0.400  1         0.00000  0
 1.040  0.420  1         0.00000  0
 1.040  0.440  1         0.00000  0
 1.040  0.460  1         0.00000  0
 1.040  0.480  1         0.00000  0
 1.040  0.500  1         0.00000  0
 1.040  0.520  1         0.00000  0
 1.040  0.540  1         0.00000  0
 1.040  0.560  1         0.00000  0
 1.040  0.580  1         0.00000  0
 1.040  0.600  1         0.00000  0
 1.060 -0.060 -1         0.00000  0
 1.060 -0.040 -1         0.00000  0
 1.060 -0.020 -1         0.00000  0
 1.060  0.000 -1         0.00000  0
 1.060  0.020 -1         0.00000  0
 1.060  0.040 -1         0.00000  0
 1.060  0.060 -1         0.00000  0
 1.060  0.080 -1         0.00000  0
 1.060  0.100 -1         0.00000  0
 1.060  0.120 -1         0.00000  0
 1.060  0.140 -1         0.00000  0
 1.060  0.160 -1         0.00000  0
 1.060  0.180 -1         0.00000  0
 1.060  0.200 -1         0.00000  0
 1.060  0.220 -1         0.00000  0
 1.060  0.240 -1         0.00000  0
 1.060  0.260 -1         0.00000  0
 1.060  0.280 -1         0.00000  0
 1.060  0.300 -1         0.00000  0
 1.060  0.320 -1         0.00000  0
 1.060  0.340 -1         0.00000  0
 1.060  0.360 -1         0.00000  0
 1.060  0.380 -1         0.00000  0
 1.060  0.400 -1         0.00000  0
 1.060  0.420 -1         0.00000  0
 1.060  0.440 -1         0.00000  0
 1.060  0.460 -1         0.00000  0
 1.060  0.480 -1         0.00000  0
 1.060  0.500 -1         0.00000  0
 1.060  0.520 -1         0.00000  0
 1.060  0.540 -1         0.00000  0
 1.060  0.560 -1         0.00000  0
 1.060  0.580  1         0.00000  0
 1.060  0.600  1         0.00000  0
 1.080 -0.060 -1         0.00000  0
 1.080 -0.040 -1         0.00000  0
 1.080 -0.020 -1         0.00000  0
 1.080  0.000 -1         0.00000  0
 1.080  0.020 -1         0.00000  0
 1.080  0.040 -1         0.00000  0
 1.080  0.060 -1         0.00000  0
 1.080  0.080 -1         0.00000  0
 1.080  0.100 -1         0.00000  0
 1.080  0.120 -1         0.00000  0
 1.080  0.140 -1         0.00000  0
 1.080  0.160 -1         0.00000  0
 1.080  0.180 -1         0.00000  0
 1.080  0.200 -1         0.00000  0
 1.080  0.220 -1         0.00000  0
 1.080  0.240 -1         0.00000  0
 1.080  0.260 -1         0.00000  0
 1.080  0.280 -1         0.00000  0
 1.080  0.300 -1         0.00000  0
 1.080  0.320 -1         0.00000  0
 1.080  0.340 -1         0.00000  0
 1.080  0.360 -1         0.00000  0
 1.080  0.380 -1         0.00000  0
 1.080  0.400 -1         0.00000  0
 1.080  0.420 -1         0.00000  0
 1.080  0.440 -1         0.00000  0
 1.080  0.460 -1         0.00000  0
 1.080  0.480 -1         0.00000  0
 1.080  0.500 -1         0.00000  0
 1.080  0.520 -1         0.00000  0
 1.080  0.540 -1         0.00000  0
 1.080  0.560 -1         0.00000  0
 1.080  0.580  1         0.00000  0
 1.080  0.600  1         0.00000  0
