-0.075 -0.075 -1         0.00000  0
-0.075 -0.050 -1         0.00000  0
-0.075 -0.025 -1         0.00000  0
-0.075  0.000 -1         0.00000  0
-0.075  0.025 -1         0.00000  0
-0.075  0.050 -1         0.00000  0
-0.075  0.075 -1         0.00000  0
-0.075  0.100 -1         0.00000  0
-0.075  0.125 -1         0.00000  0
-0.075  0.150 -1         0.00000  0
-0.075  0.175 -1         0.00000  0
-0.075  0.200 -1         0.00000  0
-0.075  0.225 -1         0.00000  0
-0.075  0.250 -1         0.00000  0
-0.075  0.275 -1         0.00000  0
-0.075  0.300 -1         0.00000  0
-0.075  0.325 -1         0.00000  0
-0.075  0.350 -1         0.00000  0
-0.075  0.375 -1         0.00000  0
-0.075  0.400 -1         0.00000  0
-0.075  0.425 -1         0.00000  0
-0.075  0.450 -1         0.00000  0
-0.075  0.475 -1         0.00000  0
-0.075  0.500 -1         0.00000  0
-0.075  0.525 -1         0.00000  0
-0.075  0.550 -1         0.00000  0
-0.075  0.575  1         0.00000  0
-0.075  0.600  1         0.00000  0
-0.050 -0.075 -1         0.00000  0
-0.050 -0.050 -1         0.00000  0
-0.050 -0.025 -1         0.00000  0
-0.050  0.000 -1         0.00000  0
-0.050  0.025 -1         0.00000  0
-0.050  0.050 -1         0.00000  0
-0.050  0.075 -1         0.00000  0
-0.050  0.100 -1         0.00000  0
-0.050  0.125 -1         0.00000  0
-0.050  0.150 -1         0.00000  0
-0.050  0.175 -1         0.00000  0
-0.050  0.200 -1         0.00000  0
-0.050  0.225 -1         0.00000  0
-0.050  0.250 -1         0.00000  0
-0.050  0.275 -1         0.00000  0
-0.050  0.300 -1         0.00000  0
-0.050  0.325 -1         0.00000  0
-0.050  0.350 -1         0.00000  0
-0.050  0.375 -1         0.00000  0
-0.050  0.400 -1         0.00000  0
-0.050  0.425 -1         0.00000  0
-0.050  0.450 -1         0.00000  0
-0.050  0.475 -1         0.00000  0
-0.050  0.500 -1         0.00000  0
-0.050  0.525 -1         0.00000  0
-0.050  0.550 -1         0.00000  0
-0.050  0.575  1         0.00000  0
-0.050  0.600  1         0.00000  0
-0.025 -0.075 -1         0.00000  0
-0.025 -0.050 -1         0.00000  0
-0.025 -0.025  1         0.00000  0
-0.025  0.000  1         0.00000  0
-0.025  0.025  1         0.00000  0
-0.025  0.050  1         0.00000  0
-0.025  0.075  1         0.00000  0
-0.025  0.100  1         0.00000  0
-0.025  0.125  1         0.00000  0
-0.025  0.150  1         0.00000  0
-0.025  0.175  1         0.00000  0
-0.025  0.200  1         0.00000  0
-0.025  0.225  1         0.00000  0
-0.025  0.250  1         0.00000  0
-0.025  0.275  1         0.00000  0
-0.025  0.300  1         0.00000  0
-0.025  0.325  1         0.00000  0
-0.025  0.350  1         0.00000  0
-0.025  0.375  1         0.00000  0
-0.025  0.400  1         0.00000  0
-0.025  0.425  1         0.00000  0
-0.025  0.450  1         0.00000  0
-0.025  0.475  1         0.00000  0
-0.025  0.500  1         0.00000  0
-0.025  0.525  1         0.00000  0
-0.025  0.550  1         0.00000  0
-0.025  0.575  1         0.00000  0
-0.025  0.600  1         0.00000  0
 0.000 -0.075 -1         0.00000  0
 0.000 -0.050 -1         0.00000  0
 0.000 -0.025  1         0.00000  0
 0.000  0.000  1         0.00000  0
 0.000  0.025  1         0.00000  0
 0.000  0.050  1      1324.85226  0
 0.000  0.075  1      1113.78444  0
 0.000  0.100  1      1172.85475  0
 0.000  0.125  1         0.00000  0
 0.000  0.150  1         0.00000  0
 0.000  0.175  1         0.00000  0
 0.000  0.200  1         0.00000  0
 0.000  0.225  1         0.00000  0
 0.000  0.250  1         0.00000  0
 0.000  0.275  1         0.00000  0
 0.000  0.300  1         0.00000  0
 0.000  0.325  1         0.00000  0
 0.000  0.350  1         0.00000  0
 0.000  0.375  1         0.00000  0
 0.000  0.400  1         0.00000  0
 0.000  0.425  1         0.00000  0
 0.000  0.450  1         0.00000  0
 0.000  0.475  1         0.00000  0
 0.000  0.500  1         0.00000  0
 0.000  0.525  1         0.00000  0
 0.000  0.550  1         0.00000  0
 0.000  0.575  1         0.00000  0
 0.000  0.600  1         0.00000  0
 0.025 -0.075 -1         0.00000  0
 0.025 -0.050 -1         0.00000  0
 0.025 -0.025  1         0.00000  0
 0.025  0.000  1       696.23406  0
 0.069  0.023  0         0.00000  0
 0.193  0.033  0      1278.00527  0
 0.104  0.022  0        33.84440  0
 0.213  0.079  0       973.68403  0
 0.029  0.022  0      1498.62348  0
 0.088  0.040  0       938.76838  0
 0.050  0.033  0       754.03959  0
 0.153  0.061  0       257.08825  0
 0.128  0.044  0       863.62877  0
 0.076  0.068  0       715.33971  0
 0.096  0.079  0        73.22196  0
 0.022  0.048  0       485.45953  0
 0.024  0.077  0         0.00000  0
 0.042  0.121  0         0.00000  0
 0.035  0.095  0      1040.79403  0
 0.084  0.096  0         0.00000  0
 0.066  0.156  0         0.00000  0
 0.085  0.138  0         0.00000  0
 0.103  0.115  0       447.97396  0
 0.021  0.114  0         0.00000  0
 0.050 -0.075 -1         0.00000  0
 0.050 -0.050 -1         0.00000  0
 0.050 -0.025  1         0.00000  0
 0.050  0.000  1         0.00000  0
 0.133  0.022  0       634.92013  0
 0.211  0.025  0      1536.12811  0
 0.245  0.082  0       680.32174  0
 0.214  0.051  0         0.00000  0
 0.169  0.043  0       369.36993  0
 0.183  0.059  0       247.65339  0
 0.192  0.081  0       488.32984  0
 0.226  0.121  0         0.00000  0
 0.102  0.054  0       258.27524  0
 0.133  0.063  0       959.42627  0
 0.123  0.090  0       364.60401  0
 0.273  0.076  0       594.36954  0
 0.046  0.056  0       903.71526  0
 0.201  0.121  0         0.00000  0
 0.057  0.073  0      1010.61978  0
 0.060  0.110  0         0.00000  0
 0.163  0.109  0         0.00000  0
 0.068  0.131  0         0.00000  0
 0.117  0.122  0         0.00000  0
 0.132  0.111  0       538.61136  0
 0.075 -0.075 -1         0.00000  0
 0.075 -0.050 -1         0.00000  0
 0.075 -0.025  1         0.00000  0
 0.075  0.000  1      1153.38854  0
 0.237  0.022  0       767.61281  0
 0.165  0.020  0         0.00000  0
 0.404  0.020  0      2255.64262  0
 0.271  0.020  0         0.00000  0
 0.323  0.021  0         0.00000  0
 0.251  0.041  0       141.59073  0
 0.310  0.038  0      2008.04522  0
 0.233  0.066  0      1093.87187  0
 0.267  0.051  0       847.29923  0
 0.223  0.101  0       617.25277  0
 0.290  0.038  0      1081.79854  0
 0.147  0.089  0       154.80749  0
 0.321  0.057  0         0.00000  0
 0.253  0.123  0        80.04616  0
 0.173  0.093  0       634.62772  0
 0.187  0.124  0       244.23876  0
 0.311  0.133  0         0.00000  0
 0.155  0.132  0         0.00000  0
 0.260  0.136  0         0.00000  0
 0.189  0.147  0         0.00000  0
 0.100 -0.075 -1         0.00000  0
 0.100 -0.050 -1         0.00000  0
 0.100 -0.025  1         0.00000  0
 0.100  0.000  1      2219.80564  0
 0.529  0.027  0       968.21984  0
 0.497  0.021  0       568.16308  0
 0.457  0.021  0      2212.73267  0
 0.357  0.023  0         0.00000  0
 0.436  0.028  0      1323.84009  0
 0.366  0.040  0       161.81631  0
 0.464  0.050  0         0.00000  0
 0.516  0.041  0       471.39433  0
 0.458  0.095  0         0.00000  0
 0.397  0.037  0       760.37545  0
 0.510  0.062  0         0.00000  0
 0.344  0.047  0         0.00000  0
 0.443  0.053  0       783.63286  0
 0.384  0.056  0      1339.81616  0
 0.347  0.071  0        85.35143  0
 0.296  0.066  0         0.00000  0
 0.284  0.112  0         0.00000  0
 0.256  0.103  0       351.97493  0
 0.322  0.122  0       204.81749  0
 0.290  0.086  0       337.12695  0
 0.125 -0.075 -1         0.00000  0
 0.125 -0.050 -1         0.00000  0
 0.125 -0.025  1         0.00000  0
 0.125  0.000  1      3169.46010  0
 0.595  0.022  0       793.98562  0
 0.615  0.047  0         0.00000  0
 0.628  0.022  0       977.35875  0
 0.484  0.041  0       664.35946  0
 0.674  0.055  0      3976.73012  0
 0.743  0.022  0       389.55222  0
 0.724  0.035  0         0.00000  0
 0.681  0.032  0         0.00000  0
 0.638  0.068  0         0.00000  0
 0.552  0.021  0         0.00000  0
 0.589  0.040  0       272.99384  0
 0.560  0.043  0      1130.24006  0
 0.433  0.093  0         0.00000  0
 0.490  0.095  0         0.00000  0
 0.424  0.050  0         0.00000  0
 0.330  0.087  0      1948.05893  0
 0.387  0.085  0         0.00000  0
 0.311  0.105  0         0.00000  0
 0.347  0.099  0         0.00000  0
 0.345  0.118  0         0.00000  0
 0.150 -0.075 -1         0.00000  0
 0.150 -0.050 -1         0.00000  0
 0.150 -0.025  1         0.00000  0
 0.150  0.000  1      1542.76201  0
 0.937  0.067  0       301.24339  0
 0.702  0.021  0       431.94147  0
 0.942  0.028  0      2506.39551  0
 0.791  0.063  0         0.00000  0
 0.951  0.133  0         0.00000  0
 0.819  0.025  0         0.00000  0
 0.775  0.021  0         0.00000  0
 0.654  0.024  0         0.00000  0
 0.759  0.042  0         0.00000  0
 0.704  0.076  0         0.00000  0
 0.639  0.045  0        22.69263  0
 0.620  0.072  0       543.03891  0
 0.548  0.062  0         0.00000  0
 0.485  0.107  0         0.00000  0
 0.490  0.063  0         0.00000  0
 0.406  0.070  0      1837.81804  0
 0.459  0.081  0       123.19200  0
 0.412  0.089  0         0.00000  0
 0.389  0.117  0         0.00000  0
 0.370  0.083  0         0.00000  0
 0.175 -0.075 -1         0.00000  0
 0.175 -0.050 -1         0.00000  0
 0.175 -0.025  1         0.00000  0
 0.175  0.000  1      1139.07096  0
 0.984  0.056  0      1166.63335  0
 0.952  0.043  0      1774.23918  0
 0.981  0.111  0       441.11195  0
 0.970  0.162  0       225.81764  0
 0.963  0.114  0      2483.38616  0
 0.975  0.205  0         0.00000  0
 0.925  0.209  0         0.00000  0
 0.796  0.034  0      1035.38106  0
 0.899  0.032  0         0.00000  0
 0.789  0.080  0         0.00000  0
 0.896  0.062  0      2011.56176  0
 0.863  0.063  0         0.00000  0
 0.810  0.048  0       421.99885  0
 0.699  0.050  0         0.00000  0
 0.721  0.090  0         0.00000  0
 0.569  0.075  0         0.00000  0
 0.661  0.090  0         0.00000  0
 0.545  0.086  0         0.00000  0
 0.528  0.100  0         0.00000  0
 0.519  0.089  0         0.00000  0
 0.200 -0.075 -1         0.00000  0
 0.200 -0.050 -1         0.00000  0
 0.200 -0.025  1         0.00000  0
 0.200  0.000  1         0.00000  0
 0.998  0.081  0         0.00000  0
 0.994  0.025  0      2608.41598  0
 1.002  0.170  0         0.00000  0
 0.997  0.283  0         0.00000  0
 0.997  0.099  0      2446.72643  0
 0.969  0.023  0      1345.17293  0
 0.943  0.198  0         0.00000  0
 0.989  0.351  0         0.00000  0
 0.963  0.255  0         0.00000  0
 0.923  0.108  0         0.00000  0
 0.849  0.051  0      1229.54890  0
 0.919  0.024  0      1902.50971  0
 0.912  0.054  0      2101.19603  0
 0.859  0.028  0         0.00000  0
 0.879  0.085  0         0.00000  0
 0.767  0.074  0         0.00000  0
 0.754  0.094  0         0.00000  0
 0.726  0.108  0         0.00000  0
 0.672  0.071  0         0.00000  0
 0.578  0.060  0       634.77715  0
 0.225 -0.075 -1         0.00000  0
 0.225 -0.050 -1         0.00000  0
 0.225 -0.025  1         0.00000  0
 0.225  0.000  1       658.44799  0
 1.002  0.240  0         0.00000  0
 0.954  0.405  0         0.00000  0
 0.908  0.631  0         0.00000  0
 0.918  0.558  0         0.00000  0
 1.001  0.346  0         0.00000  0
 1.002  0.203  0         0.00000  0
 1.009  0.530  0         0.00000  0
 0.987  0.151  0         0.00000  0
 0.979  0.183  0      1129.12903  0
 0.967  0.066  0      1987.52696  0
 1.002  0.131  0         0.00000  0
 0.948  0.186  0       432.71369  0
 0.989  0.224  0         0.00000  0
 0.950  0.152  0         0.00000  0
 0.938  0.113  0       908.88835  0
 0.925  0.087  0      2008.68141  0
 0.878  0.022  0      1301.16840  0
 0.836  0.082  0         0.00000  0
 0.748  0.060  0       729.59493  0
 0.611  0.084  0         0.00000  0
 0.250 -0.075 -1         0.00000  0
 0.250 -0.050 -1         0.00000  0
 0.250 -0.025  1         0.00000  0
 0.250  0.000  1      1779.78018  0
 0.964  0.659  0         0.00000  0
 0.990  0.683  0         0.00000  0
 0.936  0.592  0         0.00000  0
 0.973  0.271  0         0.00000  0
 1.002  0.043  0      3744.83288  0
 0.962  0.647  0         0.00000  0
 0.923  0.282  0         0.00000  0
 0.992  0.587  0         0.00000  0
 0.998  0.400  0         0.00000  1
 0.952  0.278  0         0.00000  0
 0.946  0.402  0         0.00000  0
 0.977  0.250  0       527.07548  0
 0.994  0.449  0         0.00000  0
 0.988  0.397  0         0.00000  1
 0.963  0.370  0         0.00000  0
 0.915  0.186  0         0.00000  0
 0.954  0.082  0       123.47358  0
 0.900  0.084  0         0.00000  0
 0.832  0.055  0         0.00000  0
 0.727  0.059  0         0.00000  0
 0.275 -0.075 -1         0.00000  0
 0.275 -0.050 -1         0.00000  0
 0.275 -0.025  1         0.00000  0
 0.275  0.000  1       775.92116  0
 0.300 -0.075 -1         0.00000  0
 0.300 -0.050 -1         0.00000  0
 0.300 -0.025  1         0.00000  0
 0.300  0.000  1         0.00000  0
 0.325 -0.075 -1         0.00000  0
 0.325 -0.050 -1         0.00000  0
 0.325 -0.025  1         0.00000  0
 0.325  0.000  1         0.00000  0
 0.350 -0.075 -1         0.00000  0
 0.350 -0.050 -1         0.00000  0
 0.350 -0.025  1         0.00000  0
 0.350  0.000  1         0.00000  0
 0.375 -0.075 -1         0.00000  0
 0.375 -0.050 -1         0.00000  0
 0.375 -0.025  1         0.00000  0
 0.375  0.000  1         0.00000  0
 0.400 -0.075 -1         0.00000  0
 0.400 -0.050 -1         0.00000  0
 0.400 -0.025  1         0.00000  0
 0.400  0.000  1       518.39609  0
 0.425 -0.075 -1         0.00000  0
 0.425 -0.050 -1         0.00000  0
 0.425 -0.025  1         0.00000  0
 0.425  0.000  1       457.58615  0
 0.450 -0.075 -1         0.00000  0
 0.450 -0.050 -1         0.00000  0
 0.450 -0.025  1         0.00000  0
 0.450  0.000  1       993.73789  0
 0.475 -0.075 -1         0.00000  0
 0.475 -0.050 -1         0.00000  0
 0.475 -0.025  1         0.00000  0
 0.475  0.000  1         0.00000  0
 0.500 -0.075 -1         0.00000  0
 0.500 -0.050 -1         0.00000  0
 0.500 -0.025  1         0.00000  0
 0.500  0.000  1      1042.74191  0
 0.525 -0.075 -1         0.00000  0
 0.525 -0.050 -1         0.00000  0
 0.525 -0.025  1         0.00000  0
 0.525  0.000  1       713.52297  0
 0.550 -0.075 -1         0.00000  0
 0.550 -0.050 -1         0.00000  0
 0.550 -0.025  1         0.00000  0
 0.550  0.000  1      1406.81760  0
 0.575 -0.075 -1         0.00000  0
 0.575 -0.050 -1         0.00000  0
 0.575 -0.025  1         0.00000  0
 0.575  0.000  1         0.00000  0
 0.600 -0.075 -1         0.00000  0
 0.600 -0.050 -1         0.00000  0
 0.600 -0.025  1         0.00000  0
 0.600  0.000  1      1002.31027  0
 0.625 -0.075 -1         0.00000  0
 0.625 -0.050 -1         0.00000  0
 0.625 -0.025  1         0.00000  0
 0.625  0.000  1      3689.80350  0
 0.650 -0.075 -1         0.00000  0
 0.650 -0.050 -1         0.00000  0
 0.650 -0.025  1         0.00000  0
 0.650  0.000  1       883.49227  0
 0.675 -0.075 -1         0.00000  0
 0.675 -0.050 -1         0.00000  0
 0.675 -0.025  1         0.00000  0
 0.675  0.000  1         0.00000  0
 0.700 -0.075 -1         0.00000  0
 0.700 -0.050 -1         0.00000  0
 0.700 -0.025  1         0.00000  0
 0.700  0.000  1      1347.34657  0
 0.725 -0.075 -1         0.00000  0
 0.725 -0.050 -1         0.00000  0
 0.725 -0.025  1         0.00000  0
 0.725  0.000  1         0.00000  0
 0.750 -0.075 -1         0.00000  0
 0.750 -0.050 -1         0.00000  0
 0.750 -0.025  1         0.00000  0
 0.750  0.000  1      1214.38223  0
 0.775 -0.075 -1         0.00000  0
 0.775 -0.050 -1         0.00000  0
 0.775 -0.025  1         0.00000  0
 0.775  0.000  1      2382.05498  0
 0.800 -0.075 -1         0.00000  0
 0.800 -0.050 -1         0.00000  0
 0.800 -0.025  1         0.00000  0
 0.800  0.000  1         0.00000  0
 0.825 -0.075 -1         0.00000  0
 0.825 -0.050 -1         0.00000  0
 0.825 -0.025  1         0.00000  0
 0.825  0.000  1         0.00000  0
 0.850 -0.075 -1         0.00000  0
 0.850 -0.050 -1         0.00000  0
 0.850 -0.025  1         0.00000  0
 0.850  0.000  1         0.00000  0
 0.875 -0.075 -1         0.00000  0
 0.875 -0.050 -1         0.00000  0
 0.875 -0.025  1         0.00000  0
 0.875  0.000  1      2515.91564  0
 0.900 -0.075 -1         0.00000  0
 0.900 -0.050 -1         0.00000  0
 0.900 -0.025  1         0.00000  0
 0.900  0.000  1        89.65884  0
 0.925 -0.075 -1         0.00000  0
 0.925 -0.050 -1         0.00000  0
 0.925 -0.025  1         0.00000  0
 0.925  0.000  1         0.00000  0
 0.950 -0.075 -1         0.00000  0
 0.950 -0.050 -1         0.00000  0
 0.950 -0.025  1         0.00000  0
 0.950  0.000  1       844.62505  0
 0.975 -0.075 -1         0.00000  0
 0.975 -0.050 -1         0.00000  0
 0.975 -0.025  1         0.00000  0
 0.975  0.000  1      1437.70914  0
 1.000 -0.075 -1         0.00000  0
 1.000 -0.050 -1         0.00000  0
 1.000 -0.025  1         0.00000  0
 1.000  0.000  1         0.00000  0
 1.025 -0.075 -1         0.00000  0
 1.025 -0.050 -1         0.00000  0
 1.025 -0.025  1         0.00000  0
 1.025  0.000  1         0.00000  0
 1.025  0.025  1         0.00000  0
 1.025  0.050  1         0.00000  0
 1.025  0.075  1         0.00000  0
 1.025  0.100  1         0.00000  0
 1.025  0.125  1         0.00000  0
 1.025  0.150  1         0.00000  0
 1.025  0.175  1         0.00000  0
 1.025  0.200  1         0.00000  0
 1.025  0.225  1         0.00000  0
 1.025  0.250  1         0.00000  0
 1.025  0.275  1         0.00000  0
 1.025  0.300  1         0.00000  0
 1.025  0.325  1         0.00000  0
 1.025  0.350  1         0.00000  0
 1.025  0.375  1         0.00000  0
 1.025  0.400  1         0.00000  0
 1.025  0.425  1         0.00000  0
 1.025  0.450  1         0.00000  0
 1.025  0.475  1         0.00000  0
 1.025  0.500  1         0.00000  0
 1.025  0.525  1        17.70743  0
 1.025  0.550  1         0.00000  0
 1.025  0.575  1         0.00000  0
 1.025  0.600  1         0.00000  0
 1.050 -0.075 -1         0.00000  0
 1.050 -0.050 -1         0.00000  0
 1.050 -0.025  1         0.00000  0
 1.050  0.000  1         0.00000  0
 1.050  0.025  1         0.00000  0
 1.050  0.050  1         0.00000  0
 1.050  0.075  1         0.00000  0
 1.050  0.100  1         0.00000  0
 1.050  0.125  1         0.00000  0
 1.050  0.150  1         0.00000  0
 1.050  0.175  1         0.00000  0
 1.050  0.200  1         0.00000  0
 1.050  0.225  1         0.00000  0
 1.050  0.250  1         0.00000  0
 1.050  0.275  1         0.00000  0
 1.050  0.300  1         0.00000  0
 1.050  0.325  1         0.00000  0
 1.050  0.350  1         0.00000  0
 1.050  0.375  1         0.00000  0
 1.050  0.400  1         0.00000  0
 1.050  0.425  1         0.00000  0
 1.050  0.450  1         0.00000  0
 1.050  0.475  1         0.00000  0
 1.050  0.500  1         0.00000  0
 1.050  0.525  1         0.00000  0
 1.050  0.550  1         0.00000  0
 1.050  0.575  1         0.00000  0
 1.050  0.600  1         0.00000  0
 1.075 -0.075 -1         0.00000  0
 1.075 -0.050 -1         0.00000  0
 1.075 -0.025 -1         0.00000  0
 1.075  0.000 -1         0.00000  0
 1.075  0.025 -1         0.00000  0
 1.075  0.050 -1         0.00000  0
 1.075  0.075 -1         0.00000  0
 1.075  0.100 -1         0.00000  0
 1.075  0.125 -1         0.00000  0
 1.075  0.150 -1         0.00000  0
 1.075  0.175 -1         0.00000  0
 1.075  0.200 -1         0.00000  0
 1.075  0.225 -1         0.00000  0
 1.075  0.250 -1         0.00000  0
 1.075  0.275 -1         0.00000  0
 1.075  0.300 -1         0.00000  0
 1.075  0.325 -1         0.00000  0
 1.075  0.350 -1         0.00000  0
 1.075  0.375 -1         0.00000  0
 1.075  0.400 -1         0.00000  0
 1.075  0.425 -1         0.00000  0
 1.075  0.450 -1         0.00000  0
 1.075  0.475 -1         0.00000  0
 1.075  0.500 -1         0.00000  0
 1.075  0.525 -1         0.00000  0
 1.075  0.550 -1         0.00000  0
 1.075  0.575  1         0.00000  0
 1.075  0.600  1         0.00000  0
 1.100 -0.075 -1         0.00000  0
 1.100 -0.050 -1         0.00000  0
 1.100 -0.025 -1         0.00000  0
 1.100  0.000 -1         0.00000  0
 1.100  0.025 -1         0.00000  0
 1.100  0.050 -1         0.00000  0
 1.100  0.075 -1         0.00000  0
 1.100  0.100 -1         0.00000  0
 1.100  0.125 -1         0.00000  0
 1.100  0.150 -1         0.00000  0
 1.100  0.175 -1         0.00000  0
 1.100  0.200 -1         0.00000  0
 1.100  0.225 -1         0.00000  0
 1.100  0.250 -1         0.00000  0
 1.100  0.275 -1         0.00000  0
 1.100  0.300 -1         0.00000  0
 1.100  0.325 -1         0.00000  0
 1.100  0.350 -1         0.00000  0
 1.100  0.375 -1         0.00000  0
 1.100  0.400 -1         0.00000  0
 1.100  0.425 -1         0.00000  0
 1.100  0.450 -1         0.00000  0
 1.100  0.475 -1         0.00000  0
 1.100  0.500 -1         0.00000  0
 1.100  0.525 -1         0.00000  0
 1.100  0.550 -1         0.00000  0
 1.100  0.575  1         0.00000  0
 1.100  0.600  1         0.00000  0
