-0.075 -0.075 -1         0.00000  0
-0.075 -0.050 -1         0.00000  0
-0.075 -0.025 -1         0.00000  0
-0.075  0.000 -1         0.00000  0
-0.075  0.025 -1         0.00000  0
-0.075  0.050 -1         0.00000  0
-0.075  0.075 -1         0.00000  0
-0.075  0.100 -1         0.00000  0
-0.075  0.125 -1         0.00000  0
-0.075  0.150 -1         0.00000  0
-0.075  0.175 -1         0.00000  0
-0.075  0.200 -1         0.00000  0
-0.075  0.225 -1         0.00000  0
-0.075  0.250 -1         0.00000  0
-0.075  0.275 -1         0.00000  0
-0.075  0.300 -1         0.00000  0
-0.075  0.325 -1         0.00000  0
-0.075  0.350 -1         0.00000  0
-0.075  0.375 -1         0.00000  0
-0.075  0.400 -1         0.00000  0
-0.075  0.425 -1         0.00000  0
-0.075  0.450 -1         0.00000  0
-0.075  0.475 -1         0.00000  0
-0.075  0.500 -1         0.00000  0
-0.075  0.525 -1         0.00000  0
-0.075  0.550 -1         0.00000  0
-0.075  0.575  1         0.00000  0
-0.075  0.600  1         0.00000  0
-0.050 -0.075 -1         0.00000  0
-0.050 -0.050 -1         0.00000  0
-0.050 -0.025 -1         0.00000  0
-0.050  0.000 -1         0.00000  0
-0.050  0.025 -1         0.00000  0
-0.050  0.050 -1         0.00000  0
-0.050  0.075 -1         0.00000  0
-0.050  0.100 -1         0.00000  0
-0.050  0.125 -1         0.00000  0
-0.050  0.150 -1         0.00000  0
-0.050  0.175 -1         0.00000  0
-0.050  0.200 -1         0.00000  0
-0.050  0.225 -1         0.00000  0
-0.050  0.250 -1         0.00000  0
-0.050  0.275 -1         0.00000  0
-0.050  0.300 -1         0.00000  0
-0.050  0.325 -1         0.00000  0
-0.050  0.350 -1         0.00000  0
-0.050  0.375 -1         0.00000  0
-0.050  0.400 -1         0.00000  0
-0.050  0.425 -1         0.00000  0
-0.050  0.450 -1         0.00000  0
-0.050  0.475 -1         0.00000  0
-0.050  0.500 -1         0.00000  0
-0.050  0.525 -1         0.00000  0
-0.050  0.550 -1         0.00000  0
-0.050  0.575  1         0.00000  0
-0.050  0.600  1         0.00000  0
-0.025 -0.075 -1         0.00000  0
-0.025 -0.050 -1         0.00000  0
-0.025 -0.025  1         0.00000  0
-0.025  0.000  1         0.00000  0
-0.025  0.025  1         0.00000  0
-0.025  0.050  1         0.00000  0
-0.025  0.075  1         0.00000  0
-0.025  0.100  1         0.00000  0
-0.025  0.125  1         0.00000  0
-0.025  0.150  1         0.00000  0
-0.025  0.175  1         0.00000  0
-0.025  0.200  1         0.00000  0
-0.025  0.225  1         0.00000  0
-0.025  0.250  1         0.00000  0
-0.025  0.275  1         0.00000  0
-0.025  0.300  1         0.00000  0
-0.025  0.325  1         0.00000  0
-0.025  0.350  1         0.00000  0
-0.025  0.375  1         0.00000  0
-0.025  0.400  1         0.00000  0
-0.025  0.425  1         0.00000  0
-0.025  0.450  1         0.00000  0
-0.025  0.475  1         0.00000  0
-0.025  0.500  1         0.00000  0
-0.025  0.525  1         0.00000  0
-0.025  0.550  1         0.00000  0
-0.025  0.575  1         0.00000  0
-0.025  0.600  1         0.00000  0
 0.000 -0.075 -1         0.00000  0
 0.000 -0.050 -1         0.00000  0
 0.000 -0.025  1         0.00000  0
 0.000  0.000  1         0.00000  0
 0.000  0.025  1         0.00000  0
 0.000  0.050  1      1488.18436  0
 0.000  0.075  1         0.00000  0
 0.000  0.100  1         0.00000  0
 0.000  0.125  1         0.00000  0
 0.000  0.150  1         0.00000  0
 0.000  0.175  1         0.00000  0
 0.000  0.200  1         0.00000  0
 0.000  0.225  1         0.00000  0
 0.000  0.250  1         0.00000  0
 0.000  0.275  1         0.00000  0
 0.000  0.300  1         0.00000  0
 0.000  0.325  1         0.00000  0
 0.000  0.350  1         0.00000  0
 0.000  0.375  1         0.00000  0
 0.000  0.400  1         0.00000  0
 0.000  0.425  1         0.00000  0
 0.000  0.450  1         0.00000  0
 0.000  0.475  1         0.00000  0
 0.000  0.500  1         0.00000  0
 0.000  0.525  1         0.00000  0
 0.000  0.550  1         0.00000  0
 0.000  0.575  1         0.00000  0
 0.000  0.600  1         0.00000  0
 0.025 -0.075 -1         0.00000  0
 0.025 -0.050 -1         0.00000  0
 0.025 -0.025  1         0.00000  0
 0.025  0.000  1       522.90522  0
 0.104  0.025  0       319.08175  0
 0.434  0.023  0         0.00000  0
 0.186  0.023  0      1466.22838  0
 0.548  0.051  0         0.00000  0
 0.025  0.048  0         0.00000  0
 0.142  0.021  0      1800.82946  0
 0.026  0.023  0         0.00000  0
 0.405  0.026  0         0.00000  0
 0.211  0.028  0         0.00000  0
 0.208  0.054  0         0.00000  0
 0.245  0.041  0         0.00000  0
 0.062  0.057  0         0.00000  0
 0.064  0.018  0      1335.46146  0
 0.048  0.040  0         0.00000  0
 0.139  0.041  0         0.00000  0
 0.186  0.043  0         0.00000  0
 0.202  0.070  0         0.00000  0
 0.264  0.046  0         0.00000  0
 0.237  0.024  0       610.31761  0
 0.025  0.069  0         0.00000  0
 0.050 -0.075 -1         0.00000  0
 0.050 -0.050 -1         0.00000  0
 0.050 -0.025  1         0.00000  0
 0.050  0.000  1         8.20837  0
 0.268  0.021  0       482.36902  0
 0.491  0.046  0         0.00000  0
 0.581  0.067  0      1440.43515  0
 0.523  0.058  0         0.00000  0
 0.475  0.022  0      1449.48228  0
 0.397  0.046  0         0.00000  0
 0.452  0.052  0         0.00000  0
 0.556  0.076  0      1377.26226  0
 0.226  0.073  0         0.00000  0
 0.302  0.022  0        18.92935  0
 0.305  0.041  0       937.05370  0
 0.569  0.114  0         0.00000  0
 0.077  0.052  0         0.00000  0
 0.463  0.034  0         0.00000  0
 0.119  0.037  0         0.00000  0
 0.088  0.041  0         0.00000  0
 0.417  0.057  0         0.00000  0
 0.163  0.044  0         0.00000  0
 0.289  0.054  0         0.00000  0
 0.317  0.061  0         0.00000  0
 0.075 -0.075 -1         0.00000  0
 0.075 -0.050 -1         0.00000  0
 0.075 -0.025  1         0.00000  0
 0.075  0.000  1       117.69384  0
 0.521  0.027  0      3604.90394  0
 0.375  0.022  0         0.00000  0
 0.779  0.024  0       810.86493  0
 0.547  0.025  0       226.88764  0
 0.637  0.019  0      5187.50495  0
 0.589  0.030  0      6051.49409  0
 0.603  0.101  0      1490.38509  0
 0.509  0.039  0      3184.01136  0
 0.567  0.030  0      1394.16117  0
 0.559  0.237  0         0.00000  0
 0.608  0.031  0      5369.34037  0
 0.335  0.022  0       739.47000  0
 0.722  0.049  0         0.00000  0
 0.554  0.119  0         0.00000  0
 0.335  0.060  0         0.00000  0
 0.430  0.048  0         0.00000  0
 0.742  0.085  0      3748.08754  0
 0.350  0.033  0         0.00000  0
 0.750  0.059  0         0.00000  0
 0.380  0.053  0         0.00000  0
 0.100 -0.075 -1         0.00000  0
 0.100 -0.050 -1         0.00000  0
 0.100 -0.025  1         0.00000  0
 0.100  0.000  1         0.00000  0
 0.864  0.029  0      1492.25059  0
 0.845  0.149  0      2113.50070  0
 0.809  0.024  0      1340.91725  0
 0.754  0.025  0      2388.21385  0
 0.827  0.042  0         0.00000  0
 0.784  0.100  0      1143.90089  0
 0.885  0.165  0         0.00000  0
 0.897  0.144  0      1383.48409  0
 0.830  0.132  0         0.00000  0
 0.729  0.124  0         0.00000  0
 0.843  0.103  0       991.44671  0
 0.737  0.033  0      1061.98375  0
 0.794  0.041  0      2393.43864  0
 0.820  0.111  0      1544.63727  0
 0.799  0.112  0      3119.33041  0
 0.588  0.094  0         0.00000  0
 0.667  0.073  0      1191.57342  0
 0.543  0.077  0         0.00000  0
 0.764  0.074  0      2322.70377  0
 0.620  0.117  0         0.00000  0
 0.125 -0.075 -1         0.00000  0
 0.125 -0.050 -1         0.00000  0
 0.125 -0.025  1         0.00000  0
 0.125  0.000  1         0.00000  0
 0.842  0.067  0      1267.78991  0
 0.914  0.111  0       221.44933  0
 0.939  0.031  0      2194.36294  0
 0.856  0.050  0      3007.39824  0
 0.881  0.220  0      3973.02074  0
 0.963  0.096  0       595.62862  0
 0.960  0.022  0      2006.46313  0
 0.965  0.055  0       784.32814  0
 0.785  0.136  0      1273.32798  0
 0.917  0.026  0       931.53591  0
 0.904  0.048  0      1323.93007  0
 0.667  0.087  0         0.00000  0
 0.811  0.066  0      1646.39860  0
 0.877  0.095  0      2014.24990  0
 0.741  0.138  0      6231.92454  0
 0.598  0.148  0         0.00000  0
 0.756  0.105  0         0.00000  0
 0.675  0.023  0      3914.94890  0
 0.840  0.021  0      2493.18946  0
 0.714  0.080  0         0.00000  0
 0.150 -0.075 -1         0.00000  0
 0.150 -0.050 -1         0.00000  0
 0.150 -0.025  1         0.00000  0
 0.150  0.000  1         0.00000  0
 1.004  0.135  0      1345.57895  0
 0.865  0.080  0       628.35421  0
 0.981  0.068  0      1547.06966  0
 0.939  0.161  0       407.18838  0
 0.779  0.188  0         0.00000  0
 0.856  0.171  0      1510.70006  0
 0.980  0.033  0      1079.52010  0
 0.932  0.053  0      1061.45538  0
 0.917  0.166  0         0.00000  0
 0.908  0.095  0       722.99456  0
 0.895  0.070  0         0.00000  0
 0.769  0.130  0         0.00000  0
 0.855  0.126  0      1887.05711  0
 0.881  0.051  0      1851.45831  0
 0.771  0.167  0      1207.13205  0
 0.795  0.157  0      3681.43763  0
 0.665  0.142  0         0.00000  0
 0.709  0.146  0         0.00000  0
 0.777  0.056  0       724.45990  0
 0.796  0.078  0      1678.42619  0
 0.175 -0.075 -1         0.00000  0
 0.175 -0.050 -1         0.00000  0
 0.175 -0.025  1         0.00000  0
 0.175  0.000  1         0.00000  0
 0.998  0.182  0       938.73040  0
 0.999  0.103  0      1363.29972  0
 0.628  0.150  0         0.00000  0
 0.666  0.116  0         0.00000  0
 0.648  0.068  0      4378.49485  0
 0.978  0.225  0         0.00000  0
 0.794  0.197  0       511.49011  0
 0.963  0.165  0         0.00000  0
 0.948  0.075  0       970.16698  0
 0.823  0.226  0         0.00000  0
 0.888  0.192  0      1543.00045  0
 0.946  0.188  0      1929.49953  0
 0.979  0.137  0      1255.36922  0
 0.919  0.135  0       775.32268  0
 0.651  0.130  0      2125.49250  0
 0.870  0.188  0         0.00000  0
 0.959  0.134  0       271.49599  0
 0.879  0.138  0      1302.83958  0
 0.890  0.020  0      2049.93110  0
 0.878  0.115  0       463.41914  0
 0.200 -0.075 -1         0.00000  0
 0.200 -0.050 -1         0.00000  0
 0.200 -0.025  1         0.00000  0
 0.200  0.000  1         0.00000  0
 0.778  0.267  0         0.00000  0
 1.000  0.052  0       232.45948  0
 0.942  0.235  0         0.00000  0
 0.872  0.246  0         0.00000  0
 0.725  0.187  0         0.00000  0
 1.001  0.024  0      2090.76884  0
 0.591  0.055  0       646.25119  0
 0.902  0.211  0         0.00000  0
 0.734  0.177  0      4816.97672  0
 0.615  0.139  0         0.00000  0
 0.981  0.208  0       824.03967  0
 0.925  0.074  0      2326.45010  0
 0.981  0.112  0      1125.91413  0
 0.939  0.129  0      1225.59737  0
 0.642  0.052  0       795.60880  0
 0.976  0.180  0       812.34071  0
 0.998  0.160  0         0.00000  0
 0.922  0.188  0       802.02351  0
 0.837  0.208  0         0.00000  0
 0.833  0.168  0       586.51808  0
 0.225 -0.075 -1         0.00000  0
 0.225 -0.050 -1         0.00000  0
 0.225 -0.025  1         0.00000  0
 0.225  0.000  1         0.00000  0
 0.999  0.270  0         0.00000  0
 0.665  0.350  0         0.00000  0
 0.605  0.796  0         0.00000  0
 0.698  0.586  0         0.00000  0
 0.926  0.210  0         0.00000  0
 0.931  0.244  0         0.00000  0
 0.939  0.712  0         0.00000  0
 1.005  0.212  0       615.52184  0
 0.755  0.186  0         0.00000  0
 0.951  0.210  0         0.00000  0
 0.628  0.038  0      2947.20351  0
 0.727  0.096  0         0.00000  0
 0.996  0.245  0         0.00000  0
 0.834  0.256  0         0.00000  0
 0.599  0.186  0         0.00000  0
 0.804  0.170  0      3903.54655  0
 0.943  0.098  0      1032.61510  0
 0.621  0.085  0       688.64072  0
 0.832  0.189  0      1593.97875  0
 0.828  0.086  0      2075.48904  0
 0.250 -0.075 -1         0.00000  0
 0.250 -0.050 -1         0.00000  0
 0.250 -0.025  1         0.00000  0
 0.250  0.000  1      1310.08813  0
 0.834  1.003  0         0.00000  0
 0.889  1.077  0         0.00000  0
 0.768  0.658  0         0.00000  0
 0.682  0.036  0      3513.50360  0
 1.001  0.080  0      1076.12070  0
 0.681  0.797  0         0.00000  0
 0.699  0.045  0         0.00000  0
 0.855  1.065  0         0.00000  0
 0.747  0.230  0         0.00000  0
 0.659  0.155  0         0.00000  0
 0.734  0.153  0      4224.57786  0
 0.909  0.294  0         0.00000  0
 1.077  0.620  0         0.00000  0
 0.941  0.477  0         0.00000  0
 0.892  0.239  0         0.00000  0
 0.711  0.021  0      4069.66250  0
 0.800  0.241  0         0.00000  0
 0.634  0.095  0      4474.21293  0
 0.864  0.232  0         0.00000  0
 0.811  0.210  0         0.00000  0
 0.275 -0.075 -1         0.00000  0
 0.275 -0.050 -1         0.00000  0
 0.275 -0.025  1         0.00000  0
 0.275  0.000  1      1055.68247  0
 0.300 -0.075 -1         0.00000  0
 0.300 -0.050 -1         0.00000  0
 0.300 -0.025  1         0.00000  0
 0.300  0.000  1      1590.99713  0
 0.325 -0.075 -1         0.00000  0
 0.325 -0.050 -1         0.00000  0
 0.325 -0.025  1         0.00000  0
 0.325  0.000  1       993.26694  0
 0.350 -0.075 -1         0.00000  0
 0.350 -0.050 -1         0.00000  0
 0.350 -0.025  1         0.00000  0
 0.350  0.000  1        12.50191  0
 0.375 -0.075 -1         0.00000  0
 0.375 -0.050 -1         0.00000  0
 0.375 -0.025  1         0.00000  0
 0.375  0.000  1         0.00000  0
 0.400 -0.075 -1         0.00000  0
 0.400 -0.050 -1         0.00000  0
 0.400 -0.025  1         0.00000  0
 0.400  0.000  1         0.00000  0
 0.425 -0.075 -1         0.00000  0
 0.425 -0.050 -1         0.00000  0
 0.425 -0.025  1         0.00000  0
 0.425  0.000  1         0.00000  0
 0.450 -0.075 -1         0.00000  0
 0.450 -0.050 -1         0.00000  0
 0.450 -0.025  1         0.00000  0
 0.450  0.000  1         0.00000  0
 0.475 -0.075 -1         0.00000  0
 0.475 -0.050 -1         0.00000  0
 0.475 -0.025  1         0.00000  0
 0.475  0.000  1         0.00000  0
 0.500 -0.075 -1         0.00000  0
 0.500 -0.050 -1         0.00000  0
 0.500 -0.025  1         0.00000  0
 0.500  0.000  1         0.00000  0
 0.525 -0.075 -1         0.00000  0
 0.525 -0.050 -1         0.00000  0
 0.525 -0.025  1         0.00000  0
 0.525  0.000  1         0.00000  0
 0.550 -0.075 -1         0.00000  0
 0.550 -0.050 -1         0.00000  0
 0.550 -0.025  1         0.00000  0
 0.550  0.000  1         0.00000  0
 0.575 -0.075 -1         0.00000  0
 0.575 -0.050 -1         0.00000  0
 0.575 -0.025  1         0.00000  0
 0.575  0.000  1         0.00000  0
 0.600 -0.075 -1         0.00000  0
 0.600 -0.050 -1         0.00000  0
 0.600 -0.025  1         0.00000  0
 0.600  0.000  1         0.00000  0
 0.625 -0.075 -1         0.00000  0
 0.625 -0.050 -1         0.00000  0
 0.625 -0.025  1         0.00000  0
 0.625  0.000  1      3866.57335  0
 0.650 -0.075 -1         0.00000  0
 0.650 -0.050 -1         0.00000  0
 0.650 -0.025  1         0.00000  0
 0.650  0.000  1      2009.47009  0
 0.675 -0.075 -1         0.00000  0
 0.675 -0.050 -1         0.00000  0
 0.675 -0.025  1         0.00000  0
 0.675  0.000  1      3227.24688  0
 0.700 -0.075 -1         0.00000  0
 0.700 -0.050 -1         0.00000  0
 0.700 -0.025  1         0.00000  0
 0.700  0.000  1      3277.22725  0
 0.725 -0.075 -1         0.00000  0
 0.725 -0.050 -1         0.00000  0
 0.725 -0.025  1         0.00000  0
 0.725  0.000  1         0.00000  0
 0.750 -0.075 -1         0.00000  0
 0.750 -0.050 -1         0.00000  0
 0.750 -0.025  1         0.00000  0
 0.750  0.000  1      1075.45072  0
 0.775 -0.075 -1         0.00000  0
 0.775 -0.050 -1         0.00000  0
 0.775 -0.025  1         0.00000  0
 0.775  0.000  1      2531.41903  0
 0.800 -0.075 -1         0.00000  0
 0.800 -0.050 -1         0.00000  0
 0.800 -0.025  1         0.00000  0
 0.800  0.000  1      1515.83972  0
 0.825 -0.075 -1         0.00000  0
 0.825 -0.050 -1         0.00000  0
 0.825 -0.025  1         0.00000  0
 0.825  0.000  1      1417.58257  0
 0.850 -0.075 -1         0.00000  0
 0.850 -0.050 -1         0.00000  0
 0.850 -0.025  1         0.00000  0
 0.850  0.000  1      2217.91588  0
 0.875 -0.075 -1         0.00000  0
 0.875 -0.050 -1         0.00000  0
 0.875 -0.025  1         0.00000  0
 0.875  0.000  1      1145.35693  0
 0.900 -0.075 -1         0.00000  0
 0.900 -0.050 -1         0.00000  0
 0.900 -0.025  1         0.00000  0
 0.900  0.000  1      2773.85442  0
 0.925 -0.075 -1         0.00000  0
 0.925 -0.050 -1         0.00000  0
 0.925 -0.025  1         0.00000  0
 0.925  0.000  1         0.00000  0
 0.950 -0.075 -1         0.00000  0
 0.950 -0.050 -1         0.00000  0
 0.950 -0.025  1         0.00000  0
 0.950  0.000  1      1237.09826  0
 0.975 -0.075 -1         0.00000  0
 0.975 -0.050 -1         0.00000  0
 0.975 -0.025  1         0.00000  0
 0.975  0.000  1       341.15426  0
 1.000 -0.075 -1         0.00000  0
 1.000 -0.050 -1         0.00000  0
 1.000 -0.025  1         0.00000  0
 1.000  0.000  1       783.60624  0
 1.025 -0.075 -1         0.00000  0
 1.025 -0.050 -1         0.00000  0
 1.025 -0.025  1         0.00000  0
 1.025  0.000  1        54.01431  0
 1.025  0.025  1      1694.65631  0
 1.025  0.050  1       821.76310  0
 1.025  0.075  1      1422.82346  0
 1.025  0.100  1       187.67492  0
 1.025  0.125  1      1526.11448  0
 1.025  0.150  1        65.88155  0
 1.025  0.175  1         0.00000  0
 1.025  0.200  1       228.59869  0
 1.025  0.225  1         0.00000  0
 1.025  0.250  1         0.00000  0
 1.025  0.275  1         0.00000  0
 1.025  0.300  1         0.00000  0
 1.025  0.325  1         0.00000  0
 1.025  0.350  1         0.00000  0
 1.025  0.375  1         0.00000  0
 1.025  0.400  1         0.00000  0
 1.025  0.425  1         0.00000  0
 1.025  0.450  1         0.00000  0
 1.025  0.475  1         0.00000  0
 1.025  0.500  1         0.00000  0
 1.025  0.525  1         0.00000  0
 1.025  0.550  1         0.00000  0
 1.025  0.575  1         0.00000  0
 1.025  0.600  1         0.00000  0
 1.050 -0.075 -1         0.00000  0
 1.050 -0.050 -1         0.00000  0
 1.050 -0.025  1         0.00000  0
 1.050  0.000  1         0.00000  0
 1.050  0.025  1         0.00000  0
 1.050  0.050  1         0.00000  0
 1.050  0.075  1         0.00000  0
 1.050  0.100  1         0.00000  0
 1.050  0.125  1         0.00000  0
 1.050  0.150  1         0.00000  0
 1.050  0.175  1         0.00000  0
 1.050  0.200  1         0.00000  0
 1.050  0.225  1         0.00000  0
 1.050  0.250  1         0.00000  0
 1.050  0.275  1         0.00000  0
 1.050  0.300  1         0.00000  0
 1.050  0.325  1         0.00000  0
 1.050  0.350  1         0.00000  0
 1.050  0.375  1         0.00000  0
 1.050  0.400  1         0.00000  0
 1.050  0.425  1         0.00000  0
 1.050  0.450  1         0.00000  0
 1.050  0.475  1         0.00000  0
 1.050  0.500  1         0.00000  0
 1.050  0.525  1         0.00000  0
 1.050  0.550  1         0.00000  0
 1.050  0.575  1         0.00000  0
 1.050  0.600  1         0.00000  0
 1.075 -0.075 -1         0.00000  0
 1.075 -0.050 -1         0.00000  0
 1.075 -0.025 -1         0.00000  0
 1.075  0.000 -1         0.00000  0
 1.075  0.025 -1         0.00000  0
 1.075  0.050 -1         0.00000  0
 1.075  0.075 -1         0.00000  0
 1.075  0.100 -1         0.00000  0
 1.075  0.125 -1         0.00000  0
 1.075  0.150 -1         0.00000  0
 1.075  0.175 -1         0.00000  0
 1.075  0.200 -1         0.00000  0
 1.075  0.225 -1         0.00000  0
 1.075  0.250 -1         0.00000  0
 1.075  0.275 -1         0.00000  0
 1.075  0.300 -1         0.00000  0
 1.075  0.325 -1         0.00000  0
 1.075  0.350 -1         0.00000  0
 1.075  0.375 -1         0.00000  0
 1.075  0.400 -1         0.00000  0
 1.075  0.425 -1         0.00000  0
 1.075  0.450 -1         0.00000  0
 1.075  0.475 -1         0.00000  0
 1.075  0.500 -1         0.00000  0
 1.075  0.525 -1         0.00000  0
 1.075  0.550 -1         0.00000  0
 1.075  0.575  1         0.00000  0
 1.075  0.600  1         0.00000  0
 1.100 -0.075 -1         0.00000  0
 1.100 -0.050 -1         0.00000  0
 1.100 -0.025 -1         0.00000  0
 1.100  0.000 -1         0.00000  0
 1.100  0.025 -1         0.00000  0
 1.100  0.050 -1         0.00000  0
 1.100  0.075 -1         0.00000  0
 1.100  0.100 -1         0.00000  0
 1.100  0.125 -1         0.00000  0
 1.100  0.150 -1         0.00000  0
 1.100  0.175 -1         0.00000  0
 1.100  0.200 -1         0.00000  0
 1.100  0.225 -1         0.00000  0
 1.100  0.250 -1         0.00000  0
 1.100  0.275 -1         0.00000  0
 1.100  0.300 -1         0.00000  0
 1.100  0.325 -1         0.00000  0
 1.100  0.350 -1         0.00000  0
 1.100  0.375 -1         0.00000  0
 1.100  0.400 -1         0.00000  0
 1.100  0.425 -1         0.00000  0
 1.100  0.450 -1         0.00000  0
 1.100  0.475 -1         0.00000  0
 1.100  0.500 -1         0.00000  0
 1.100  0.525 -1         0.00000  0
 1.100  0.550 -1         0.00000  0
 1.100  0.575  1         0.00000  0
 1.100  0.600  1         0.00000  0
