-0.060 -0.060 -1         0.00000  0
-0.060 -0.040 -1         0.00000  0
-0.060 -0.020 -1         0.00000  0
-0.060  0.000 -1         0.00000  0
-0.060  0.020 -1         0.00000  0
-0.060  0.040 -1         0.00000  0
-0.060  0.060 -1         0.00000  0
-0.060  0.080 -1         0.00000  0
-0.060  0.100 -1         0.00000  0
-0.060  0.120 -1         0.00000  0
-0.060  0.140 -1         0.00000  0
-0.060  0.160 -1         0.00000  0
-0.060  0.180 -1         0.00000  0
-0.060  0.200 -1         0.00000  0
-0.060  0.220 -1         0.00000  0
-0.060  0.240 -1         0.00000  0
-0.060  0.260 -1         0.00000  0
-0.060  0.280 -1         0.00000  0
-0.060  0.300 -1         0.00000  0
-0.060  0.320 -1         0.00000  0
-0.060  0.340 -1         0.00000  0
-0.060  0.360 -1         0.00000  0
-0.060  0.380 -1         0.00000  0
-0.060  0.400 -1         0.00000  0
-0.060  0.420 -1         0.00000  0
-0.060  0.440 -1         0.00000  0
-0.060  0.460 -1         0.00000  0
-0.060  0.480 -1         0.00000  0
-0.060  0.500 -1         0.00000  0
-0.060  0.520 -1         0.00000  0
-0.060  0.540 -1         0.00000  0
-0.060  0.560 -1         0.00000  0
-0.060  0.580  1         0.00000  0
-0.060  0.600  1         0.00000  0
-0.040 -0.060 -1         0.00000  0
-0.040 -0.040 -1         0.00000  0
-0.040 -0.020 -1         0.00000  0
-0.040  0.000 -1         0.00000  0
-0.040  0.020 -1         0.00000  0
-0.040  0.040 -1         0.00000  0
-0.040  0.060 -1         0.00000  0
-0.040  0.080 -1         0.00000  0
-0.040  0.100 -1         0.00000  0
-0.040  0.120 -1         0.00000  0
-0.040  0.140 -1         0.00000  0
-0.040  0.160 -1         0.00000  0
-0.040  0.180 -1         0.00000  0
-0.040  0.200 -1         0.00000  0
-0.040  0.220 -1         0.00000  0
-0.040  0.240 -1         0.00000  0
-0.040  0.260 -1         0.00000  0
-0.040  0.280 -1         0.00000  0
-0.040  0.300 -1         0.00000  0
-0.040  0.320 -1         0.00000  0
-0.040  0.340 -1         0.00000  0
-0.040  0.360 -1         0.00000  0
-0.040  0.380 -1         0.00000  0
-0.040  0.400 -1         0.00000  0
-0.040  0.420 -1         0.00000  0
-0.040  0.440 -1         0.00000  0
-0.040  0.460 -1         0.00000  0
-0.040  0.480 -1         0.00000  0
-0.040  0.500 -1         0.00000  0
-0.040  0.520 -1         0.00000  0
-0.040  0.540 -1         0.00000  0
-0.040  0.560 -1         0.00000  0
-0.040  0.580  1         0.00000  0
-0.040  0.600  1         0.00000  0
-0.020 -0.060 -1         0.00000  0
-0.020 -0.040 -1         0.00000  0
-0.020 -0.020  1         0.00000  0
-0.020  0.000  1         0.00000  0
-0.020  0.020  1         0.00000  0
-0.020  0.040  1         0.00000  0
-0.020  0.060  1         0.00000  0
-0.020  0.080  1         0.00000  0
-0.020  0.100  1         0.00000  0
-0.020  0.120  1         0.00000  0
-0.020  0.140  1         0.00000  0
-0.020  0.160  1         0.00000  0
-0.020  0.180  1         0.00000  0
-0.020  0.200  1         0.00000  0
-0.020  0.220  1         0.00000  0
-0.020  0.240  1         0.00000  0
-0.020  0.260  1         0.00000  0
-0.020  0.280  1         0.00000  0
-0.020  0.300  1         0.00000  0
-0.020  0.320  1         0.00000  0
-0.020  0.340  1         0.00000  0
-0.020  0.360  1         0.00000  0
-0.020  0.380  1         0.00000  0
-0.020  0.400  1         0.00000  0
-0.020  0.420  1         0.00000  0
-0.020  0.440  1         0.00000  0
-0.020  0.460  1         0.00000  0
-0.020  0.480  1         0.00000  0
-0.020  0.500  1         0.00000  0
-0.020  0.520  1         0.00000  0
-0.020  0.540  1         0.00000  0
-0.020  0.560  1         0.00000  0
-0.020  0.580  1         0.00000  0
-0.020  0.600  1         0.00000  0
 0.000 -0.060 -1         0.00000  0
 0.000 -0.040 -1         0.00000  0
 0.000 -0.020  1         0.00000  0
 0.000  0.000  1         0.00000  0
 0.000  0.020  1      1511.21334  0
 0.000  0.040  1         0.00000  0
 0.000  0.060  1      1032.81319  0
 0.000  0.080  1         0.00000  0
 0.000  0.100  1         0.00000  0
 0.000  0.120  1         0.00000  0
 0.000  0.140  1         0.00000  0
 0.000  0.160  1         0.00000  0
 0.000  0.180  1         0.00000  0
 0.000  0.200  1         0.00000  0
 0.000  0.220  1         0.00000  0
 0.000  0.240  1         0.00000  0
 0.000  0.260  1         0.00000  0
 0.000  0.280  1         0.00000  0
 0.000  0.300  1         0.00000  0
 0.000  0.320  1         0.00000  0
 0.000  0.340  1         0.00000  0
 0.000  0.360  1         0.00000  0
 0.000  0.380  1         0.00000  0
 0.000  0.400  1         0.00000  0
 0.000  0.420  1         0.00000  0
 0.000  0.440  1         0.00000  0
 0.000  0.460  1         0.00000  0
 0.000  0.480  1         0.00000  0
 0.000  0.500  1         0.00000  0
 0.000  0.520  1         0.00000  0
 0.000  0.540  1         0.00000  0
 0.000  0.560  1         0.00000  0
 0.000  0.580  1         0.00000  0
 0.000  0.600  1         0.00000  0
 0.020 -0.060 -1         0.00000  0
 0.020 -0.040 -1         0.00000  0
 0.020 -0.020  1         0.00000  0
 0.020  0.000  1         0.00000  0
 0.340  0.019  0         0.00000  0
 0.106  0.071  0         0.00000  0
 0.142  0.074  0         0.00000  0
 0.360  0.108  0         0.00000  0
 0.140  0.117  0         0.00000  0
 0.075  0.139  0         0.00000  0
 0.335  0.116  0       703.89258  0
 0.529  0.071  0      2059.07084  0
 0.360  0.020  0         0.00000  0
 0.029  0.094  0         0.00000  0
 0.052  0.099  0         0.00000  0
 0.245  0.083  0         0.00000  0
 0.049  0.128  0       705.47296  0
 0.168  0.105  0         0.00000  0
 0.061  0.112  0         0.00000  0
 0.471  0.036  0       734.13343  0
 0.418  0.110  0         0.00000  0
 0.035  0.020  0       854.17710  0
 0.102  0.099  0         0.00000  0
 0.049  0.040  0         0.00000  0
 0.078  0.053  0       731.40230  0
 0.086  0.104  0         0.00000  0
 0.075  0.019  0      1278.57173  0
 0.192  0.139  0         0.00000  0
 0.305  0.049  0         0.00000  0
 0.040 -0.060 -1         0.00000  0
 0.040 -0.040 -1         0.00000  0
 0.040 -0.020  1         0.00000  0
 0.040  0.000  1       787.95713  0
 0.276  0.038  0      1372.34402  0
 0.198  0.087  0       969.12958  0
 0.242  0.139  0         0.00000  0
 0.352  0.052  0       543.59698  0
 0.018  0.106  0        93.05336  0
 0.212  0.075  0       406.58951  0
 0.384  0.037  0       740.84444  0
 0.244  0.123  0         0.00000  0
 0.303  0.123  0         0.00000  0
 0.180  0.037  0         0.00000  0
 0.171  0.140  0         0.00000  0
 0.088  0.133  0         0.00000  0
 0.598  0.083  0         0.00000  0
 0.275  0.105  0         0.00000  0
 0.430  0.030  0      1112.03981  0
 0.211  0.041  0         0.00000  0
 0.264  0.112  0         0.00000  0
 0.136  0.022  0      1382.88051  0
 0.217  0.018  0      1404.74417  0
 0.045  0.080  0         0.00000  0
 0.231  0.035  0         0.00000  0
 0.117  0.116  0         0.00000  0
 0.179  0.131  0         0.00000  0
 0.016  0.051  0       742.01878  0
 0.201  0.022  0      2037.70622  0
 0.060 -0.060 -1         0.00000  0
 0.060 -0.040 -1         0.00000  0
 0.060 -0.020  1         0.00000  0
 0.060  0.000  1       173.83697  0
 0.190  0.109  0         0.00000  0
 0.155  0.018  0      2556.45717  0
 0.269  0.015  0         0.00000  0
 0.386  0.088  0         0.00000  0
 0.444  0.018  0      1513.40958  0
 0.603  0.020  0       115.94707  0
 0.490  0.067  0      1949.46733  0
 0.945  0.143  0         0.00000  0
 0.519  0.046  0         0.00000  0
 0.061  0.065  0         0.00000  0
 0.150  0.104  0         0.00000  0
 0.209  0.111  0         0.00000  0
 0.293  0.116  0         0.00000  0
 0.621  0.105  0         0.00000  0
 0.284  0.086  0       736.79312  0
 0.250  0.102  0       278.04928  0
 0.216  0.094  0         0.00000  0
 0.233  0.114  0         0.00000  0
 0.302  0.086  0         0.00000  0
 0.018  0.022  0         0.00000  0
 0.034  0.046  0       698.11474  0
 0.121  0.064  0         0.00000  0
 0.215  0.144  0         0.00000  0
 0.098  0.019  0       666.37800  0
 0.277  0.071  0         0.00000  0
 0.080 -0.060 -1         0.00000  0
 0.080 -0.040 -1         0.00000  0
 0.080 -0.020  1         0.00000  0
 0.080  0.000  1      1298.99195  0
 0.656  0.082  0         0.00000  0
 0.467  0.131  0         0.00000  0
 0.119  0.088  0         0.00000  0
 0.069  0.080  0         0.00000  0
 0.666  0.127  0         0.00000  0
 0.502  0.128  0         0.00000  0
 0.484  0.046  0         0.00000  0
 0.736  0.062  0         0.00000  0
 0.612  0.037  0      1189.88820  0
 0.619  0.080  0         0.00000  0
 0.140  0.133  0         0.00000  0
 0.851  0.108  0         0.00000  0
 0.072  0.036  0         0.00000  0
 0.035  0.133  0         0.00000  0
 0.312  0.101  0         0.00000  0
 0.369  0.047  0         0.00000  0
 0.521  0.019  0      1303.55490  0
 0.724  0.048  0         0.00000  0
 0.123  0.135  0         0.00000  0
 0.864  0.104  0         0.00000  0
 0.176  0.057  0      1607.25733  0
 0.041  0.064  0       538.31965  0
 0.320  0.022  0      1150.83270  0
 0.416  0.050  0      2226.81627  0
 0.019  0.073  0         0.00000  0
 0.100 -0.060 -1         0.00000  0
 0.100 -0.040 -1         0.00000  0
 0.100 -0.020  1         0.00000  0
 0.100  0.000  1      3598.53871  0
 0.706  0.042  0        96.47335  0
 0.788  0.047  0         0.00000  0
 0.635  0.087  0         0.00000  0
 0.688  0.108  0       358.99208  0
 0.092  0.062  0         0.00000  0
 0.255  0.033  0      2075.87174  0
 0.558  0.089  0      2566.94681  0
 0.816  0.080  0        32.21998  0
 0.675  0.017  0         0.00000  0
 0.515  0.089  0      1533.88508  0
 0.290  0.034  0         0.00000  0
 0.162  0.034  0         0.68546  0
 0.785  0.062  0       161.07694  0
 0.452  0.085  0         0.00000  0
 0.488  0.019  0      1056.83746  0
 0.504  0.099  0       520.95462  0
 0.248  0.050  0         0.00000  0
 0.142  0.054  0      1681.18391  0
 0.542  0.022  0      1888.97731  0
 0.102  0.122  0         0.00000  0
 0.301  0.062  0         0.00000  0
 0.444  0.039  0      2299.35576  0
 0.465  0.019  0      2687.46718  0
 0.159  0.083  0         0.00000  0
 0.175  0.088  0         0.00000  0
 0.120 -0.060 -1         0.00000  0
 0.120 -0.040 -1         0.00000  0
 0.120 -0.020  1         0.00000  0
 0.120  0.000  1      1555.59628  0
 0.724  0.122  0         0.00000  0
 0.771  0.070  0         0.00000  0
 0.939  0.038  0         0.00000  0
 1.001  0.019  0       713.60169  0
 0.913  0.045  0         0.00000  0
 0.680  0.093  0         0.00000  0
 0.810  0.043  0         0.00000  0
 0.541  0.080  0         0.00000  0
 0.188  0.069  0       960.81231  0
 0.337  0.078  0       385.99422  0
 0.717  0.023  0         0.00000  0
 0.504  0.047  0         0.00000  0
 0.586  0.134  0         0.00000  0
 0.536  0.039  0        97.64715  0
 0.407  0.015  0       921.96591  0
 0.506  0.119  0         0.00000  0
 0.653  0.102  0         0.00000  0
 0.217  0.154  0         0.00000  0
 0.054  0.020  0      1998.22627  0
 0.118  0.020  0      2155.09819  0
 0.182  0.020  0      1325.96292  0
 0.344  0.040  0       745.42054  0
 0.437  0.074  0         0.00000  0
 0.405  0.087  0      2869.78850  0
 0.335  0.103  0      1025.69219  0
 0.140 -0.060 -1         0.00000  0
 0.140 -0.040 -1         0.00000  0
 0.140 -0.020  1         0.00000  0
 0.140  0.000  1         0.00000  0
 0.798  0.123  0         0.00000  0
 0.912  0.023  0         0.00000  0
 0.954  0.067  0         0.00000  0
 0.757  0.018  0         0.00000  0
 0.678  0.075  0         0.00000  0
 0.846  0.091  0         0.00000  0
 0.690  0.068  0         0.00000  0
 0.948  0.097  0         0.00000  0
 0.700  0.019  0       231.20947  0
 0.702  0.107  0         0.00000  0
 0.877  0.092  0         0.00000  0
 0.881  0.066  0         0.00000  0
 0.476  0.077  0      3052.55105  0
 0.387  0.065  0       518.15044  0
 0.625  0.018  0         0.00000  0
 0.755  0.052  0         0.00000  0
 0.732  0.111  0         0.00000  0
 0.635  0.061  0       457.37524  0
 0.578  0.085  0         0.00000  0
 0.707  0.095  0         0.00000  0
 0.396  0.100  0         0.00000  0
 0.260  0.079  0       875.58134  0
 0.534  0.105  0         0.00000  0
 0.212  0.128  0       140.56263  0
 0.317  0.077  0         0.00000  0
 0.160 -0.060 -1         0.00000  0
 0.160 -0.040 -1         0.00000  0
 0.160 -0.020  1         0.00000  0
 0.160  0.000  1      1794.28172  0
 0.159  0.055  0         0.00000  0
 0.886  0.036  0         0.00000  0
 0.432  0.123  0         0.00000  0
 0.744  0.088  0         0.00000  0
 0.849  0.049  0         0.00000  0
 0.757  0.117  0         0.00000  0
 0.902  0.075  0         0.00000  0
 0.551  0.117  0         0.00000  0
 0.987  0.065  0      1310.05526  0
 0.560  0.106  0         0.00000  0
 0.975  0.019  0      2512.64066  0
 0.793  0.099  0         0.00000  0
 0.239  0.066  0         0.00000  0
 0.583  0.018  0         0.00000  0
 0.978  0.051  0         0.00000  0
 0.988  0.033  0      1681.72682  0
 0.810  0.016  0        19.43124  0
 0.744  0.037  0       133.88302  0
 0.918  0.120  0         0.00000  0
 0.828  0.128  0         0.00000  0
 0.621  0.054  0         0.00000  0
 0.614  0.112  0         0.00000  0
 0.928  0.052  0         0.00000  0
 0.269  0.055  0         0.00000  0
 0.464  0.058  0         0.00000  0
 0.180 -0.060 -1         0.00000  0
 0.180 -0.040 -1         0.00000  0
 0.180 -0.020  1         0.00000  0
 0.180  0.000  1         0.00000  0
 0.371  0.071  0      1158.22933  0
 1.003  0.047  0      1285.00524  0
 0.921  0.071  0         0.00000  0
 0.652  0.064  0         0.00000  0
 0.969  0.093  0         0.00000  0
 0.800  0.083  0         0.00000  0
 0.671  0.054  0         0.00000  0
 0.903  0.117  0         0.00000  0
 0.511  0.070  0      1161.24815  0
 0.673  0.035  0      2338.48045  0
 0.302  0.017  0         0.00000  0
 0.964  0.036  0      1256.29522  0
 0.821  0.111  0         0.00000  0
 0.894  0.020  0      1877.79588  0
 0.377  0.018  0         0.00000  0
 0.243  0.020  0         0.00000  0
 0.652  0.039  0       360.38183  0
 0.809  0.127  0         0.00000  0
 0.094  0.150  0         0.00000  0
 0.921  0.092  0         0.00000  0
 0.735  0.020  0      1342.97010  0
 0.551  0.049  0      1676.22190  0
 0.940  0.117  0         0.00000  0
 0.580  0.110  0         0.00000  0
 0.673  0.117  0         0.00000  0
 0.200 -0.060 -1         0.00000  0
 0.200 -0.040 -1         0.00000  0
 0.200 -0.020  1         0.00000  0
 0.200  0.000  1       814.76570  0
 0.504  0.024  0      1962.17546  0
 0.776  0.089  0       606.18374  0
 1.002  0.072  0         0.00000  0
 0.830  0.043  0       679.73822  0
 0.832  0.067  0         0.00000  0
 0.873  0.047  0       315.74754  0
 0.969  0.078  0         0.00000  0
 0.434  0.110  0         0.00000  0
 0.351  0.080  0        57.36678  0
 0.422  0.084  0         0.00000  0
 0.710  0.066  0       120.24344  0
 0.573  0.070  0         0.00000  0
 0.324  0.126  0         0.00000  0
 0.830  0.026  0         0.00000  0
 0.952  0.019  0         0.00000  0
 0.716  0.078  0         0.00000  0
 0.930  0.019  0      1582.68289  0
 0.766  0.038  0         0.00000  0
 0.449  0.056  0      2626.53892  0
 0.642  0.110  0         0.00000  0
 0.745  0.117  0       317.26292  0
 0.850  0.068  0         0.00000  0
 0.454  0.099  0         0.00000  0
 0.691  0.041  0        68.89171  0
 0.565  0.038  0         0.00000  0
 0.220 -0.060 -1         0.00000  0
 0.220 -0.040 -1         0.00000  0
 0.220 -0.020  1         0.00000  0
 0.220  0.000  1      1783.45241  0
 0.557  0.065  0         0.00000  0
 1.003  0.099  0         0.00000  0
 0.471  0.120  0         0.00000  0
 0.783  0.116  0         0.00000  0
 0.952  0.051  0      1022.39057  0
 0.411  0.032  0       629.53638  0
 0.990  0.098  0         0.00000  0
 0.826  0.096  0         0.00000  0
 0.971  0.125  0         0.00000  0
 0.940  0.085  0         0.00000  0
 0.562  0.020  0      1340.55192  0
 0.871  0.018  0         0.00000  0
 0.223  0.060  0         0.00000  0
 0.982  0.116  0         0.00000  0
 0.489  0.088  0         0.00000  0
 0.747  0.075  0         0.00000  0
 0.952  0.118  0         0.00000  0
 0.794  0.028  0       713.93704  0
 0.637  0.034  0      2897.97652  0
 0.601  0.070  0        86.74965  0
 0.351  0.131  0         0.00000  0
 0.649  0.017  0         0.00000  0
 0.476  0.137  0         0.00000  0
 0.846  0.018  0      1146.82412  0
 0.868  0.076  0      1801.86150  0
 0.240 -0.060 -1         0.00000  0
 0.240 -0.040 -1         0.00000  0
 0.240 -0.020  1         0.00000  0
 0.240  0.000  1         0.00000  0
 0.472  0.100  0         0.00000  0
 0.778  0.023  0         0.00000  0
 0.132  0.041  0      1007.64540  0
 0.903  0.092  0         0.00000  0
 0.859  0.034  0       600.54862  0
 0.765  0.100  0      1611.26220  0
 0.597  0.047  0       990.26136  0
 0.898  0.055  0         0.00000  0
 0.883  0.111  0         0.00000  0
 0.111  0.044  0         0.00000  0
 0.084  0.089  0         0.00000  0
 0.323  0.039  0       514.04215  0
 0.329  0.059  0         0.00000  0
 0.422  0.065  0         0.00000  0
 0.034  0.114  0         0.00000  0
 0.530  0.119  0         0.00000  0
 0.395  0.050  0      1338.50093  0
 0.202  0.054  0      1245.89672  0
 0.061  0.140  0         0.00000  0
 0.366  0.090  0         0.00000  0
 0.814  0.061  0         0.00000  0
 0.095  0.038  0      1082.01573  0
 0.584  0.042  0       613.98468  0
 0.134  0.094  0      1364.27811  0
 0.377  0.132  0         0.00000  0
 0.260 -0.060 -1         0.00000  0
 0.260 -0.040 -1         0.00000  0
 0.260 -0.020  1         0.00000  0
 0.260  0.000  1      1783.27747  0
 0.280 -0.060 -1         0.00000  0
 0.280 -0.040 -1         0.00000  0
 0.280 -0.020  1         0.00000  0
 0.280  0.000  1         0.00000  0
 0.300 -0.060 -1         0.00000  0
 0.300 -0.040 -1         0.00000  0
 0.300 -0.020  1         0.00000  0
 0.300  0.000  1       676.40747  0
 0.320 -0.060 -1         0.00000  0
 0.320 -0.040 -1         0.00000  0
 0.320 -0.020  1         0.00000  0
 0.320  0.000  1         0.00000  0
 0.340 -0.060 -1         0.00000  0
 0.340 -0.040 -1         0.00000  0
 0.340 -0.020  1         0.00000  0
 0.340  0.000  1       337.23975  0
 0.360 -0.060 -1         0.00000  0
 0.360 -0.040 -1         0.00000  0
 0.360 -0.020  1         0.00000  0
 0.360  0.000  1      4067.63704  0
 0.380 -0.060 -1         0.00000  0
 0.380 -0.040 -1         0.00000  0
 0.380 -0.020  1         0.00000  0
 0.380  0.000  1      2411.66759  0
 0.400 -0.060 -1         0.00000  0
 0.400 -0.040 -1         0.00000  0
 0.400 -0.020  1         0.00000  0
 0.400  0.000  1      1706.74006  0
 0.420 -0.060 -1         0.00000  0
 0.420 -0.040 -1         0.00000  0
 0.420 -0.020  1         0.00000  0
 0.420  0.000  1         0.00000  0
 0.440 -0.060 -1         0.00000  0
 0.440 -0.040 -1         0.00000  0
 0.440 -0.020  1         0.00000  0
 0.440  0.000  1       522.27739  0
 0.460 -0.060 -1         0.00000  0
 0.460 -0.040 -1         0.00000  0
 0.460 -0.020  1         0.00000  0
 0.460  0.000  1      3810.53466  0
 0.480 -0.060 -1         0.00000  0
 0.480 -0.040 -1         0.00000  0
 0.480 -0.020  1         0.00000  0
 0.480  0.000  1      2859.24503  0
 0.500 -0.060 -1         0.00000  0
 0.500 -0.040 -1         0.00000  0
 0.500 -0.020  1         0.00000  0
 0.500  0.000  1         0.00000  0
 0.520 -0.060 -1         0.00000  0
 0.520 -0.040 -1         0.00000  0
 0.520 -0.020  1         0.00000  0
 0.520  0.000  1      1200.74947  0
 0.540 -0.060 -1         0.00000  0
 0.540 -0.040 -1         0.00000  0
 0.540 -0.020  1         0.00000  0
 0.540  0.000  1         0.00000  0
 0.560 -0.060 -1         0.00000  0
 0.560 -0.040 -1         0.00000  0
 0.560 -0.020  1         0.00000  0
 0.560  0.000  1         0.00000  0
 0.580 -0.060 -1         0.00000  0
 0.580 -0.040 -1         0.00000  0
 0.580 -0.020  1         0.00000  0
 0.580  0.000  1      2565.28512  0
 0.600 -0.060 -1         0.00000  0
 0.600 -0.040 -1         0.00000  0
 0.600 -0.020  1         0.00000  0
 0.600  0.000  1      1585.83089  0
 0.620 -0.060 -1         0.00000  0
 0.620 -0.040 -1         0.00000  0
 0.620 -0.020  1         0.00000  0
 0.620  0.000  1      2763.47517  0
 0.640 -0.060 -1         0.00000  0
 0.640 -0.040 -1         0.00000  0
 0.640 -0.020  1         0.00000  0
 0.640  0.000  1      2192.19495  0
 0.660 -0.060 -1         0.00000  0
 0.660 -0.040 -1         0.00000  0
 0.660 -0.020  1         0.00000  0
 0.660  0.000  1       723.57921  0
 0.680 -0.060 -1         0.00000  0
 0.680 -0.040 -1         0.00000  0
 0.680 -0.020  1         0.00000  0
 0.680  0.000  1      2842.71945  0
 0.700 -0.060 -1         0.00000  0
 0.700 -0.040 -1         0.00000  0
 0.700 -0.020  1         0.00000  0
 0.700  0.000  1         0.00000  0
 0.720 -0.060 -1         0.00000  0
 0.720 -0.040 -1         0.00000  0
 0.720 -0.020  1         0.00000  0
 0.720  0.000  1         0.00000  0
 0.740 -0.060 -1         0.00000  0
 0.740 -0.040 -1         0.00000  0
 0.740 -0.020  1         0.00000  0
 0.740  0.000  1       673.82282  0
 0.760 -0.060 -1         0.00000  0
 0.760 -0.040 -1         0.00000  0
 0.760 -0.020  1         0.00000  0
 0.760  0.000  1      1087.12013  0
 0.780 -0.060 -1         0.00000  0
 0.780 -0.040 -1         0.00000  0
 0.780 -0.020  1         0.00000  0
 0.780  0.000  1         0.00000  0
 0.800 -0.060 -1         0.00000  0
 0.800 -0.040 -1         0.00000  0
 0.800 -0.020  1         0.00000  0
 0.800  0.000  1         0.00000  0
 0.820 -0.060 -1         0.00000  0
 0.820 -0.040 -1         0.00000  0
 0.820 -0.020  1         0.00000  0
 0.820  0.000  1       188.86211  0
 0.840 -0.060 -1         0.00000  0
 0.840 -0.040 -1         0.00000  0
 0.840 -0.020  1         0.00000  0
 0.840  0.000  1       693.20955  0
 0.860 -0.060 -1         0.00000  0
 0.860 -0.040 -1         0.00000  0
 0.860 -0.020  1         0.00000  0
 0.860  0.000  1         0.00000  0
 0.880 -0.060 -1         0.00000  0
 0.880 -0.040 -1         0.00000  0
 0.880 -0.020  1         0.00000  0
 0.880  0.000  1       921.65105  0
 0.900 -0.060 -1         0.00000  0
 0.900 -0.040 -1         0.00000  0
 0.900 -0.020  1         0.00000  0
 0.900  0.000  1      1642.78518  0
 0.920 -0.060 -1         0.00000  0
 0.920 -0.040 -1         0.00000  0
 0.920 -0.020  1         0.00000  0
 0.920  0.000  1         0.00000  0
 0.940 -0.060 -1         0.00000  0
 0.940 -0.040 -1         0.00000  0
 0.940 -0.020  1         0.00000  0
 0.940  0.000  1       681.97055  0
 0.960 -0.060 -1         0.00000  0
 0.960 -0.040 -1         0.00000  0
 0.960 -0.020  1         0.00000  0
 0.960  0.000  1       864.41436  0
 0.980 -0.060 -1         0.00000  0
 0.980 -0.040 -1         0.00000  0
 0.980 -0.020  1         0.00000  0
 0.980  0.000  1      2563.01578  0
 1.000 -0.060 -1         0.00000  0
 1.000 -0.040 -1         0.00000  0
 1.000 -0.020  1         0.00000  0
 1.000  0.000  1      3439.24398  0
 1.020 -0.060 -1         0.00000  0
 1.020 -0.040 -1         0.00000  0
 1.020 -0.020  1         0.00000  0
 1.020  0.000  1       350.54634  0
 1.020  0.020  1      2208.45106  0
 1.020  0.040  1      1157.24036  0
 1.020  0.060  1         0.00000  0
 1.020  0.080  1       991.42722  0
 1.020  0.100  1         0.00000  0
 1.020  0.120  1         0.00000  0
 1.020  0.140  1         0.00000  0
 1.020  0.160  1         0.00000  0
 1.020  0.180  1         0.00000  0
 1.020  0.200  1         0.00000  0
 1.020  0.220  1         0.00000  0
 1.020  0.240  1         0.00000  0
 1.020  0.260  1         0.00000  0
 1.020  0.280  1         0.00000  0
 1.020  0.300  1         0.00000  0
 1.020  0.320  1         0.00000  0
 1.020  0.340  1         0.00000  0
 1.020  0.360  1         0.00000  0
 1.020  0.380  1         0.00000  0
 1.020  0.400  1         0.00000  0
 1.020  0.420  1         0.00000  0
 1.020  0.440  1         0.00000  0
 1.020  0.460  1         0.00000  0
 1.020  0.480  1         0.00000  0
 1.020  0.500  1         0.00000  0
 1.020  0.520  1         0.00000  0
 1.020  0.540  1         0.00000  0
 1.020  0.560  1         0.00000  0
 1.020  0.580  1         0.00000  0
 1.020  0.600  1         0.00000  0
 1.040 -0.060 -1         0.00000  0
 1.040 -0.040 -1         0.00000  0
 1.040 -0.020  1         0.00000  0
 1.040  0.000  1         0.00000  0
 1.040  0.020  1         0.00000  0
 1.040  0.040  1         0.00000  0
 1.040  0.060  1         0.00000  0
 1.040  0.080  1         0.00000  0
 1.040  0.100  1         0.00000  0
 1.040  0.120  1         0.00000  0
 1.040  0.140  1         0.00000  0
 1.040  0.160  1         0.00000  0
 1.040  0.180  1         0.00000  0
 1.040  0.200  1         0.00000  0
 1.040  0.220  1         0.00000  0
 1.040  0.240  1         0.00000  0
 1.040  0.260  1         0.00000  0
 1.040  0.280  1         0.00000  0
 1.040  0.300  1         0.00000  0
 1.040  0.320  1         0.00000  0
 1.040  0.340  1         0.00000  0
 1.040  0.360  1         0.00000  0
 1.040  0.380  1         0.00000  0
 1.040  0.400  1         0.00000  0
 1.040  0.420  1         0.00000  0
 1.040  0.440  1         0.00000  0
 1.040  0.460  1         0.00000  0
 1.040  0.480  1         0.00000  0
 1.040  0.500  1         0.00000  0
 1.040  0.520  1         0.00000  0
 1.040  0.540  1         0.00000  0
 1.040  0.560  1         0.00000  0
 1.040  0.580  1         0.00000  0
 1.040  0.600  1         0.00000  0
 1.060 -0.060 -1         0.00000  0
 1.060 -0.040 -1         0.00000  0
 1.060 -0.020 -1         0.00000  0
 1.060  0.000 -1         0.00000  0
 1.060  0.020 -1         0.00000  0
 1.060  0.040 -1         0.00000  0
 1.060  0.060 -1         0.00000  0
 1.060  0.080 -1         0.00000  0
 1.060  0.100 -1         0.00000  0
 1.060  0.120 -1         0.00000  0
 1.060  0.140 -1         0.00000  0
 1.060  0.160 -1         0.00000  0
 1.060  0.180 -1         0.00000  0
 1.060  0.200 -1         0.00000  0
 1.060  0.220 -1         0.00000  0
 1.060  0.240 -1         0.00000  0
 1.060  0.260 -1         0.00000  0
 1.060  0.280 -1         0.00000  0
 1.060  0.300 -1         0.00000  0
 1.060  0.320 -1         0.00000  0
 1.060  0.340 -1         0.00000  0
 1.060  0.360 -1         0.00000  0
 1.060  0.380 -1         0.00000  0
 1.060  0.400 -1         0.00000  0
 1.060  0.420 -1         0.00000  0
 1.060  0.440 -1         0.00000  0
 1.060  0.460 -1         0.00000  0
 1.060  0.480 -1         0.00000  0
 1.060  0.500 -1         0.00000  0
 1.060  0.520 -1         0.00000  0
 1.060  0.540 -1         0.00000  0
 1.060  0.560 -1         0.00000  0
 1.060  0.580  1         0.00000  0
 1.060  0.600  1         0.00000  0
 1.080 -0.060 -1         0.00000  0
 1.080 -0.040 -1         0.00000  0
 1.080 -0.020 -1         0.00000  0
 1.080  0.000 -1         0.00000  0
 1.080  0.020 -1         0.00000  0
 1.080  0.040 -1         0.00000  0
 1.080  0.060 -1         0.00000  0
 1.080  0.080 -1         0.00000  0
 1.080  0.100 -1         0.00000  0
 1.080  0.120 -1         0.00000  0
 1.080  0.140 -1         0.00000  0
 1.080  0.160 -1         0.00000  0
 1.080  0.180 -1         0.00000  0
 1.080  0.200 -1         0.00000  0
 1.080  0.220 -1         0.00000  0
 1.080  0.240 -1         0.00000  0
 1.080  0.260 -1         0.00000  0
 1.080  0.280 -1         0.00000  0
 1.080  0.300 -1         0.00000  0
 1.080  0.320 -1         0.00000  0
 1.080  0.340 -1         0.00000  0
 1.080  0.360 -1         0.00000  0
 1.080  0.380 -1         0.00000  0
 1.080  0.400 -1         0.00000  0
 1.080  0.420 -1         0.00000  0
 1.080  0.440 -1         0.00000  0
 1.080  0.460 -1         0.00000  0
 1.080  0.480 -1         0.00000  0
 1.080  0.500 -1         0.00000  0
 1.080  0.520 -1         0.00000  0
 1.080  0.540 -1         0.00000  0
 1.080  0.560 -1         0.00000  0
 1.080  0.580  1         0.00000  0
 1.080  0.600  1         0.00000  0
