-0.075 -0.075 -1         0.00000  0
-0.075 -0.050 -1         0.00000  0
-0.075 -0.025 -1         0.00000  0
-0.075  0.000 -1         0.00000  0
-0.075  0.025 -1         0.00000  0
-0.075  0.050 -1         0.00000  0
-0.075  0.075 -1         0.00000  0
-0.075  0.100 -1         0.00000  0
-0.075  0.125 -1         0.00000  0
-0.075  0.150 -1         0.00000  0
-0.075  0.175 -1         0.00000  0
-0.075  0.200 -1         0.00000  0
-0.075  0.225 -1         0.00000  0
-0.075  0.250 -1         0.00000  0
-0.075  0.275 -1         0.00000  0
-0.075  0.300 -1         0.00000  0
-0.075  0.325 -1         0.00000  0
-0.075  0.350 -1         0.00000  0
-0.075  0.375 -1         0.00000  0
-0.075  0.400 -1         0.00000  0
-0.075  0.425 -1         0.00000  0
-0.075  0.450 -1         0.00000  0
-0.075  0.475 -1         0.00000  0
-0.075  0.500 -1         0.00000  0
-0.075  0.525 -1         0.00000  0
-0.075  0.550 -1         0.00000  0
-0.075  0.575  1         0.00000  0
-0.075  0.600  1         0.00000  0
-0.050 -0.075 -1         0.00000  0
-0.050 -0.050 -1         0.00000  0
-0.050 -0.025 -1         0.00000  0
-0.050  0.000 -1         0.00000  0
-0.050  0.025 -1         0.00000  0
-0.050  0.050 -1         0.00000  0
-0.050  0.075 -1         0.00000  0
-0.050  0.100 -1         0.00000  0
-0.050  0.125 -1         0.00000  0
-0.050  0.150 -1         0.00000  0
-0.050  0.175 -1         0.00000  0
-0.050  0.200 -1         0.00000  0
-0.050  0.225 -1         0.00000  0
-0.050  0.250 -1         0.00000  0
-0.050  0.275 -1         0.00000  0
-0.050  0.300 -1         0.00000  0
-0.050  0.325 -1         0.00000  0
-0.050  0.350 -1         0.00000  0
-0.050  0.375 -1         0.00000  0
-0.050  0.400 -1         0.00000  0
-0.050  0.425 -1         0.00000  0
-0.050  0.450 -1         0.00000  0
-0.050  0.475 -1         0.00000  0
-0.050  0.500 -1         0.00000  0
-0.050  0.525 -1         0.00000  0
-0.050  0.550 -1         0.00000  0
-0.050  0.575  1         0.00000  0
-0.050  0.600  1         0.00000  0
-0.025 -0.075 -1         0.00000  0
-0.025 -0.050 -1         0.00000  0
-0.025 -0.025  1         0.00000  0
-0.025  0.000  1         0.00000  0
-0.025  0.025  1         0.00000  0
-0.025  0.050  1         0.00000  0
-0.025  0.075  1         0.00000  0
-0.025  0.100  1         0.00000  0
-0.025  0.125  1         0.00000  0
-0.025  0.150  1         0.00000  0
-0.025  0.175  1         0.00000  0
-0.025  0.200  1         0.00000  0
-0.025  0.225  1         0.00000  0
-0.025  0.250  1         0.00000  0
-0.025  0.275  1         0.00000  0
-0.025  0.300  1         0.00000  0
-0.025  0.325  1         0.00000  0
-0.025  0.350  1         0.00000  0
-0.025  0.375  1         0.00000  0
-0.025  0.400  1         0.00000  0
-0.025  0.425  1         0.00000  0
-0.025  0.450  1         0.00000  0
-0.025  0.475  1         0.00000  0
-0.025  0.500  1         0.00000  0
-0.025  0.525  1         0.00000  0
-0.025  0.550  1         0.00000  0
-0.025  0.575  1         0.00000  0
-0.025  0.600  1         0.00000  0
 0.000 -0.075 -1         0.00000  0
 0.000 -0.050 -1         0.00000  0
 0.000 -0.025  1         0.00000  0
 0.000  0.000  1         0.00000  0
 0.000  0.025  1         0.00000  0
 0.000  0.050  1       581.32062  0
 0.000  0.075  1         0.00000  0
 0.000  0.100  1         0.00000  0
 0.000  0.125  1         0.00000  0
 0.000  0.150  1         0.00000  0
 0.000  0.175  1         0.00000  0
 0.000  0.200  1         0.00000  0
 0.000  0.225  1         0.00000  0
 0.000  0.250  1         0.00000  0
 0.000  0.275  1         0.00000  0
 0.000  0.300  1         0.00000  0
 0.000  0.325  1         0.00000  0
 0.000  0.350  1         0.00000  0
 0.000  0.375  1         0.00000  0
 0.000  0.400  1         0.00000  0
 0.000  0.425  1         0.00000  0
 0.000  0.450  1         0.00000  0
 0.000  0.475  1         0.00000  0
 0.000  0.500  1         0.00000  0
 0.000  0.525  1         0.00000  0
 0.000  0.550  1         0.00000  0
 0.000  0.575  1         0.00000  0
 0.000  0.600  1         0.00000  0
 0.025 -0.075 -1         0.00000  0
 0.025 -0.050 -1         0.00000  0
 0.025 -0.025  1         0.00000  0
 0.025  0.000  1       403.34621  0
 0.087  0.021  0       221.25840  0
 0.363  0.025  0       944.62882  0
 0.139  0.021  0         0.00000  0
 0.429  0.074  0         0.00000  0
 0.025  0.045  0       941.95993  0
 0.118  0.026  0         0.00000  0
 0.036  0.020  0         0.00000  0
 0.335  0.023  0         0.00000  0
 0.177  0.020  0       667.85790  0
 0.144  0.052  0         0.00000  0
 0.178  0.067  0         0.00000  0
 0.061  0.059  0         0.00000  0
 0.058  0.029  0       147.54445  0
 0.046  0.067  0         0.00000  0
 0.100  0.074  0         0.00000  0
 0.119  0.076  0         0.00000  0
 0.161  0.060  0         0.00000  0
 0.205  0.058  0       351.00599  0
 0.208  0.038  0       501.77097  0
 0.023  0.063  0         0.00000  0
 0.050 -0.075 -1         0.00000  0
 0.050 -0.050 -1         0.00000  0
 0.050 -0.025  1         0.00000  0
 0.050  0.000  1      1467.95202  0
 0.218  0.020  0         0.00000  0
 0.391  0.057  0         0.00000  0
 0.466  0.048  0         0.00000  0
 0.426  0.041  0         0.00000  0
 0.386  0.022  0       126.60026  0
 0.314  0.054  0         0.00000  0
 0.376  0.070  0         0.00000  0
 0.443  0.058  0         0.00000  0
 0.178  0.039  0       549.73030  0
 0.254  0.023  0       866.35263  0
 0.247  0.043  0       440.02894  0
 0.512  0.041  0         0.00000  0
 0.076  0.043  0       391.33160  0
 0.366  0.053  0         0.00000  0
 0.102  0.045  0         0.00000  0
 0.085  0.081  0         0.00000  0
 0.338  0.043  0         0.00000  0
 0.126  0.058  0       620.23961  0
 0.217  0.068  0         0.00000  0
 0.247  0.071  0         0.00000  0
 0.075 -0.075 -1         0.00000  0
 0.075 -0.050 -1         0.00000  0
 0.075 -0.025  1         0.00000  0
 0.075  0.000  1       929.22395  0
 0.406  0.032  0         0.00000  0
 0.301  0.021  0         0.00000  0
 0.717  0.024  0      1362.83280  0
 0.439  0.021  0         0.00000  0
 0.574  0.023  0       323.73551  0
 0.491  0.024  0         0.00000  0
 0.533  0.064  0         0.00000  0
 0.414  0.067  0         0.00000  0
 0.470  0.026  0         0.00000  0
 0.516  0.085  0         0.00000  0
 0.518  0.024  0         0.00000  0
 0.278  0.030  0      1381.04294  0
 0.601  0.027  0       376.06662  0
 0.475  0.085  0         0.00000  0
 0.302  0.064  0         0.00000  0
 0.346  0.066  0         0.00000  0
 0.609  0.052  0         0.00000  0
 0.260  0.055  0         0.00000  0
 0.576  0.063  0         0.00000  0
 0.294  0.047  0         0.00000  0
 0.100 -0.075 -1         0.00000  0
 0.100 -0.050 -1         0.00000  0
 0.100 -0.025  1         0.00000  0
 0.100  0.000  1       921.22451  0
 0.847  0.030  0      2801.34273  0
 0.840  0.067  0       173.14341  0
 0.802  0.023  0       806.33301  0
 0.668  0.022  0       824.55125  0
 0.745  0.020  0         0.00000  0
 0.695  0.031  0         0.00000  0
 0.833  0.094  0      1430.16125  0
 0.864  0.133  0         0.00000  0
 0.807  0.067  0       521.92974  0
 0.718  0.080  0         0.00000  1
 0.917  0.097  0       505.21518  0
 0.625  0.021  0         0.00000  0
 0.770  0.024  0         0.00000  0
 0.752  0.069  0         0.00000  0
 0.716  0.045  0         0.00000  0
 0.545  0.037  0       299.47200  0
 0.656  0.054  0         0.00000  0
 0.479  0.063  0         0.00000  0
 0.640  0.039  0         0.00000  0
 0.513  0.073  0         0.00000  0
 0.125 -0.075 -1         0.00000  0
 0.125 -0.050 -1         0.00000  0
 0.125 -0.025  1         0.00000  0
 0.125  0.000  1      1148.82668  0
 0.898  0.051  0         0.00000  0
 0.921  0.126  0         0.00000  0
 0.918  0.024  0      3770.92068  0
 0.827  0.027  0       922.97153  0
 0.935  0.201  0         0.00000  0
 0.967  0.111  0      2201.23985  0
 0.965  0.024  0      3378.82884  0
 0.957  0.050  0      2319.57185  0
 0.846  0.173  0         0.00000  0
 0.868  0.023  0      1096.20777  0
 0.894  0.024  0      1685.73199  0
 0.890  0.151  0         0.00000  0
 0.791  0.042  0      1148.15323  0
 0.880  0.097  0       306.43832  0
 0.775  0.071  0         0.00000  0
 0.555  0.048  0         0.00000  0
 0.717  0.068  0       520.65769  1
 0.583  0.043  0      1364.01253  0
 0.739  0.054  0         0.00000  0
 0.670  0.067  0         0.00000  0
 0.150 -0.075 -1         0.00000  0
 0.150 -0.050 -1         0.00000  0
 0.150 -0.025  1         0.00000  0
 0.150  0.000  1         0.00000  0
 1.002  0.160  0      1878.87390  0
 0.918  0.075  0      1728.20378  0
 0.971  0.066  0      2228.48564  0
 0.972  0.218  0       285.73225  0
 0.869  0.283  0         0.00000  0
 0.926  0.181  0         0.00000  0
 0.985  0.039  0      1017.62881  0
 0.943  0.028  0      1326.51063  0
 0.952  0.204  0      1050.95418  0
 0.940  0.096  0      4444.52085  0
 0.917  0.047  0      2246.19700  0
 0.879  0.194  0         0.00000  0
 0.893  0.089  0      1633.05045  0
 0.823  0.055  0       500.35427  0
 0.846  0.106  0         0.00000  0
 0.809  0.096  0         0.00000  0
 0.825  0.132  0         0.00000  0
 0.792  0.089  0         0.00000  0
 0.671  0.043  0      1856.31306  0
 0.771  0.052  0      2353.50858  0
 0.175 -0.075 -1         0.00000  0
 0.175 -0.050 -1         0.00000  0
 0.175 -0.025  1         0.00000  0
 0.175  0.000  1      1536.68425  0
 0.991  0.214  0      1358.93551  0
 1.004  0.121  0      2670.72681  0
 0.859  0.256  0         0.00000  0
 0.878  0.256  0         0.00000  0
 0.841  0.218  0         0.00000  0
 0.997  0.310  0         0.00000  0
 0.897  0.292  0         0.00000  0
 0.970  0.172  0      1096.77219  0
 0.963  0.087  0      2391.42315  0
 0.915  0.241  0         0.00000  0
 0.968  0.265  0       351.23570  0
 0.995  0.236  0       406.59560  0
 0.986  0.148  0      2534.84217  0
 0.948  0.163  0        83.75660  0
 0.871  0.218  0         0.00000  0
 0.917  0.152  0      2167.98989  0
 0.947  0.146  0       668.27686  0
 0.861  0.089  0      2678.45558  0
 0.862  0.051  0         0.00000  0
 0.903  0.139  0       671.99110  0
 0.200 -0.075 -1         0.00000  0
 0.200 -0.050 -1         0.00000  0
 0.200 -0.025  1         0.00000  0
 0.200  0.000  1       812.76479  0
 0.912  0.290  0         0.00000  0
 1.004  0.057  0      2051.48242  0
 0.969  0.312  0         0.00000  0
 0.935  0.366  0         0.00000  0
 0.937  0.286  0         0.00000  0
 0.999  0.022  0      1078.71283  0
 0.778  0.223  0         0.00000  0
 0.962  0.422  0         0.00000  0
 0.849  0.321  0         0.00000  0
 0.765  0.154  0         0.00000  0
 1.004  0.252  0      2170.15543  0
 0.940  0.067  0       824.92147  0
 0.993  0.099  0      2248.65690  0
 0.978  0.129  0      1908.42710  0
 0.854  0.230  0         0.00000  0
 0.978  0.189  0      1221.73466  0
 1.005  0.189  0      2434.21270  0
 0.951  0.238  0       217.41154  0
 0.936  0.233  0         0.00000  0
 0.898  0.176  0         0.00000  0
 0.225 -0.075 -1         0.00000  0
 0.225 -0.050 -1         0.00000  0
 0.225 -0.025  1         0.00000  0
 0.225  0.000  1      1688.81288  0
 1.000  0.402  0         0.00000  0
 0.767  0.595  0         0.00000  0
 0.712  0.963  0         0.00000  0
 0.775  0.801  0         0.00000  0
 0.950  0.388  0         0.00000  0
 0.948  0.324  0         0.00000  0
 0.964  0.873  0         0.00000  0
 0.993  0.293  0       915.83304  0
 0.878  0.307  0         0.00000  0
 0.987  0.274  0         0.00000  0
 0.726  0.180  0         0.00000  0
 0.838  0.260  0         0.00000  0
 1.002  0.389  0         0.00000  0
 0.944  0.305  0      1419.63633  0
 0.737  0.251  0         0.00000  0
 0.887  0.241  0         0.00000  0
 0.943  0.120  0      1771.44029  0
 0.763  0.231  0         0.00000  0
 0.898  0.200  0       641.42706  0
 0.873  0.066  0      1191.85035  0
 0.250 -0.075 -1         0.00000  0
 0.250 -0.050 -1         0.00000  0
 0.250 -0.025  1         0.00000  0
 0.250  0.000  1       940.82416  0
 0.880  1.107  0         0.00000  0
 0.907  1.134  0         0.00000  1
 0.827  0.860  0         0.00000  0
 0.795  0.277  0         0.00000  0
 0.998  0.079  0      1758.58523  0
 0.781  0.973  0         0.00000  0
 0.765  0.260  0         0.00000  0
 0.903  1.122  0         0.00000  1
 0.857  0.500  0         0.00000  0
 0.841  0.340  0         0.00000  0
 0.821  0.399  0         0.00000  0
 0.991  0.332  0         0.00000  0
 1.036  0.753  0         0.00000  0
 0.961  0.673  0         0.00000  0
 0.917  0.510  0         0.00000  0
 0.718  0.191  0         0.00000  0
 0.933  0.323  0         0.00000  0
 0.812  0.253  0         0.00000  0
 0.953  0.261  0         0.00000  0
 0.902  0.219  0         0.00000  0
 0.275 -0.075 -1         0.00000  0
 0.275 -0.050 -1         0.00000  0
 0.275 -0.025  1         0.00000  0
 0.275  0.000  1         0.00000  0
 0.300 -0.075 -1         0.00000  0
 0.300 -0.050 -1         0.00000  0
 0.300 -0.025  1         0.00000  0
 0.300  0.000  1       678.65134  0
 0.325 -0.075 -1         0.00000  0
 0.325 -0.050 -1         0.00000  0
 0.325 -0.025  1         0.00000  0
 0.325  0.000  1         0.00000  0
 0.350 -0.075 -1         0.00000  0
 0.350 -0.050 -1         0.00000  0
 0.350 -0.025  1         0.00000  0
 0.350  0.000  1        24.11503  0
 0.375 -0.075 -1         0.00000  0
 0.375 -0.050 -1         0.00000  0
 0.375 -0.025  1         0.00000  0
 0.375  0.000  1      1444.19662  0
 0.400 -0.075 -1         0.00000  0
 0.400 -0.050 -1         0.00000  0
 0.400 -0.025  1         0.00000  0
 0.400  0.000  1         0.00000  0
 0.425 -0.075 -1         0.00000  0
 0.425 -0.050 -1         0.00000  0
 0.425 -0.025  1         0.00000  0
 0.425  0.000  1         0.00000  0
 0.450 -0.075 -1         0.00000  0
 0.450 -0.050 -1         0.00000  0
 0.450 -0.025  1         0.00000  0
 0.450  0.000  1         0.00000  0
 0.475 -0.075 -1         0.00000  0
 0.475 -0.050 -1         0.00000  0
 0.475 -0.025  1         0.00000  0
 0.475  0.000  1      1143.40810  0
 0.500 -0.075 -1         0.00000  0
 0.500 -0.050 -1         0.00000  0
 0.500 -0.025  1         0.00000  0
 0.500  0.000  1      2558.62787  0
 0.525 -0.075 -1         0.00000  0
 0.525 -0.050 -1         0.00000  0
 0.525 -0.025  1         0.00000  0
 0.525  0.000  1         0.00000  0
 0.550 -0.075 -1         0.00000  0
 0.550 -0.050 -1         0.00000  0
 0.550 -0.025  1         0.00000  0
 0.550  0.000  1         0.00000  0
 0.575 -0.075 -1         0.00000  0
 0.575 -0.050 -1         0.00000  0
 0.575 -0.025  1         0.00000  0
 0.575  0.000  1         0.00000  0
 0.600 -0.075 -1         0.00000  0
 0.600 -0.050 -1         0.00000  0
 0.600 -0.025  1         0.00000  0
 0.600  0.000  1        58.90633  0
 0.625 -0.075 -1         0.00000  0
 0.625 -0.050 -1         0.00000  0
 0.625 -0.025  1         0.00000  0
 0.625  0.000  1      1223.11977  0
 0.650 -0.075 -1         0.00000  0
 0.650 -0.050 -1         0.00000  0
 0.650 -0.025  1         0.00000  0
 0.650  0.000  1         0.00000  0
 0.675 -0.075 -1         0.00000  0
 0.675 -0.050 -1         0.00000  0
 0.675 -0.025  1         0.00000  0
 0.675  0.000  1         0.00000  0
 0.700 -0.075 -1         0.00000  0
 0.700 -0.050 -1         0.00000  0
 0.700 -0.025  1         0.00000  0
 0.700  0.000  1         0.00000  0
 0.725 -0.075 -1         0.00000  0
 0.725 -0.050 -1         0.00000  0
 0.725 -0.025  1         0.00000  0
 0.725  0.000  1      2296.94640  0
 0.750 -0.075 -1         0.00000  0
 0.750 -0.050 -1         0.00000  0
 0.750 -0.025  1         0.00000  0
 0.750  0.000  1      4514.63631  0
 0.775 -0.075 -1         0.00000  0
 0.775 -0.050 -1         0.00000  0
 0.775 -0.025  1         0.00000  0
 0.775  0.000  1      1519.00782  0
 0.800 -0.075 -1         0.00000  0
 0.800 -0.050 -1         0.00000  0
 0.800 -0.025  1         0.00000  0
 0.800  0.000  1      1146.34121  0
 0.825 -0.075 -1         0.00000  0
 0.825 -0.050 -1         0.00000  0
 0.825 -0.025  1         0.00000  0
 0.825  0.000  1         0.00000  0
 0.850 -0.075 -1         0.00000  0
 0.850 -0.050 -1         0.00000  0
 0.850 -0.025  1         0.00000  0
 0.850  0.000  1         0.00000  0
 0.875 -0.075 -1         0.00000  0
 0.875 -0.050 -1         0.00000  0
 0.875 -0.025  1         0.00000  0
 0.875  0.000  1      1684.26110  0
 0.900 -0.075 -1         0.00000  0
 0.900 -0.050 -1         0.00000  0
 0.900 -0.025  1         0.00000  0
 0.900  0.000  1      2157.22582  0
 0.925 -0.075 -1         0.00000  0
 0.925 -0.050 -1         0.00000  0
 0.925 -0.025  1         0.00000  0
 0.925  0.000  1      1480.30182  0
 0.950 -0.075 -1         0.00000  0
 0.950 -0.050 -1         0.00000  0
 0.950 -0.025  1         0.00000  0
 0.950  0.000  1         0.00000  0
 0.975 -0.075 -1         0.00000  0
 0.975 -0.050 -1         0.00000  0
 0.975 -0.025  1         0.00000  0
 0.975  0.000  1      1078.11595  0
 1.000 -0.075 -1         0.00000  0
 1.000 -0.050 -1         0.00000  0
 1.000 -0.025  1         0.00000  0
 1.000  0.000  1      3010.80880  0
 1.025 -0.075 -1         0.00000  0
 1.025 -0.050 -1         0.00000  0
 1.025 -0.025  1         0.00000  0
 1.025  0.000  1       345.80166  0
 1.025  0.025  1       507.25127  0
 1.025  0.050  1      2713.00475  0
 1.025  0.075  1       953.65574  0
 1.025  0.100  1       176.74792  0
 1.025  0.125  1      2765.55417  0
 1.025  0.150  1      1125.27890  0
 1.025  0.175  1      2904.94109  0
 1.025  0.200  1       862.94692  0
 1.025  0.225  1         0.00000  0
 1.025  0.250  1      1619.47962  0
 1.025  0.275  1         0.00000  0
 1.025  0.300  1         0.00000  0
 1.025  0.325  1         0.00000  0
 1.025  0.350  1         0.00000  0
 1.025  0.375  1         0.00000  0
 1.025  0.400  1         0.00000  0
 1.025  0.425  1         0.00000  0
 1.025  0.450  1         0.00000  0
 1.025  0.475  1         0.00000  0
 1.025  0.500  1         0.00000  0
 1.025  0.525  1         0.00000  0
 1.025  0.550  1         0.00000  0
 1.025  0.575  1         0.00000  0
 1.025  0.600  1         0.00000  0
 1.050 -0.075 -1         0.00000  0
 1.050 -0.050 -1         0.00000  0
 1.050 -0.025  1         0.00000  0
 1.050  0.000  1         0.00000  0
 1.050  0.025  1         0.00000  0
 1.050  0.050  1         0.00000  0
 1.050  0.075  1         0.00000  0
 1.050  0.100  1         0.00000  0
 1.050  0.125  1         0.00000  0
 1.050  0.150  1         0.00000  0
 1.050  0.175  1         0.00000  0
 1.050  0.200  1         0.00000  0
 1.050  0.225  1         0.00000  0
 1.050  0.250  1         0.00000  0
 1.050  0.275  1         0.00000  0
 1.050  0.300  1         0.00000  0
 1.050  0.325  1         0.00000  0
 1.050  0.350  1         0.00000  0
 1.050  0.375  1         0.00000  0
 1.050  0.400  1         0.00000  0
 1.050  0.425  1         0.00000  0
 1.050  0.450  1         0.00000  0
 1.050  0.475  1         0.00000  0
 1.050  0.500  1         0.00000  0
 1.050  0.525  1         0.00000  0
 1.050  0.550  1         0.00000  0
 1.050  0.575  1         0.00000  0
 1.050  0.600  1         0.00000  0
 1.075 -0.075 -1         0.00000  0
 1.075 -0.050 -1         0.00000  0
 1.075 -0.025 -1         0.00000  0
 1.075  0.000 -1         0.00000  0
 1.075  0.025 -1         0.00000  0
 1.075  0.050 -1         0.00000  0
 1.075  0.075 -1         0.00000  0
 1.075  0.100 -1         0.00000  0
 1.075  0.125 -1         0.00000  0
 1.075  0.150 -1         0.00000  0
 1.075  0.175 -1         0.00000  0
 1.075  0.200 -1         0.00000  0
 1.075  0.225 -1         0.00000  0
 1.075  0.250 -1         0.00000  0
 1.075  0.275 -1         0.00000  0
 1.075  0.300 -1         0.00000  0
 1.075  0.325 -1         0.00000  0
 1.075  0.350 -1         0.00000  0
 1.075  0.375 -1         0.00000  0
 1.075  0.400 -1         0.00000  0
 1.075  0.425 -1         0.00000  0
 1.075  0.450 -1         0.00000  0
 1.075  0.475 -1         0.00000  0
 1.075  0.500 -1         0.00000  0
 1.075  0.525 -1         0.00000  0
 1.075  0.550 -1         0.00000  0
 1.075  0.575  1         0.00000  0
 1.075  0.600  1         0.00000  0
 1.100 -0.075 -1         0.00000  0
 1.100 -0.050 -1         0.00000  0
 1.100 -0.025 -1         0.00000  0
 1.100  0.000 -1         0.00000  0
 1.100  0.025 -1         0.00000  0
 1.100  0.050 -1         0.00000  0
 1.100  0.075 -1         0.00000  0
 1.100  0.100 -1         0.00000  0
 1.100  0.125 -1         0.00000  0
 1.100  0.150 -1         0.00000  0
 1.100  0.175 -1         0.00000  0
 1.100  0.200 -1         0.00000  0
 1.100  0.225 -1         0.00000  0
 1.100  0.250 -1         0.00000  0
 1.100  0.275 -1         0.00000  0
 1.100  0.300 -1         0.00000  0
 1.100  0.325 -1         0.00000  0
 1.100  0.350 -1         0.00000  0
 1.100  0.375 -1         0.00000  0
 1.100  0.400 -1         0.00000  0
 1.100  0.425 -1         0.00000  0
 1.100  0.450 -1         0.00000  0
 1.100  0.475 -1         0.00000  0
 1.100  0.500 -1         0.00000  0
 1.100  0.525 -1         0.00000  0
 1.100  0.550 -1         0.00000  0
 1.100  0.575  1         0.00000  0
 1.100  0.600  1         0.00000  0
