-0.060 -0.060 -1         0.00000  0
-0.060 -0.040 -1         0.00000  0
-0.060 -0.020 -1         0.00000  0
-0.060  0.000 -1         0.00000  0
-0.060  0.020 -1         0.00000  0
-0.060  0.040 -1         0.00000  0
-0.060  0.060 -1         0.00000  0
-0.060  0.080 -1         0.00000  0
-0.060  0.100 -1         0.00000  0
-0.060  0.120 -1         0.00000  0
-0.060  0.140 -1         0.00000  0
-0.060  0.160 -1         0.00000  0
-0.060  0.180 -1         0.00000  0
-0.060  0.200 -1         0.00000  0
-0.060  0.220 -1         0.00000  0
-0.060  0.240 -1         0.00000  0
-0.060  0.260 -1         0.00000  0
-0.060  0.280 -1         0.00000  0
-0.060  0.300 -1         0.00000  0
-0.060  0.320 -1         0.00000  0
-0.060  0.340 -1         0.00000  0
-0.060  0.360 -1         0.00000  0
-0.060  0.380 -1         0.00000  0
-0.060  0.400 -1         0.00000  0
-0.060  0.420 -1         0.00000  0
-0.060  0.440 -1         0.00000  0
-0.060  0.460 -1         0.00000  0
-0.060  0.480 -1         0.00000  0
-0.060  0.500 -1         0.00000  0
-0.060  0.520 -1         0.00000  0
-0.060  0.540 -1         0.00000  0
-0.060  0.560 -1         0.00000  0
-0.060  0.580  1         0.00000  0
-0.060  0.600  1         0.00000  0
-0.040 -0.060 -1         0.00000  0
-0.040 -0.040 -1         0.00000  0
-0.040 -0.020 -1         0.00000  0
-0.040  0.000 -1         0.00000  0
-0.040  0.020 -1         0.00000  0
-0.040  0.040 -1         0.00000  0
-0.040  0.060 -1         0.00000  0
-0.040  0.080 -1         0.00000  0
-0.040  0.100 -1         0.00000  0
-0.040  0.120 -1         0.00000  0
-0.040  0.140 -1         0.00000  0
-0.040  0.160 -1         0.00000  0
-0.040  0.180 -1         0.00000  0
-0.040  0.200 -1         0.00000  0
-0.040  0.220 -1         0.00000  0
-0.040  0.240 -1         0.00000  0
-0.040  0.260 -1         0.00000  0
-0.040  0.280 -1         0.00000  0
-0.040  0.300 -1         0.00000  0
-0.040  0.320 -1         0.00000  0
-0.040  0.340 -1         0.00000  0
-0.040  0.360 -1         0.00000  0
-0.040  0.380 -1         0.00000  0
-0.040  0.400 -1         0.00000  0
-0.040  0.420 -1         0.00000  0
-0.040  0.440 -1         0.00000  0
-0.040  0.460 -1         0.00000  0
-0.040  0.480 -1         0.00000  0
-0.040  0.500 -1         0.00000  0
-0.040  0.520 -1         0.00000  0
-0.040  0.540 -1         0.00000  0
-0.040  0.560 -1         0.00000  0
-0.040  0.580  1         0.00000  0
-0.040  0.600  1         0.00000  0
-0.020 -0.060 -1         0.00000  0
-0.020 -0.040 -1         0.00000  0
-0.020 -0.020  1         0.00000  0
-0.020  0.000  1         0.00000  0
-0.020  0.020  1         0.00000  0
-0.020  0.040  1         0.00000  0
-0.020  0.060  1         0.00000  0
-0.020  0.080  1         0.00000  0
-0.020  0.100  1         0.00000  0
-0.020  0.120  1         0.00000  0
-0.020  0.140  1         0.00000  0
-0.020  0.160  1         0.00000  0
-0.020  0.180  1         0.00000  0
-0.020  0.200  1         0.00000  0
-0.020  0.220  1         0.00000  0
-0.020  0.240  1         0.00000  0
-0.020  0.260  1         0.00000  0
-0.020  0.280  1         0.00000  0
-0.020  0.300  1         0.00000  0
-0.020  0.320  1         0.00000  0
-0.020  0.340  1         0.00000  0
-0.020  0.360  1         0.00000  0
-0.020  0.380  1         0.00000  0
-0.020  0.400  1         0.00000  0
-0.020  0.420  1         0.00000  0
-0.020  0.440  1         0.00000  0
-0.020  0.460  1         0.00000  0
-0.020  0.480  1         0.00000  0
-0.020  0.500  1         0.00000  0
-0.020  0.520  1         0.00000  0
-0.020  0.540  1         0.00000  0
-0.020  0.560  1         0.00000  0
-0.020  0.580  1         0.00000  0
-0.020  0.600  1         0.00000  0
 0.000 -0.060 -1         0.00000  0
 0.000 -0.040 -1         0.00000  0
 0.000 -0.020  1         0.00000  0
 0.000  0.000  1         0.00000  0
 0.000  0.020  1      1578.06915  0
 0.000  0.040  1      1461.66895  0
 0.000  0.060  1      1694.95286  0
 0.000  0.080  1       919.37399  0
 0.000  0.100  1       377.76836  0
 0.000  0.120  1         0.00000  0
 0.000  0.140  1         0.00000  0
 0.000  0.160  1         0.00000  0
 0.000  0.180  1         0.00000  0
 0.000  0.200  1         0.00000  0
 0.000  0.220  1         0.00000  0
 0.000  0.240  1         0.00000  0
 0.000  0.260  1         0.00000  0
 0.000  0.280  1         0.00000  0
 0.000  0.300  1         0.00000  0
 0.000  0.320  1         0.00000  0
 0.000  0.340  1         0.00000  0
 0.000  0.360  1         0.00000  0
 0.000  0.380  1         0.00000  0
 0.000  0.400  1         0.00000  0
 0.000  0.420  1         0.00000  0
 0.000  0.440  1         0.00000  0
 0.000  0.460  1         0.00000  0
 0.000  0.480  1         0.00000  0
 0.000  0.500  1         0.00000  0
 0.000  0.520  1         0.00000  0
 0.000  0.540  1         0.00000  0
 0.000  0.560  1         0.00000  0
 0.000  0.580  1         0.00000  0
 0.000  0.600  1         0.00000  0
 0.020 -0.060 -1         0.00000  0
 0.020 -0.040 -1         0.00000  0
 0.020 -0.020  1         0.00000  0
 0.020  0.000  1         0.00000  0
 0.396  0.017  0      1760.62667  0
 0.161  0.107  0         0.00000  0
 0.070  0.105  0         0.00000  0
 0.335  0.074  0      3468.72627  0
 0.205  0.111  0         0.00000  0
 0.020  0.079  0       639.10537  0
 0.296  0.099  0         0.00000  0
 0.472  0.116  0         0.00000  0
 0.428  0.025  0       603.98952  0
 0.086  0.058  0      2417.06170  0
 0.018  0.047  0      1044.66312  0
 0.195  0.088  0         0.00000  0
 0.093  0.106  0         0.00000  0
 0.189  0.054  0         0.00000  0
 0.024  0.063  0      2609.04423  0
 0.407  0.103  0      1286.89425  0
 0.340  0.095  0         0.00000  0
 0.018  0.021  0         0.00000  0
 0.047  0.068  0         0.00000  0
 0.106  0.086  0      1386.43927  0
 0.120  0.095  0         0.00000  0
 0.035  0.096  0      2751.17420  0
 0.042  0.018  0      1545.01246  0
 0.266  0.163  0         0.00000  0
 0.362  0.048  0      1400.23813  0
 0.040 -0.060 -1         0.00000  0
 0.040 -0.040 -1         0.00000  0
 0.040 -0.020  1         0.00000  0
 0.040  0.000  1      2596.59617  0
 0.307  0.035  0         0.00000  0
 0.173  0.024  0      1867.34729  0
 0.218  0.108  0         0.00000  0
 0.325  0.040  0      1004.85998  0
 0.016  0.105  0         0.00000  0
 0.177  0.124  0       145.64739  0
 0.407  0.029  0      1931.63306  0
 0.166  0.061  0      1785.74039  0
 0.262  0.134  0         0.00000  0
 0.266  0.064  0         0.00000  0
 0.166  0.147  0         0.00000  0
 0.040  0.113  0         0.00000  0
 0.500  0.140  0         0.00000  0
 0.232  0.132  0         0.00000  0
 0.452  0.049  0       960.67728  0
 0.257  0.029  0      1387.95734  0
 0.207  0.069  0         0.00000  0
 0.130  0.023  0      1577.11325  0
 0.288  0.032  0      1009.71912  0
 0.119  0.072  0         0.00000  0
 0.277  0.017  0         0.00000  0
 0.058  0.134  0         0.00000  0
 0.259  0.151  0         0.00000  0
 0.095  0.073  0       608.19015  0
 0.244  0.017  0      1267.42123  0
 0.060 -0.060 -1         0.00000  0
 0.060 -0.040 -1         0.00000  0
 0.060 -0.020  1         0.00000  0
 0.060  0.000  1      1065.91219  0
 0.090  0.123  0         0.00000  0
 0.220  0.023  0         0.00000  0
 0.353  0.022  0       593.50219  0
 0.329  0.105  0         0.00000  0
 0.473  0.060  0      1431.17395  0
 0.612  0.016  0       607.61133  0
 0.422  0.088  0      1123.77474  0
 0.938  0.092  0         0.00000  0
 0.508  0.095  0         0.00000  0
 0.067  0.073  0      1022.49279  0
 0.125  0.113  0         0.00000  0
 0.138  0.139  0         0.00000  0
 0.233  0.149  0         0.00000  0
 0.550  0.041  0         0.00000  0
 0.269  0.113  0         0.00000  0
 0.238  0.111  0         0.00000  0
 0.142  0.096  0         0.00000  0
 0.187  0.112  0         0.00000  0
 0.303  0.163  0         0.00000  0
 0.074  0.042  0       945.46424  0
 0.058  0.039  0      1631.79198  0
 0.142  0.076  0         0.00000  0
 0.172  0.095  0         0.00000  0
 0.069  0.017  0      1936.36560  0
 0.283  0.119  0         0.00000  0
 0.080 -0.060 -1         0.00000  0
 0.080 -0.040 -1         0.00000  0
 0.080 -0.020  1         0.00000  0
 0.080  0.000  1         0.00000  0
 0.645  0.078  0      1775.27391  0
 0.359  0.134  0         0.00000  0
 0.095  0.151  0         0.00000  0
 0.075  0.083  0         0.00000  0
 0.649  0.036  0         0.00000  0
 0.393  0.135  0         0.00000  0
 0.479  0.075  0       662.90990  0
 0.684  0.065  0       670.92092  0
 0.551  0.019  0      1139.31981  0
 0.552  0.069  0       333.48283  0
 0.150  0.144  0         0.00000  0
 0.816  0.071  0      2013.04893  0
 0.117  0.036  0         0.00000  0
 0.038  0.127  0         0.00000  0
 0.194  0.139  0         0.00000  0
 0.393  0.081  0         0.00000  0
 0.491  0.032  0       982.62109  0
 0.761  0.053  0       479.36200  0
 0.130  0.129  0         0.00000  0
 0.850  0.106  0         0.00000  0
 0.221  0.075  0         0.00000  0
 0.112  0.053  0         0.00000  0
 0.351  0.069  0      2518.94722  0
 0.401  0.121  0      1420.15885  0
 0.047  0.052  0      1331.70176  0
 0.100 -0.060 -1         0.00000  0
 0.100 -0.040 -1         0.00000  0
 0.100 -0.020  1         0.00000  0
 0.100  0.000  1         0.00000  0
 0.707  0.027  0      1344.83079  0
 0.775  0.017  0         0.00000  0
 0.541  0.086  0      2081.50120  0
 0.646  0.054  0       563.78905  0
 0.134  0.060  0         0.00000  0
 0.308  0.018  0       744.36024  0
 0.544  0.105  0         0.00000  0
 0.818  0.087  0         0.00000  0
 0.692  0.034  0       306.67707  0
 0.463  0.131  0         0.00000  0
 0.371  0.019  0         0.00000  0
 0.230  0.035  0         0.00000  0
 0.784  0.101  0         0.00000  0
 0.409  0.078  0        95.37794  0
 0.473  0.016  0         0.00000  0
 0.391  0.152  0         0.00000  0
 0.293  0.081  0         0.00000  0
 0.144  0.035  0         0.00000  0
 0.509  0.035  0      1449.05588  0
 0.101  0.119  0         0.00000  0
 0.249  0.101  0         0.00000  0
 0.454  0.082  0      1416.05340  0
 0.459  0.029  0       513.45085  0
 0.156  0.046  0       701.61289  0
 0.192  0.016  0      1528.73169  0
 0.120 -0.060 -1         0.00000  0
 0.120 -0.040 -1         0.00000  0
 0.120 -0.020  1         0.00000  0
 0.120  0.000  1         0.00000  0
 0.573  0.074  0      1644.07211  0
 0.790  0.057  0         0.00000  0
 0.945  0.029  0         0.00000  0
 1.000  0.018  0      2153.12264  0
 0.865  0.048  0       732.35208  0
 0.615  0.098  0         0.00000  0
 0.811  0.034  0      1626.18466  0
 0.437  0.084  0         0.00000  0
 0.176  0.038  0      2295.72136  0
 0.287  0.051  0         0.00000  0
 0.721  0.018  0         0.00000  0
 0.477  0.038  0       549.77180  0
 0.500  0.127  0         0.00000  0
 0.506  0.054  0       382.45383  0
 0.442  0.019  0      1795.05891  0
 0.476  0.092  0         0.00000  0
 0.612  0.086  0      1685.28507  0
 0.220  0.143  0         0.00000  0
 0.037  0.032  0      1275.14346  0
 0.085  0.024  0       682.38447  0
 0.232  0.060  0         0.00000  0
 0.391  0.050  0       603.91834  0
 0.346  0.129  0         0.00000  0
 0.373  0.114  0         0.00000  0
 0.300  0.124  0         0.00000  0
 0.140 -0.060 -1         0.00000  0
 0.140 -0.040 -1         0.00000  0
 0.140 -0.020  1         0.00000  0
 0.140  0.000  1       574.37814  0
 0.743  0.105  0         0.00000  0
 0.903  0.023  0         0.00000  0
 0.976  0.050  0      1051.93609  0
 0.792  0.038  0       673.42683  0
 0.606  0.052  0       667.50311  0
 0.837  0.092  0         0.00000  0
 0.559  0.102  0         0.00000  0
 0.968  0.103  0         0.00000  0
 0.685  0.017  0         0.00000  0
 0.665  0.106  0         0.00000  0
 0.833  0.058  0       891.27617  0
 0.825  0.108  0         0.00000  0
 0.443  0.063  0         0.00000  0
 0.372  0.059  0         0.00000  0
 0.627  0.027  0       723.07641  0
 0.714  0.046  0         0.00000  0
 0.642  0.105  0         0.00000  0
 0.592  0.084  0         0.00000  0
 0.563  0.053  0       241.06710  0
 0.675  0.046  0      1511.53161  0
 0.327  0.056  0         0.00000  0
 0.185  0.077  0       430.34971  0
 0.533  0.037  0      1390.77963  0
 0.160  0.076  0      1118.51487  0
 0.261  0.083  0       845.47181  0
 0.160 -0.060 -1         0.00000  0
 0.160 -0.040 -1         0.00000  0
 0.160 -0.020  1         0.00000  0
 0.160  0.000  1       159.29738  0
 0.204  0.033  0         0.00000  0
 0.867  0.077  0         0.00000  0
 0.332  0.123  0         0.00000  0
 0.679  0.115  0         0.00000  0
 0.845  0.079  0         0.00000  0
 0.718  0.083  0         0.00000  0
 0.894  0.053  0       876.86596  0
 0.489  0.108  0         0.00000  0
 0.942  0.066  0         0.00000  0
 0.523  0.088  0         0.00000  0
 0.990  0.034  0      2772.74661  0
 0.698  0.059  0         0.00000  0
 0.269  0.044  0      1647.94323  0
 0.593  0.023  0         0.00000  0
 0.976  0.021  0       901.46160  0
 0.987  0.064  0       685.51700  0
 0.805  0.017  0       526.48473  0
 0.777  0.035  0         0.00000  0
 0.902  0.116  0         0.00000  0
 0.796  0.093  0         0.00000  0
 0.592  0.042  0       457.76174  0
 0.599  0.117  0         0.00000  0
 0.888  0.037  0      1623.66864  0
 0.247  0.067  0         7.01844  0
 0.427  0.124  0         0.00000  0
 0.180 -0.060 -1         0.00000  0
 0.180 -0.040 -1         0.00000  0
 0.180 -0.020  1         0.00000  0
 0.180  0.000  1      1468.33281  0
 0.273  0.090  0        60.73414  0
 1.003  0.048  0      1345.49954  0
 0.971  0.085  0       331.93836  0
 0.621  0.060  0       444.49243  0
 0.997  0.094  0      1119.69685  0
 0.771  0.065  0       468.82469  0
 0.547  0.118  0         0.00000  0
 0.871  0.114  0         0.00000  0
 0.460  0.099  0       863.14636  0
 0.652  0.016  0         0.00000  0
 0.381  0.037  0      2181.95626  0
 0.959  0.044  0         0.00000  0
 0.747  0.067  0         0.00000  0
 0.849  0.057  0         0.00000  0
 0.434  0.045  0      1178.73781  0
 0.332  0.018  0      2503.11365  0
 0.662  0.062  0         0.00000  0
 0.755  0.113  0         0.00000  0
 0.048  0.088  0         0.00000  0
 0.906  0.084  0         0.00000  0
 0.748  0.017  0         0.00000  0
 0.520  0.061  0         0.00000  0
 0.984  0.116  0         0.00000  0
 0.512  0.106  0         0.00000  0
 0.578  0.092  0       574.71679  0
 0.200 -0.060 -1         0.00000  0
 0.200 -0.040 -1         0.00000  0
 0.200 -0.020  1         0.00000  0
 0.200  0.000  1      2940.03897  0
 0.491  0.063  0         0.00000  0
 0.688  0.097  0         0.00000  0
 0.967  0.068  0         0.00000  0
 0.831  0.018  0       836.13045  0
 0.792  0.076  0         0.00000  0
 0.873  0.089  0         0.00000  0
 0.913  0.051  0         0.00000  0
 0.335  0.151  0         0.00000  0
 0.295  0.065  0      1357.61790  0
 0.311  0.091  0         0.00000  0
 0.735  0.037  0         0.00000  0
 0.532  0.020  0      2233.44047  0
 0.308  0.146  0         0.00000  0
 0.863  0.018  0       495.12757  0
 0.959  0.018  0      2187.14347  0
 0.661  0.087  0      2560.63962  0
 0.919  0.017  0         0.00000  0
 0.732  0.057  0      1938.51974  0
 0.390  0.104  0      1496.89777  0
 0.576  0.111  0         0.00000  0
 0.630  0.079  0      2530.15117  0
 0.763  0.104  0         0.00000  0
 0.313  0.121  0         0.00000  0
 0.750  0.034  0      1174.37295  0
 0.509  0.017  0      1605.63892  0
 0.220 -0.060 -1         0.00000  0
 0.220 -0.040 -1         0.00000  0
 0.220 -0.020  1         0.00000  0
 0.220  0.000  1         0.00000  0
 0.481  0.136  0         0.00000  0
 1.002  0.075  0         0.00000  0
 0.376  0.083  0         0.00000  0
 0.716  0.069  0       394.13506  0
 0.936  0.050  0      1030.66591  0
 0.421  0.058  0      1876.24362  0
 0.953  0.089  0         0.00000  0
 0.716  0.114  0         0.00000  0
 0.915  0.106  0         0.00000  0
 0.927  0.036  0      1037.19886  0
 0.574  0.018  0      2315.27246  0
 0.883  0.019  0       731.50544  0
 0.205  0.049  0      2497.21234  0
 0.929  0.076  0         0.00000  0
 0.438  0.111  0         0.00000  0
 0.679  0.083  0       798.30559  0
 0.997  0.108  0         0.00000  0
 0.725  0.098  0         0.00000  0
 0.623  0.042  0       704.72404  0
 0.535  0.066  0      1145.86305  0
 0.274  0.149  0         0.00000  0
 0.665  0.030  0      1975.03578  0
 0.407  0.146  0         0.00000  0
 0.853  0.031  0      1341.41616  0
 0.814  0.052  0         0.00000  0
 0.240 -0.060 -1         0.00000  0
 0.240 -0.040 -1         0.00000  0
 0.240 -0.020  1         0.00000  0
 0.240  0.000  1      2111.36522  0
 0.418  0.143  0         0.00000  0
 0.771  0.084  0         0.00000  0
 0.151  0.016  0      1172.30545  0
 0.888  0.092  0         0.00000  0
 0.835  0.034  0       213.49302  0
 0.697  0.117  0         0.00000  0
 0.588  0.065  0         0.00000  0
 0.877  0.060  0       426.70984  0
 0.906  0.070  0         0.00000  0
 0.109  0.017  0         0.00000  0
 0.149  0.119  0      1176.91221  0
 0.344  0.037  0         0.00000  0
 0.318  0.071  0       559.30888  0
 0.361  0.110  0         0.00000  0
 0.063  0.117  0         0.00000  0
 0.445  0.123  0         0.00000  0
 0.408  0.048  0      2422.11379  0
 0.246  0.046  0         0.00000  0
 0.017  0.138  0         0.00000  0
 0.228  0.091  0         0.00000  0
 0.741  0.086  0      1029.00461  0
 0.095  0.040  0      2014.22409  0
 0.573  0.038  0      3003.01331  0
 0.180  0.144  0         0.00000  0
 0.359  0.083  0         0.00000  0
 0.260 -0.060 -1         0.00000  0
 0.260 -0.040 -1         0.00000  0
 0.260 -0.020  1         0.00000  0
 0.260  0.000  1         0.00000  0
 0.280 -0.060 -1         0.00000  0
 0.280 -0.040 -1         0.00000  0
 0.280 -0.020  1         0.00000  0
 0.280  0.000  1       834.75848  0
 0.300 -0.060 -1         0.00000  0
 0.300 -0.040 -1         0.00000  0
 0.300 -0.020  1         0.00000  0
 0.300  0.000  1      1031.11231  0
 0.320 -0.060 -1         0.00000  0
 0.320 -0.040 -1         0.00000  0
 0.320 -0.020  1         0.00000  0
 0.320  0.000  1       680.29778  0
 0.340 -0.060 -1         0.00000  0
 0.340 -0.040 -1         0.00000  0
 0.340 -0.020  1         0.00000  0
 0.340  0.000  1      1702.85310  0
 0.360 -0.060 -1         0.00000  0
 0.360 -0.040 -1         0.00000  0
 0.360 -0.020  1         0.00000  0
 0.360  0.000  1         0.00000  0
 0.380 -0.060 -1         0.00000  0
 0.380 -0.040 -1         0.00000  0
 0.380 -0.020  1         0.00000  0
 0.380  0.000  1      1366.06654  0
 0.400 -0.060 -1         0.00000  0
 0.400 -0.040 -1         0.00000  0
 0.400 -0.020  1         0.00000  0
 0.400  0.000  1       665.20807  0
 0.420 -0.060 -1         0.00000  0
 0.420 -0.040 -1         0.00000  0
 0.420 -0.020  1         0.00000  0
 0.420  0.000  1         0.00000  0
 0.440 -0.060 -1         0.00000  0
 0.440 -0.040 -1         0.00000  0
 0.440 -0.020  1         0.00000  0
 0.440  0.000  1         0.00000  0
 0.460 -0.060 -1         0.00000  0
 0.460 -0.040 -1         0.00000  0
 0.460 -0.020  1         0.00000  0
 0.460  0.000  1         0.00000  0
 0.480 -0.060 -1         0.00000  0
 0.480 -0.040 -1         0.00000  0
 0.480 -0.020  1         0.00000  0
 0.480  0.000  1      1394.86146  0
 0.500 -0.060 -1         0.00000  0
 0.500 -0.040 -1         0.00000  0
 0.500 -0.020  1         0.00000  0
 0.500  0.000  1         0.00000  0
 0.520 -0.060 -1         0.00000  0
 0.520 -0.040 -1         0.00000  0
 0.520 -0.020  1         0.00000  0
 0.520  0.000  1      2017.05099  0
 0.540 -0.060 -1         0.00000  0
 0.540 -0.040 -1         0.00000  0
 0.540 -0.020  1         0.00000  0
 0.540  0.000  1      1023.28681  0
 0.560 -0.060 -1         0.00000  0
 0.560 -0.040 -1         0.00000  0
 0.560 -0.020  1         0.00000  0
 0.560  0.000  1         0.00000  0
 0.580 -0.060 -1         0.00000  0
 0.580 -0.040 -1         0.00000  0
 0.580 -0.020  1         0.00000  0
 0.580  0.000  1      1388.35572  0
 0.600 -0.060 -1         0.00000  0
 0.600 -0.040 -1         0.00000  0
 0.600 -0.020  1         0.00000  0
 0.600  0.000  1      1545.37928  0
 0.620 -0.060 -1         0.00000  0
 0.620 -0.040 -1         0.00000  0
 0.620 -0.020  1         0.00000  0
 0.620  0.000  1       588.38915  0
 0.640 -0.060 -1         0.00000  0
 0.640 -0.040 -1         0.00000  0
 0.640 -0.020  1         0.00000  0
 0.640  0.000  1         0.00000  0
 0.660 -0.060 -1         0.00000  0
 0.660 -0.040 -1         0.00000  0
 0.660 -0.020  1         0.00000  0
 0.660  0.000  1      1380.92422  0
 0.680 -0.060 -1         0.00000  0
 0.680 -0.040 -1         0.00000  0
 0.680 -0.020  1         0.00000  0
 0.680  0.000  1       448.77151  0
 0.700 -0.060 -1         0.00000  0
 0.700 -0.040 -1         0.00000  0
 0.700 -0.020  1         0.00000  0
 0.700  0.000  1         0.00000  0
 0.720 -0.060 -1         0.00000  0
 0.720 -0.040 -1         0.00000  0
 0.720 -0.020  1         0.00000  0
 0.720  0.000  1       470.99936  0
 0.740 -0.060 -1         0.00000  0
 0.740 -0.040 -1         0.00000  0
 0.740 -0.020  1         0.00000  0
 0.740  0.000  1      1059.77110  0
 0.760 -0.060 -1         0.00000  0
 0.760 -0.040 -1         0.00000  0
 0.760 -0.020  1         0.00000  0
 0.760  0.000  1         0.00000  0
 0.780 -0.060 -1         0.00000  0
 0.780 -0.040 -1         0.00000  0
 0.780 -0.020  1         0.00000  0
 0.780  0.000  1       432.87186  0
 0.800 -0.060 -1         0.00000  0
 0.800 -0.040 -1         0.00000  0
 0.800 -0.020  1         0.00000  0
 0.800  0.000  1       820.40833  0
 0.820 -0.060 -1         0.00000  0
 0.820 -0.040 -1         0.00000  0
 0.820 -0.020  1         0.00000  0
 0.820  0.000  1      2444.54588  0
 0.840 -0.060 -1         0.00000  0
 0.840 -0.040 -1         0.00000  0
 0.840 -0.020  1         0.00000  0
 0.840  0.000  1         0.00000  0
 0.860 -0.060 -1         0.00000  0
 0.860 -0.040 -1         0.00000  0
 0.860 -0.020  1         0.00000  0
 0.860  0.000  1       644.56276  0
 0.880 -0.060 -1         0.00000  0
 0.880 -0.040 -1         0.00000  0
 0.880 -0.020  1         0.00000  0
 0.880  0.000  1      1280.68750  0
 0.900 -0.060 -1         0.00000  0
 0.900 -0.040 -1         0.00000  0
 0.900 -0.020  1         0.00000  0
 0.900  0.000  1      1226.41671  0
 0.920 -0.060 -1         0.00000  0
 0.920 -0.040 -1         0.00000  0
 0.920 -0.020  1         0.00000  0
 0.920  0.000  1      2244.80016  0
 0.940 -0.060 -1         0.00000  0
 0.940 -0.040 -1         0.00000  0
 0.940 -0.020  1         0.00000  0
 0.940  0.000  1         0.00000  0
 0.960 -0.060 -1         0.00000  0
 0.960 -0.040 -1         0.00000  0
 0.960 -0.020  1         0.00000  0
 0.960  0.000  1         0.00000  0
 0.980 -0.060 -1         0.00000  0
 0.980 -0.040 -1         0.00000  0
 0.980 -0.020  1         0.00000  0
 0.980  0.000  1       780.08169  0
 1.000 -0.060 -1         0.00000  0
 1.000 -0.040 -1         0.00000  0
 1.000 -0.020  1         0.00000  0
 1.000  0.000  1      4655.16461  0
 1.020 -0.060 -1         0.00000  0
 1.020 -0.040 -1         0.00000  0
 1.020 -0.020  1         0.00000  0
 1.020  0.000  1       128.49558  0
 1.020  0.020  1       367.67820  0
 1.020  0.040  1         0.00000  0
 1.020  0.060  1       713.51670  0
 1.020  0.080  1      2834.18764  0
 1.020  0.100  1         0.00000  0
 1.020  0.120  1         0.00000  0
 1.020  0.140  1         0.00000  0
 1.020  0.160  1         0.00000  0
 1.020  0.180  1         0.00000  0
 1.020  0.200  1         0.00000  0
 1.020  0.220  1         0.00000  0
 1.020  0.240  1         0.00000  0
 1.020  0.260  1         0.00000  0
 1.020  0.280  1         0.00000  0
 1.020  0.300  1         0.00000  0
 1.020  0.320  1         0.00000  0
 1.020  0.340  1         0.00000  0
 1.020  0.360  1         0.00000  0
 1.020  0.380  1         0.00000  0
 1.020  0.400  1         0.00000  0
 1.020  0.420  1         0.00000  0
 1.020  0.440  1         0.00000  0
 1.020  0.460  1         0.00000  0
 1.020  0.480  1         0.00000  0
 1.020  0.500  1         0.00000  0
 1.020  0.520  1         0.00000  0
 1.020  0.540  1         0.00000  0
 1.020  0.560  1         0.00000  0
 1.020  0.580  1         0.00000  0
 1.020  0.600  1         0.00000  0
 1.040 -0.060 -1         0.00000  0
 1.040 -0.040 -1         0.00000  0
 1.040 -0.020  1         0.00000  0
 1.040  0.000  1         0.00000  0
 1.040  0.020  1         0.00000  0
 1.040  0.040  1         0.00000  0
 1.040  0.060  1         0.00000  0
 1.040  0.080  1         0.00000  0
 1.040  0.100  1         0.00000  0
 1.040  0.120  1         0.00000  0
 1.040  0.140  1         0.00000  0
 1.040  0.160  1         0.00000  0
 1.040  0.180  1         0.00000  0
 1.040  0.200  1         0.00000  0
 1.040  0.220  1         0.00000  0
 1.040  0.240  1         0.00000  0
 1.040  0.260  1         0.00000  0
 1.040  0.280  1         0.00000  0
 1.040  0.300  1         0.00000  0
 1.040  0.320  1         0.00000  0
 1.040  0.340  1         0.00000  0
 1.040  0.360  1         0.00000  0
 1.040  0.380  1         0.00000  0
 1.040  0.400  1         0.00000  0
 1.040  0.420  1         0.00000  0
 1.040  0.440  1         0.00000  0
 1.040  0.460  1         0.00000  0
 1.040  0.480  1         0.00000  0
 1.040  0.500  1         0.00000  0
 1.040  0.520  1         0.00000  0
 1.040  0.540  1         0.00000  0
 1.040  0.560  1         0.00000  0
 1.040  0.580  1         0.00000  0
 1.040  0.600  1         0.00000  0
 1.060 -0.060 -1         0.00000  0
 1.060 -0.040 -1         0.00000  0
 1.060 -0.020 -1         0.00000  0
 1.060  0.000 -1         0.00000  0
 1.060  0.020 -1         0.00000  0
 1.060  0.040 -1         0.00000  0
 1.060  0.060 -1         0.00000  0
 1.060  0.080 -1         0.00000  0
 1.060  0.100 -1         0.00000  0
 1.060  0.120 -1         0.00000  0
 1.060  0.140 -1         0.00000  0
 1.060  0.160 -1         0.00000  0
 1.060  0.180 -1         0.00000  0
 1.060  0.200 -1         0.00000  0
 1.060  0.220 -1         0.00000  0
 1.060  0.240 -1         0.00000  0
 1.060  0.260 -1         0.00000  0
 1.060  0.280 -1         0.00000  0
 1.060  0.300 -1         0.00000  0
 1.060  0.320 -1         0.00000  0
 1.060  0.340 -1         0.00000  0
 1.060  0.360 -1         0.00000  0
 1.060  0.380 -1         0.00000  0
 1.060  0.400 -1         0.00000  0
 1.060  0.420 -1         0.00000  0
 1.060  0.440 -1         0.00000  0
 1.060  0.460 -1         0.00000  0
 1.060  0.480 -1         0.00000  0
 1.060  0.500 -1         0.00000  0
 1.060  0.520 -1         0.00000  0
 1.060  0.540 -1         0.00000  0
 1.060  0.560 -1         0.00000  0
 1.060  0.580  1         0.00000  0
 1.060  0.600  1         0.00000  0
 1.080 -0.060 -1         0.00000  0
 1.080 -0.040 -1         0.00000  0
 1.080 -0.020 -1         0.00000  0
 1.080  0.000 -1         0.00000  0
 1.080  0.020 -1         0.00000  0
 1.080  0.040 -1         0.00000  0
 1.080  0.060 -1         0.00000  0
 1.080  0.080 -1         0.00000  0
 1.080  0.100 -1         0.00000  0
 1.080  0.120 -1         0.00000  0
 1.080  0.140 -1         0.00000  0
 1.080  0.160 -1         0.00000  0
 1.080  0.180 -1         0.00000  0
 1.080  0.200 -1         0.00000  0
 1.080  0.220 -1         0.00000  0
 1.080  0.240 -1         0.00000  0
 1.080  0.260 -1         0.00000  0
 1.080  0.280 -1         0.00000  0
 1.080  0.300 -1         0.00000  0
 1.080  0.320 -1         0.00000  0
 1.080  0.340 -1         0.00000  0
 1.080  0.360 -1         0.00000  0
 1.080  0.380 -1         0.00000  0
 1.080  0.400 -1         0.00000  0
 1.080  0.420 -1         0.00000  0
 1.080  0.440 -1         0.00000  0
 1.080  0.460 -1         0.00000  0
 1.080  0.480 -1         0.00000  0
 1.080  0.500 -1         0.00000  0
 1.080  0.520 -1         0.00000  0
 1.080  0.540 -1         0.00000  0
 1.080  0.560 -1         0.00000  0
 1.080  0.580  1         0.00000  0
 1.080  0.600  1         0.00000  0
