-0.075 -0.075 -1         0.00000  0
-0.075 -0.050 -1         0.00000  0
-0.075 -0.025 -1         0.00000  0
-0.075  0.000 -1         0.00000  0
-0.075  0.025 -1         0.00000  0
-0.075  0.050 -1         0.00000  0
-0.075  0.075 -1         0.00000  0
-0.075  0.100 -1         0.00000  0
-0.075  0.125 -1         0.00000  0
-0.075  0.150 -1         0.00000  0
-0.075  0.175 -1         0.00000  0
-0.075  0.200 -1         0.00000  0
-0.075  0.225 -1         0.00000  0
-0.075  0.250 -1         0.00000  0
-0.075  0.275 -1         0.00000  0
-0.075  0.300 -1         0.00000  0
-0.075  0.325 -1         0.00000  0
-0.075  0.350 -1         0.00000  0
-0.075  0.375 -1         0.00000  0
-0.075  0.400 -1         0.00000  0
-0.075  0.425 -1         0.00000  0
-0.075  0.450 -1         0.00000  0
-0.075  0.475 -1         0.00000  0
-0.075  0.500 -1         0.00000  0
-0.075  0.525 -1         0.00000  0
-0.075  0.550 -1         0.00000  0
-0.075  0.575  1         0.00000  0
-0.075  0.600  1         0.00000  0
-0.050 -0.075 -1         0.00000  0
-0.050 -0.050 -1         0.00000  0
-0.050 -0.025 -1         0.00000  0
-0.050  0.000 -1         0.00000  0
-0.050  0.025 -1         0.00000  0
-0.050  0.050 -1         0.00000  0
-0.050  0.075 -1         0.00000  0
-0.050  0.100 -1         0.00000  0
-0.050  0.125 -1         0.00000  0
-0.050  0.150 -1         0.00000  0
-0.050  0.175 -1         0.00000  0
-0.050  0.200 -1         0.00000  0
-0.050  0.225 -1         0.00000  0
-0.050  0.250 -1         0.00000  0
-0.050  0.275 -1         0.00000  0
-0.050  0.300 -1         0.00000  0
-0.050  0.325 -1         0.00000  0
-0.050  0.350 -1         0.00000  0
-0.050  0.375 -1         0.00000  0
-0.050  0.400 -1         0.00000  0
-0.050  0.425 -1         0.00000  0
-0.050  0.450 -1         0.00000  0
-0.050  0.475 -1         0.00000  0
-0.050  0.500 -1         0.00000  0
-0.050  0.525 -1         0.00000  0
-0.050  0.550 -1         0.00000  0
-0.050  0.575  1         0.00000  0
-0.050  0.600  1         0.00000  0
-0.025 -0.075 -1         0.00000  0
-0.025 -0.050 -1         0.00000  0
-0.025 -0.025  1         0.00000  0
-0.025  0.000  1         0.00000  0
-0.025  0.025  1         0.00000  0
-0.025  0.050  1         0.00000  0
-0.025  0.075  1         0.00000  0
-0.025  0.100  1         0.00000  0
-0.025  0.125  1         0.00000  0
-0.025  0.150  1         0.00000  0
-0.025  0.175  1         0.00000  0
-0.025  0.200  1         0.00000  0
-0.025  0.225  1         0.00000  0
-0.025  0.250  1         0.00000  0
-0.025  0.275  1         0.00000  0
-0.025  0.300  1         0.00000  0
-0.025  0.325  1         0.00000  0
-0.025  0.350  1         0.00000  0
-0.025  0.375  1         0.00000  0
-0.025  0.400  1         0.00000  0
-0.025  0.425  1         0.00000  0
-0.025  0.450  1         0.00000  0
-0.025  0.475  1         0.00000  0
-0.025  0.500  1         0.00000  0
-0.025  0.525  1         0.00000  0
-0.025  0.550  1         0.00000  0
-0.025  0.575  1         0.00000  0
-0.025  0.600  1         0.00000  0
 0.000 -0.075 -1         0.00000  0
 0.000 -0.050 -1         0.00000  0
 0.000 -0.025  1         0.00000  0
 0.000  0.000  1         0.00000  0
 0.000  0.025  1       301.68653  0
 0.000  0.050  1       326.85053  0
 0.000  0.075  1       545.34528  0
 0.000  0.100  1       471.79392  0
 0.000  0.125  1       649.98156  0
 0.000  0.150  1       472.24467  0
 0.000  0.175  1       407.23844  0
 0.000  0.200  1       207.45059  0
 0.000  0.225  1        85.27222  0
 0.000  0.250  1         0.00000  0
 0.000  0.275  1         0.00000  0
 0.000  0.300  1         0.00000  0
 0.000  0.325  1         0.00000  0
 0.000  0.350  1         0.00000  0
 0.000  0.375  1         0.00000  0
 0.000  0.400  1         0.00000  0
 0.000  0.425  1         0.00000  0
 0.000  0.450  1       105.24025  0
 0.000  0.475  1         0.00000  0
 0.000  0.500  1         0.00000  0
 0.000  0.525  1         0.00000  0
 0.000  0.550  1         0.00000  0
 0.000  0.575  1         0.00000  0
 0.000  0.600  1         0.00000  0
 0.025 -0.075 -1         0.00000  0
 0.025 -0.050 -1         0.00000  0
 0.025 -0.025  1         0.00000  0
 0.025  0.000  1       852.59408  0
 0.024  0.024  0      1038.10106  0
 0.025  0.049  0      1202.15577  0
 0.025  0.072  0      1037.59732  0
 0.025  0.097  0       908.02234  0
 0.025  0.121  0       829.31893  0
 0.025  0.146  0       677.22553  0
 0.025  0.170  0       620.22492  0
 0.025  0.195  0       333.73729  0
 0.025  0.219  0       275.04987  0
 0.025  0.244  0         7.70088  0
 0.025  0.269  0         0.00000  0
 0.025  0.293  0         0.00000  0
 0.025  0.318  0         0.00000  0
 0.025  0.343  0         0.00000  0
 0.025  0.368  0         0.00000  0
 0.025  0.393  0         0.00000  0
 0.025  0.418  0         0.00000  0
 0.024  0.443  0         0.00000  0
 0.025  0.467  0       314.78539  0
 0.025  0.492  0         0.00000  0
 0.050 -0.075 -1         0.00000  0
 0.050 -0.050 -1         0.00000  0
 0.050 -0.025  1         0.00000  0
 0.050  0.000  1       895.93846  0
 0.051  0.024  0       822.65778  0
 0.051  0.048  0       686.16657  0
 0.051  0.073  0       327.31208  0
 0.051  0.097  0       618.41343  0
 0.051  0.121  0       456.75149  0
 0.051  0.146  0       515.51445  0
 0.051  0.170  0       348.00523  0
 0.051  0.195  0       282.38503  0
 0.051  0.219  0       296.69511  0
 0.051  0.244  0        85.39470  0
 0.051  0.268  0       144.67168  0
 0.051  0.293  0         0.00000  0
 0.050  0.318  0         0.00000  0
 0.050  0.343  0         0.00000  0
 0.050  0.368  0         0.00000  0
 0.050  0.392  0         0.00000  0
 0.050  0.417  0         0.00000  0
 0.050  0.442  0         0.00000  0
 0.050  0.467  0         0.00000  0
 0.050  0.492  0         0.00000  0
 0.075 -0.075 -1         0.00000  0
 0.075 -0.050 -1         0.00000  0
 0.075 -0.025  1         0.00000  0
 0.075  0.000  1      1444.34945  0
 0.077  0.024  0      1226.90777  0
 0.077  0.049  0      1199.63977  0
 0.077  0.073  0      1104.91388  0
 0.076  0.097  0      1020.56873  0
 0.076  0.121  0       662.67104  0
 0.076  0.146  0       824.08483  0
 0.076  0.170  0       394.06278  0
 0.076  0.195  0       366.93849  0
 0.075  0.219  0       291.56124  0
 0.075  0.244  0        26.43982  0
 0.075  0.268  0        87.63297  0
 0.075  0.293  0         0.00000  0
 0.075  0.318  0         0.00000  0
 0.075  0.343  0         0.00000  0
 0.075  0.368  0         0.00000  0
 0.075  0.393  0       249.18126  0
 0.075  0.417  0       159.26658  0
 0.075  0.442  0         0.00000  0
 0.075  0.467  0       138.43118  0
 0.075  0.492  0         0.00000  0
 0.100 -0.075 -1         0.00000  0
 0.100 -0.050 -1         0.00000  0
 0.100 -0.025  1         0.00000  0
 0.100  0.000  1      1110.37987  0
 0.103  0.024  0       892.40051  0
 0.103  0.048  0       945.21634  0
 0.102  0.072  0       761.53722  0
 0.102  0.097  0       499.00840  0
 0.102  0.121  0       448.27437  0
 0.102  0.145  0       507.19750  0
 0.102  0.170  0       147.75083  0
 0.102  0.194  0       235.17551  0
 0.101  0.219  0       188.95558  0
 0.101  0.244  0         8.87209  0
 0.101  0.268  0       102.60366  0
 0.101  0.293  0         0.00000  0
 0.101  0.318  0         0.00000  0
 0.101  0.343  0         0.00000  0
 0.101  0.368  0         0.00000  0
 0.100  0.393  0         0.00000  0
 0.100  0.417  0         0.00000  0
 0.100  0.442  0         0.00000  0
 0.100  0.467  0         9.03209  0
 0.100  0.492  0         0.00000  0
 0.125 -0.075 -1         0.00000  0
 0.125 -0.050 -1         0.00000  0
 0.125 -0.025  1         0.00000  0
 0.125  0.000  1      1536.68344  0
 0.129  0.024  0      1452.22307  0
 0.129  0.048  0      1086.87930  0
 0.129  0.072  0       748.24643  0
 0.128  0.096  0       954.42570  0
 0.128  0.121  0       655.39254  0
 0.127  0.145  0       672.28765  0
 0.127  0.170  0       474.99992  0
 0.127  0.194  0       475.84312  0
 0.126  0.219  0       453.76747  0
 0.126  0.244  0       267.27126  0
 0.126  0.268  0       391.18016  0
 0.126  0.293  0       234.95326  0
 0.126  0.318  0       226.56790  0
 0.125  0.343  0        73.92488  0
 0.125  0.367  0         0.00000  0
 0.125  0.392  0        50.90036  0
 0.125  0.417  0        91.93690  0
 0.125  0.442  0         0.00000  0
 0.125  0.467  0        53.90490  0
 0.125  0.492  0         0.00000  0
 0.150 -0.075 -1         0.00000  0
 0.150 -0.050 -1         0.00000  0
 0.150 -0.025  1         0.00000  0
 0.150  0.000  1      1205.07139  0
 0.155  0.024  0       933.81670  0
 0.154  0.048  0      1006.36662  0
 0.154  0.072  0       772.87372  0
 0.154  0.096  0       516.57347  0
 0.154  0.120  0       301.98090  0
 0.153  0.145  0       384.18794  0
 0.153  0.169  0         0.00000  0
 0.152  0.194  0         0.00000  0
 0.152  0.218  0         0.00000  0
 0.152  0.243  0         0.00000  0
 0.151  0.268  0         0.00000  0
 0.151  0.293  0         0.00000  0
 0.151  0.318  0         0.00000  0
 0.151  0.342  0         0.00000  0
 0.151  0.367  0         0.00000  0
 0.151  0.392  0       136.15132  0
 0.150  0.417  0         1.13220  0
 0.150  0.442  0         0.00000  0
 0.150  0.467  0       124.46095  0
 0.150  0.492  0         0.00000  0
 0.175 -0.075 -1         0.00000  0
 0.175 -0.050 -1         0.00000  0
 0.175 -0.025  1         0.00000  0
 0.175  0.000  1      1309.78099  0
 0.182  0.024  0      1556.13264  0
 0.181  0.048  0      1008.55875  0
 0.181  0.072  0      1060.01695  0
 0.180  0.096  0       812.81956  0
 0.179  0.120  0       638.80092  0
 0.179  0.144  0       820.58976  0
 0.178  0.169  0       358.09036  0
 0.178  0.194  0       481.21409  0
 0.177  0.218  0       386.28622  0
 0.177  0.243  0       144.17857  0
 0.177  0.268  0       240.26097  0
 0.176  0.293  0        98.12432  0
 0.176  0.317  0       107.91046  0
 0.176  0.342  0        81.73189  0
 0.176  0.367  0       143.85172  0
 0.175  0.392  0        77.55116  0
 0.175  0.417  0         0.00000  0
 0.175  0.442  0         0.00000  0
 0.175  0.467  0       172.41170  0
 0.175  0.492  0         0.00000  0
 0.200 -0.075 -1         0.00000  0
 0.200 -0.050 -1         0.00000  0
 0.200 -0.025  1         0.00000  0
 0.200  0.000  1      1271.31813  0
 0.208  0.024  0       636.28070  0
 0.207  0.047  0       559.38593  0
 0.206  0.071  0       283.49464  0
 0.205  0.095  0       268.64044  0
 0.205  0.119  0        27.98683  0
 0.204  0.144  0       202.48174  0
 0.203  0.168  0         0.00000  0
 0.203  0.193  0        48.33259  0
 0.202  0.218  0        24.84535  0
 0.202  0.243  0         0.00000  0
 0.202  0.267  0        21.92192  0
 0.201  0.292  0         0.00000  0
 0.201  0.317  0         0.00000  0
 0.201  0.342  0         0.00000  0
 0.201  0.367  0         0.00000  0
 0.201  0.392  0         0.00000  0
 0.201  0.417  0         0.00000  0
 0.200  0.442  0         0.00000  0
 0.200  0.467  0       100.41481  0
 0.200  0.492  0         0.00000  0
 0.225 -0.075 -1         0.00000  0
 0.225 -0.050 -1         0.00000  0
 0.225 -0.025  1         0.00000  0
 0.225  0.000  1         0.00000  0
 0.238  0.024  0       396.77567  0
 0.234  0.047  0       899.88385  0
 0.233  0.070  0       785.32886  0
 0.232  0.094  0       507.67925  0
 0.231  0.118  0       390.74136  0
 0.230  0.143  0       453.70260  0
 0.229  0.168  0       220.38608  0
 0.228  0.193  0       223.77789  0
 0.228  0.217  0       209.79564  0
 0.227  0.242  0        67.34731  0
 0.227  0.267  0       127.37164  0
 0.227  0.292  0        43.04696  0
 0.226  0.317  0        43.28329  0
 0.226  0.342  0         0.00000  0
 0.226  0.367  0         0.00000  0
 0.226  0.392  0        20.72041  0
 0.226  0.417  0       121.41316  0
 0.225  0.442  0       113.13839  0
 0.225  0.467  0         0.00000  0
 0.225  0.492  0         0.00000  0
 0.250 -0.075 -1         0.00000  0
 0.250 -0.050 -1         0.00000  0
 0.250 -0.025  1         0.00000  0
 0.250  0.000  1      1571.81679  0
 0.266  0.021  0         0.00000  0
 0.260  0.043  0         0.00000  0
 0.259  0.067  0         0.00000  0
 0.256  0.092  0         0.00000  0
 0.255  0.117  0         0.00000  0
 0.254  0.142  0         0.00000  0
 0.253  0.167  0         0.00000  0
 0.253  0.192  0         0.00000  0
 0.252  0.217  0         0.00000  0
 0.252  0.242  0         0.00000  0
 0.251  0.267  0         0.00000  0
 0.251  0.292  0         0.00000  0
 0.251  0.317  0         0.00000  0
 0.251  0.342  0         0.00000  0
 0.250  0.367  0         0.00000  0
 0.250  0.392  0         0.00000  0
 0.250  0.417  0         0.00000  0
 0.250  0.442  0         0.00000  0
 0.250  0.467  0         0.00000  0
 0.250  0.492  0         0.00000  0
 0.275 -0.075 -1         0.00000  0
 0.275 -0.050 -1         0.00000  0
 0.275 -0.025  1         0.00000  0
 0.275  0.000  1         0.00000  0
 0.300 -0.075 -1         0.00000  0
 0.300 -0.050 -1         0.00000  0
 0.300 -0.025  1         0.00000  0
 0.300  0.000  1         0.00000  0
 0.325 -0.075 -1         0.00000  0
 0.325 -0.050 -1         0.00000  0
 0.325 -0.025  1         0.00000  0
 0.325  0.000  1         0.00000  0
 0.350 -0.075 -1         0.00000  0
 0.350 -0.050 -1         0.00000  0
 0.350 -0.025  1         0.00000  0
 0.350  0.000  1         0.00000  0
 0.375 -0.075 -1         0.00000  0
 0.375 -0.050 -1         0.00000  0
 0.375 -0.025  1         0.00000  0
 0.375  0.000  1         0.00000  0
 0.400 -0.075 -1         0.00000  0
 0.400 -0.050 -1         0.00000  0
 0.400 -0.025  1         0.00000  0
 0.400  0.000  1         0.00000  0
 0.425 -0.075 -1         0.00000  0
 0.425 -0.050 -1         0.00000  0
 0.425 -0.025  1         0.00000  0
 0.425  0.000  1         0.00000  0
 0.450 -0.075 -1         0.00000  0
 0.450 -0.050 -1         0.00000  0
 0.450 -0.025  1         0.00000  0
 0.450  0.000  1         0.00000  0
 0.475 -0.075 -1         0.00000  0
 0.475 -0.050 -1         0.00000  0
 0.475 -0.025  1         0.00000  0
 0.475  0.000  1         0.00000  0
 0.500 -0.075 -1         0.00000  0
 0.500 -0.050 -1         0.00000  0
 0.500 -0.025  1         0.00000  0
 0.500  0.000  1         0.00000  0
 0.525 -0.075 -1         0.00000  0
 0.525 -0.050 -1         0.00000  0
 0.525 -0.025  1         0.00000  0
 0.525  0.000  1         0.00000  0
 0.550 -0.075 -1         0.00000  0
 0.550 -0.050 -1         0.00000  0
 0.550 -0.025  1         0.00000  0
 0.550  0.000  1         0.00000  0
 0.575 -0.075 -1         0.00000  0
 0.575 -0.050 -1         0.00000  0
 0.575 -0.025  1         0.00000  0
 0.575  0.000  1         0.00000  0
 0.600 -0.075 -1         0.00000  0
 0.600 -0.050 -1         0.00000  0
 0.600 -0.025  1         0.00000  0
 0.600  0.000  1         0.00000  0
 0.625 -0.075 -1         0.00000  0
 0.625 -0.050 -1         0.00000  0
 0.625 -0.025  1         0.00000  0
 0.625  0.000  1         0.00000  0
 0.650 -0.075 -1         0.00000  0
 0.650 -0.050 -1         0.00000  0
 0.650 -0.025  1         0.00000  0
 0.650  0.000  1         0.00000  0
 0.675 -0.075 -1         0.00000  0
 0.675 -0.050 -1         0.00000  0
 0.675 -0.025  1         0.00000  0
 0.675  0.000  1         0.00000  0
 0.700 -0.075 -1         0.00000  0
 0.700 -0.050 -1         0.00000  0
 0.700 -0.025  1         0.00000  0
 0.700  0.000  1         0.00000  0
 0.725 -0.075 -1         0.00000  0
 0.725 -0.050 -1         0.00000  0
 0.725 -0.025  1         0.00000  0
 0.725  0.000  1         0.00000  0
 0.750 -0.075 -1         0.00000  0
 0.750 -0.050 -1         0.00000  0
 0.750 -0.025  1         0.00000  0
 0.750  0.000  1         0.00000  0
 0.775 -0.075 -1         0.00000  0
 0.775 -0.050 -1         0.00000  0
 0.775 -0.025  1         0.00000  0
 0.775  0.000  1         0.00000  0
 0.800 -0.075 -1         0.00000  0
 0.800 -0.050 -1         0.00000  0
 0.800 -0.025  1         0.00000  0
 0.800  0.000  1         0.00000  0
 0.825 -0.075 -1         0.00000  0
 0.825 -0.050 -1         0.00000  0
 0.825 -0.025  1         0.00000  0
 0.825  0.000  1         0.00000  0
 0.850 -0.075 -1         0.00000  0
 0.850 -0.050 -1         0.00000  0
 0.850 -0.025  1         0.00000  0
 0.850  0.000  1         0.00000  0
 0.875 -0.075 -1         0.00000  0
 0.875 -0.050 -1         0.00000  0
 0.875 -0.025  1         0.00000  0
 0.875  0.000  1         0.00000  0
 0.900 -0.075 -1         0.00000  0
 0.900 -0.050 -1         0.00000  0
 0.900 -0.025  1         0.00000  0
 0.900  0.000  1         0.00000  0
 0.925 -0.075 -1         0.00000  0
 0.925 -0.050 -1         0.00000  0
 0.925 -0.025  1         0.00000  0
 0.925  0.000  1         0.00000  0
 0.950 -0.075 -1         0.00000  0
 0.950 -0.050 -1         0.00000  0
 0.950 -0.025  1         0.00000  0
 0.950  0.000  1         0.00000  0
 0.975 -0.075 -1         0.00000  0
 0.975 -0.050 -1         0.00000  0
 0.975 -0.025  1         0.00000  0
 0.975  0.000  1         0.00000  0
 1.000 -0.075 -1         0.00000  0
 1.000 -0.050 -1         0.00000  0
 1.000 -0.025  1         0.00000  0
 1.000  0.000  1         0.00000  0
 1.025 -0.075 -1         0.00000  0
 1.025 -0.050 -1         0.00000  0
 1.025 -0.025  1         0.00000  0
 1.025  0.000  1         0.00000  0
 1.025  0.025  1         0.00000  0
 1.025  0.050  1         0.00000  0
 1.025  0.075  1         0.00000  0
 1.025  0.100  1         0.00000  0
 1.025  0.125  1         0.00000  0
 1.025  0.150  1         0.00000  0
 1.025  0.175  1         0.00000  0
 1.025  0.200  1         0.00000  0
 1.025  0.225  1         0.00000  0
 1.025  0.250  1         0.00000  0
 1.025  0.275  1         0.00000  0
 1.025  0.300  1         0.00000  0
 1.025  0.325  1         0.00000  0
 1.025  0.350  1         0.00000  0
 1.025  0.375  1         0.00000  0
 1.025  0.400  1         0.00000  0
 1.025  0.425  1         0.00000  0
 1.025  0.450  1         0.00000  0
 1.025  0.475  1         0.00000  0
 1.025  0.500  1         0.00000  0
 1.025  0.525  1         0.00000  0
 1.025  0.550  1         0.00000  0
 1.025  0.575  1         0.00000  0
 1.025  0.600  1         0.00000  0
 1.050 -0.075 -1         0.00000  0
 1.050 -0.050 -1         0.00000  0
 1.050 -0.025  1         0.00000  0
 1.050  0.000  1         0.00000  0
 1.050  0.025  1         0.00000  0
 1.050  0.050  1         0.00000  0
 1.050  0.075  1         0.00000  0
 1.050  0.100  1         0.00000  0
 1.050  0.125  1         0.00000  0
 1.050  0.150  1         0.00000  0
 1.050  0.175  1         0.00000  0
 1.050  0.200  1         0.00000  0
 1.050  0.225  1         0.00000  0
 1.050  0.250  1         0.00000  0
 1.050  0.275  1         0.00000  0
 1.050  0.300  1         0.00000  0
 1.050  0.325  1         0.00000  0
 1.050  0.350  1         0.00000  0
 1.050  0.375  1         0.00000  0
 1.050  0.400  1         0.00000  0
 1.050  0.425  1         0.00000  0
 1.050  0.450  1         0.00000  0
 1.050  0.475  1         0.00000  0
 1.050  0.500  1         0.00000  0
 1.050  0.525  1         0.00000  0
 1.050  0.550  1         0.00000  0
 1.050  0.575  1         0.00000  0
 1.050  0.600  1         0.00000  0
 1.075 -0.075 -1         0.00000  0
 1.075 -0.050 -1         0.00000  0
 1.075 -0.025 -1         0.00000  0
 1.075  0.000 -1         0.00000  0
 1.075  0.025 -1         0.00000  0
 1.075  0.050 -1         0.00000  0
 1.075  0.075 -1         0.00000  0
 1.075  0.100 -1         0.00000  0
 1.075  0.125 -1         0.00000  0
 1.075  0.150 -1         0.00000  0
 1.075  0.175 -1         0.00000  0
 1.075  0.200 -1         0.00000  0
 1.075  0.225 -1         0.00000  0
 1.075  0.250 -1         0.00000  0
 1.075  0.275 -1         0.00000  0
 1.075  0.300 -1         0.00000  0
 1.075  0.325 -1         0.00000  0
 1.075  0.350 -1         0.00000  0
 1.075  0.375 -1         0.00000  0
 1.075  0.400 -1         0.00000  0
 1.075  0.425 -1         0.00000  0
 1.075  0.450 -1         0.00000  0
 1.075  0.475 -1         0.00000  0
 1.075  0.500 -1         0.00000  0
 1.075  0.525 -1         0.00000  0
 1.075  0.550 -1         0.00000  0
 1.075  0.575  1         0.00000  0
 1.075  0.600  1         0.00000  0
 1.100 -0.075 -1         0.00000  0
 1.100 -0.050 -1         0.00000  0
 1.100 -0.025 -1         0.00000  0
 1.100  0.000 -1         0.00000  0
 1.100  0.025 -1         0.00000  0
 1.100  0.050 -1         0.00000  0
 1.100  0.075 -1         0.00000  0
 1.100  0.100 -1         0.00000  0
 1.100  0.125 -1         0.00000  0
 1.100  0.150 -1         0.00000  0
 1.100  0.175 -1         0.00000  0
 1.100  0.200 -1         0.00000  0
 1.100  0.225 -1         0.00000  0
 1.100  0.250 -1         0.00000  0
 1.100  0.275 -1         0.00000  0
 1.100  0.300 -1         0.00000  0
 1.100  0.325 -1         0.00000  0
 1.100  0.350 -1         0.00000  0
 1.100  0.375 -1         0.00000  0
 1.100  0.400 -1         0.00000  0
 1.100  0.425 -1         0.00000  0
 1.100  0.450 -1         0.00000  0
 1.100  0.475 -1         0.00000  0
 1.100  0.500 -1         0.00000  0
 1.100  0.525 -1         0.00000  0
 1.100  0.550 -1         0.00000  0
 1.100  0.575  1         0.00000  0
 1.100  0.600  1         0.00000  0
