-0.075 -0.075 -1         0.00000  0
-0.075 -0.050 -1         0.00000  0
-0.075 -0.025 -1         0.00000  0
-0.075  0.000 -1         0.00000  0
-0.075  0.025 -1         0.00000  0
-0.075  0.050 -1         0.00000  0
-0.075  0.075 -1         0.00000  0
-0.075  0.100 -1         0.00000  0
-0.075  0.125 -1         0.00000  0
-0.075  0.150 -1         0.00000  0
-0.075  0.175 -1         0.00000  0
-0.075  0.200 -1         0.00000  0
-0.075  0.225 -1         0.00000  0
-0.075  0.250 -1         0.00000  0
-0.075  0.275 -1         0.00000  0
-0.075  0.300 -1         0.00000  0
-0.075  0.325 -1         0.00000  0
-0.075  0.350 -1         0.00000  0
-0.075  0.375 -1         0.00000  0
-0.075  0.400 -1         0.00000  0
-0.075  0.425 -1         0.00000  0
-0.075  0.450 -1         0.00000  0
-0.075  0.475 -1         0.00000  0
-0.075  0.500 -1         0.00000  0
-0.075  0.525 -1         0.00000  0
-0.075  0.550 -1         0.00000  0
-0.075  0.575  1         0.00000  0
-0.075  0.600  1         0.00000  0
-0.050 -0.075 -1         0.00000  0
-0.050 -0.050 -1         0.00000  0
-0.050 -0.025 -1         0.00000  0
-0.050  0.000 -1         0.00000  0
-0.050  0.025 -1         0.00000  0
-0.050  0.050 -1         0.00000  0
-0.050  0.075 -1         0.00000  0
-0.050  0.100 -1         0.00000  0
-0.050  0.125 -1         0.00000  0
-0.050  0.150 -1         0.00000  0
-0.050  0.175 -1         0.00000  0
-0.050  0.200 -1         0.00000  0
-0.050  0.225 -1         0.00000  0
-0.050  0.250 -1         0.00000  0
-0.050  0.275 -1         0.00000  0
-0.050  0.300 -1         0.00000  0
-0.050  0.325 -1         0.00000  0
-0.050  0.350 -1         0.00000  0
-0.050  0.375 -1         0.00000  0
-0.050  0.400 -1         0.00000  0
-0.050  0.425 -1         0.00000  0
-0.050  0.450 -1         0.00000  0
-0.050  0.475 -1         0.00000  0
-0.050  0.500 -1         0.00000  0
-0.050  0.525 -1         0.00000  0
-0.050  0.550 -1         0.00000  0
-0.050  0.575  1         0.00000  0
-0.050  0.600  1         0.00000  0
-0.025 -0.075 -1         0.00000  0
-0.025 -0.050 -1         0.00000  0
-0.025 -0.025  1         0.00000  0
-0.025  0.000  1         0.00000  0
-0.025  0.025  1         0.00000  0
-0.025  0.050  1         0.00000  0
-0.025  0.075  1         0.00000  0
-0.025  0.100  1         0.00000  0
-0.025  0.125  1         0.00000  0
-0.025  0.150  1         0.00000  0
-0.025  0.175  1         0.00000  0
-0.025  0.200  1         0.00000  0
-0.025  0.225  1         0.00000  0
-0.025  0.250  1         0.00000  0
-0.025  0.275  1         0.00000  0
-0.025  0.300  1         0.00000  0
-0.025  0.325  1         0.00000  0
-0.025  0.350  1         0.00000  0
-0.025  0.375  1         0.00000  0
-0.025  0.400  1         0.00000  0
-0.025  0.425  1         0.00000  0
-0.025  0.450  1         0.00000  0
-0.025  0.475  1         0.00000  0
-0.025  0.500  1         0.00000  0
-0.025  0.525  1         0.00000  0
-0.025  0.550  1         0.00000  0
-0.025  0.575  1         0.00000  0
-0.025  0.600  1         0.00000  0
 0.000 -0.075 -1         0.00000  0
 0.000 -0.050 -1         0.00000  0
 0.000 -0.025  1         0.00000  0
 0.000  0.000  1         0.00000  0
 0.000  0.025  1      1248.52220  0
 0.000  0.050  1         0.00000  0
 0.000  0.075  1         0.00000  0
 0.000  0.100  1         0.00000  0
 0.000  0.125  1         0.00000  0
 0.000  0.150  1         0.00000  0
 0.000  0.175  1         0.00000  0
 0.000  0.200  1         0.00000  0
 0.000  0.225  1         0.00000  0
 0.000  0.250  1         0.00000  0
 0.000  0.275  1         0.00000  0
 0.000  0.300  1         0.00000  0
 0.000  0.325  1         0.00000  0
 0.000  0.350  1         0.00000  0
 0.000  0.375  1         0.00000  0
 0.000  0.400  1         0.00000  0
 0.000  0.425  1         0.00000  0
 0.000  0.450  1         0.00000  0
 0.000  0.475  1         0.00000  0
 0.000  0.500  1         0.00000  0
 0.000  0.525  1         0.00000  0
 0.000  0.550  1         0.00000  0
 0.000  0.575  1         0.00000  0
 0.000  0.600  1         0.00000  0
 0.025 -0.075 -1         0.00000  0
 0.025 -0.050 -1         0.00000  0
 0.025 -0.025  1         0.00000  0
 0.025  0.000  1         0.00000  0
 0.076  0.024  0       227.21173  0
 0.229  0.045  0       427.08234  0
 0.116  0.021  0      1955.18021  0
 0.262  0.091  0         0.00000  0
 0.024  0.025  0      1472.98495  0
 0.098  0.032  0      1254.70336  0
 0.049  0.025  0      1953.78353  0
 0.197  0.038  0      1251.44855  0
 0.140  0.035  0       372.45101  0
 0.095  0.056  0         0.00000  0
 0.108  0.073  0       989.33295  0
 0.024  0.051  0         0.00000  0
 0.038  0.065  0        60.84289  0
 0.042  0.111  0         0.00000  0
 0.034  0.087  0       542.91180  0
 0.077  0.083  0       818.15456  0
 0.084  0.129  0         0.00000  1
 0.115  0.102  0         0.00000  0
 0.121  0.086  0         0.00000  0
 0.022  0.103  0         0.00000  0
 0.050 -0.075 -1         0.00000  0
 0.050 -0.050 -1         0.00000  0
 0.050 -0.025  1         0.00000  0
 0.050  0.000  1       954.16601  0
 0.159  0.023  0      1618.25871  0
 0.249  0.028  0      1563.73779  0
 0.299  0.077  0       526.83104  0
 0.254  0.052  0      1253.84199  0
 0.222  0.020  0         0.00000  0
 0.208  0.058  0       940.99334  0
 0.235  0.071  0       610.17629  0
 0.273  0.123  0         0.00000  0
 0.129  0.052  0      1502.03929  0
 0.169  0.054  0         0.00000  0
 0.145  0.065  0         0.00000  0
 0.317  0.062  0         0.00000  0
 0.058  0.044  0      1141.34015  0
 0.227  0.088  0      1599.39838  0
 0.072  0.062  0       893.42162  0
 0.066  0.096  0         0.00000  0
 0.200  0.116  0       379.98889  1
 0.082  0.119  0         0.00000  1
 0.142  0.116  0         0.00000  0
 0.158  0.088  0      2052.23991  0
 0.075 -0.075 -1         0.00000  0
 0.075 -0.050 -1         0.00000  0
 0.075 -0.025  1         0.00000  0
 0.075  0.000  1      1078.13657  0
 0.272  0.023  0      1338.89923  0
 0.182  0.027  0      1010.23617  0
 0.454  0.020  0       190.28294  0
 0.296  0.026  0         0.00000  0
 0.375  0.023  0         0.00000  0
 0.277  0.052  0       696.10274  0
 0.353  0.030  0       669.37410  0
 0.275  0.072  0       693.08742  0
 0.312  0.040  0       746.09216  0
 0.272  0.110  0       395.67493  0
 0.327  0.022  0       615.35911  0
 0.175  0.076  0       960.38613  0
 0.392  0.055  0         0.00000  0
 0.296  0.108  0         0.00000  0
 0.199  0.079  0         0.00000  0
 0.220  0.104  0         0.00000  0
 0.376  0.089  0         0.00000  0
 0.171  0.100  0         0.00000  0
 0.327  0.111  0         0.00000  0
 0.202  0.126  0         0.00000  1
 0.100 -0.075 -1         0.00000  0
 0.100 -0.050 -1         0.00000  0
 0.100 -0.025  1         0.00000  0
 0.100  0.000  1       954.85336  0
 0.617  0.025  0      3328.05228  0
 0.584  0.022  0         0.00000  0
 0.549  0.022  0         0.00000  0
 0.414  0.022  0         0.00000  0
 0.503  0.020  0       444.15156  0
 0.438  0.038  0      1364.71054  0
 0.543  0.055  0       794.23786  0
 0.603  0.039  0      2090.40331  0
 0.520  0.073  0         0.00000  0
 0.463  0.042  0       787.28964  0
 0.614  0.074  0         0.00000  0
 0.394  0.035  0       866.11502  0
 0.523  0.038  0         0.00000  0
 0.462  0.060  0         0.00000  0
 0.415  0.056  0         0.00000  0
 0.348  0.048  0         0.00000  0
 0.342  0.110  0         0.00000  0
 0.314  0.091  0         0.00000  0
 0.394  0.099  0         0.00000  0
 0.342  0.067  0         0.00000  0
 0.125 -0.075 -1         0.00000  0
 0.125 -0.050 -1         0.00000  0
 0.125 -0.025  1         0.00000  0
 0.125  0.000  1      1491.75377  0
 0.704  0.024  0       586.21858  0
 0.710  0.054  0       707.82094  0
 0.729  0.023  0         0.00000  0
 0.562  0.035  0       969.65195  0
 0.764  0.062  0         0.00000  0
 0.844  0.030  0         0.00000  0
 0.820  0.024  0      1287.48815  0
 0.779  0.026  0       922.79980  0
 0.742  0.069  0         0.00000  0
 0.647  0.020  0      2561.35238  0
 0.685  0.030  0         0.00000  0
 0.660  0.038  0         0.00000  0
 0.502  0.056  0         0.00000  0
 0.584  0.075  0         0.00000  0
 0.495  0.038  0      1437.44296  0
 0.379  0.072  0       331.78319  0
 0.452  0.100  0        55.43341  1
 0.352  0.087  0         0.00000  0
 0.423  0.081  0         0.00000  0
 0.418  0.097  0         0.00000  0
 0.150 -0.075 -1         0.00000  0
 0.150 -0.050 -1         0.00000  0
 0.150 -0.025  1         0.00000  0
 0.150  0.000  1         0.00000  0
 0.968  0.081  0      1960.34726  0
 0.801  0.030  0       370.92798  0
 0.979  0.046  0      1913.24368  0
 0.895  0.101  0         0.00000  0
 0.957  0.210  0         0.00000  0
 0.891  0.023  0      1637.15673  0
 0.865  0.025  0      1426.73925  0
 0.761  0.027  0      1067.11845  0
 0.863  0.068  0      1916.92332  0
 0.794  0.062  0         0.00000  0
 0.743  0.042  0      1588.13835  0
 0.726  0.064  0       225.13998  0
 0.633  0.045  0         0.00000  0
 0.563  0.074  0         0.00000  0
 0.588  0.058  0      1583.30193  0
 0.485  0.075  0         0.00000  0
 0.549  0.073  0       107.16859  0
 0.494  0.099  0         0.00000  0
 0.452  0.109  0         0.00000  1
 0.439  0.062  0         0.00000  0
 0.175 -0.075 -1         0.00000  0
 0.175 -0.050 -1         0.00000  0
 0.175 -0.025  1         0.00000  0
 0.175  0.000  1         0.00000  0
 1.005  0.097  0      1607.47651  0
 0.993  0.077  0       632.99342  0
 0.991  0.193  0         0.00000  0
 0.981  0.257  0         0.00000  0
 0.952  0.176  0         0.00000  0
 0.991  0.272  0         0.00000  0
 0.924  0.301  0      2777.87950  0
 0.877  0.045  0         0.00000  0
 0.938  0.044  0      3401.78934  0
 0.908  0.108  0         0.00000  0
 0.968  0.108  0      1628.86239  0
 0.948  0.099  0       821.12447  0
 0.909  0.064  0      1035.68649  0
 0.818  0.058  0      1703.49336  0
 0.850  0.080  0         0.00000  0
 0.676  0.073  0         0.00000  0
 0.768  0.083  0         0.00000  0
 0.628  0.068  0         0.00000  0
 0.635  0.101  0         0.00000  0
 0.624  0.097  0         0.00000  0
 0.200 -0.075 -1         0.00000  0
 0.200 -0.050 -1         0.00000  0
 0.200 -0.025  1         0.00000  0
 0.200  0.000  1         0.00000  0
 0.999  0.134  0         0.00000  0
 1.002  0.028  0      2530.78156  0
 1.001  0.245  0         0.00000  0
 0.984  0.371  0         0.00000  0
 1.001  0.163  0         0.00000  0
 0.977  0.021  0      3126.71081  0
 0.924  0.286  0         0.00000  0
 0.983  0.437  0         0.00000  0
 0.929  0.315  0         0.00000  0
 0.914  0.180  0         0.00000  0
 0.937  0.067  0         0.00000  0
 0.950  0.027  0      2937.93998  0
 0.961  0.061  0      1229.78570  0
 0.905  0.043  0      1408.11854  0
 0.940  0.134  0       440.95512  0
 0.893  0.072  0       931.21424  0
 0.870  0.094  0       243.20258  0
 0.857  0.102  0         0.00000  0
 0.785  0.088  0         0.00000  0
 0.671  0.057  0      1246.39451  0
 0.225 -0.075 -1         0.00000  0
 0.225 -0.050 -1         0.00000  0
 0.225 -0.025  1         0.00000  0
 0.225  0.000  1      1617.19772  0
 1.003  0.344  0         0.00000  0
 0.914  0.516  0         0.00000  0
 0.865  0.773  0         0.00000  0
 0.887  0.681  0         0.00000  0
 0.990  0.426  0         0.00000  0
 0.992  0.295  0         0.00000  0
 1.000  0.674  0         0.00000  0
 1.003  0.206  0         0.00000  0
 0.957  0.269  0         0.00000  0
 0.985  0.117  0       859.81996  0
 0.962  0.195  0         0.00000  0
 0.932  0.274  0         0.00000  0
 0.994  0.328  0         0.00000  0
 0.983  0.225  0         0.00000  0
 0.927  0.187  0         0.00000  0
 0.966  0.142  0         0.00000  0
 0.924  0.023  0       784.47402  0
 0.928  0.126  0         0.00000  0
 0.835  0.054  0         0.00000  0
 0.693  0.068  0         0.00000  0
 0.250 -0.075 -1         0.00000  0
 0.250 -0.050 -1         0.00000  0
 0.250 -0.025  1         0.00000  0
 0.250  0.000  1         0.00000  0
 0.945  0.825  0         0.00000  0
 0.972  0.851  0         0.00000  0
 0.912  0.720  0         0.00000  0
 0.933  0.335  0         0.00000  0
 1.002  0.053  0      3362.02022  0
 0.925  0.795  0         0.00000  0
 0.889  0.348  0         0.00000  0
 0.973  0.773  0         0.00000  0
 0.986  0.496  0         0.00000  0
 0.930  0.360  0         0.00000  0
 0.919  0.471  0         0.00000  0
 0.972  0.317  0         0.00000  0
 1.003  0.585  0         0.00000  0
 0.990  0.526  0         0.00000  0
 0.953  0.471  0         0.00000  0
 0.873  0.257  0         0.00000  0
 0.986  0.155  0       206.49317  0
 0.945  0.160  0         0.00000  0
 0.928  0.101  0      1611.55893  0
 0.807  0.079  0         0.00000  0
 0.275 -0.075 -1         0.00000  0
 0.275 -0.050 -1         0.00000  0
 0.275 -0.025  1         0.00000  0
 0.275  0.000  1      1164.26477  0
 0.300 -0.075 -1         0.00000  0
 0.300 -0.050 -1         0.00000  0
 0.300 -0.025  1         0.00000  0
 0.300  0.000  1      1120.39516  0
 0.325 -0.075 -1         0.00000  0
 0.325 -0.050 -1         0.00000  0
 0.325 -0.025  1         0.00000  0
 0.325  0.000  1       782.75324  0
 0.350 -0.075 -1         0.00000  0
 0.350 -0.050 -1         0.00000  0
 0.350 -0.025  1         0.00000  0
 0.350  0.000  1         0.00000  0
 0.375 -0.075 -1         0.00000  0
 0.375 -0.050 -1         0.00000  0
 0.375 -0.025  1         0.00000  0
 0.375  0.000  1         0.00000  0
 0.400 -0.075 -1         0.00000  0
 0.400 -0.050 -1         0.00000  0
 0.400 -0.025  1         0.00000  0
 0.400  0.000  1         0.00000  0
 0.425 -0.075 -1         0.00000  0
 0.425 -0.050 -1         0.00000  0
 0.425 -0.025  1         0.00000  0
 0.425  0.000  1         0.00000  0
 0.450 -0.075 -1         0.00000  0
 0.450 -0.050 -1         0.00000  0
 0.450 -0.025  1         0.00000  0
 0.450  0.000  1      2210.36482  0
 0.475 -0.075 -1         0.00000  0
 0.475 -0.050 -1         0.00000  0
 0.475 -0.025  1         0.00000  0
 0.475  0.000  1         0.00000  0
 0.500 -0.075 -1         0.00000  0
 0.500 -0.050 -1         0.00000  0
 0.500 -0.025  1         0.00000  0
 0.500  0.000  1       566.95295  0
 0.525 -0.075 -1         0.00000  0
 0.525 -0.050 -1         0.00000  0
 0.525 -0.025  1         0.00000  0
 0.525  0.000  1         0.00000  0
 0.550 -0.075 -1         0.00000  0
 0.550 -0.050 -1         0.00000  0
 0.550 -0.025  1         0.00000  0
 0.550  0.000  1      1293.83600  0
 0.575 -0.075 -1         0.00000  0
 0.575 -0.050 -1         0.00000  0
 0.575 -0.025  1         0.00000  0
 0.575  0.000  1      2135.61581  0
 0.600 -0.075 -1         0.00000  0
 0.600 -0.050 -1         0.00000  0
 0.600 -0.025  1         0.00000  0
 0.600  0.000  1       232.96816  0
 0.625 -0.075 -1         0.00000  0
 0.625 -0.050 -1         0.00000  0
 0.625 -0.025  1         0.00000  0
 0.625  0.000  1      2575.24794  0
 0.650 -0.075 -1         0.00000  0
 0.650 -0.050 -1         0.00000  0
 0.650 -0.025  1         0.00000  0
 0.650  0.000  1      4468.35220  0
 0.675 -0.075 -1         0.00000  0
 0.675 -0.050 -1         0.00000  0
 0.675 -0.025  1         0.00000  0
 0.675  0.000  1         0.00000  0
 0.700 -0.075 -1         0.00000  0
 0.700 -0.050 -1         0.00000  0
 0.700 -0.025  1         0.00000  0
 0.700  0.000  1       411.56965  0
 0.725 -0.075 -1         0.00000  0
 0.725 -0.050 -1         0.00000  0
 0.725 -0.025  1         0.00000  0
 0.725  0.000  1      1143.80159  0
 0.750 -0.075 -1         0.00000  0
 0.750 -0.050 -1         0.00000  0
 0.750 -0.025  1         0.00000  0
 0.750  0.000  1         0.00000  0
 0.775 -0.075 -1         0.00000  0
 0.775 -0.050 -1         0.00000  0
 0.775 -0.025  1         0.00000  0
 0.775  0.000  1         0.00000  0
 0.800 -0.075 -1         0.00000  0
 0.800 -0.050 -1         0.00000  0
 0.800 -0.025  1         0.00000  0
 0.800  0.000  1         0.00000  0
 0.825 -0.075 -1         0.00000  0
 0.825 -0.050 -1         0.00000  0
 0.825 -0.025  1         0.00000  0
 0.825  0.000  1         0.00000  0
 0.850 -0.075 -1         0.00000  0
 0.850 -0.050 -1         0.00000  0
 0.850 -0.025  1         0.00000  0
 0.850  0.000  1         0.00000  0
 0.875 -0.075 -1         0.00000  0
 0.875 -0.050 -1         0.00000  0
 0.875 -0.025  1         0.00000  0
 0.875  0.000  1      1216.74079  0
 0.900 -0.075 -1         0.00000  0
 0.900 -0.050 -1         0.00000  0
 0.900 -0.025  1         0.00000  0
 0.900  0.000  1      1278.08546  0
 0.925 -0.075 -1         0.00000  0
 0.925 -0.050 -1         0.00000  0
 0.925 -0.025  1         0.00000  0
 0.925  0.000  1      2532.89409  0
 0.950 -0.075 -1         0.00000  0
 0.950 -0.050 -1         0.00000  0
 0.950 -0.025  1         0.00000  0
 0.950  0.000  1      1626.81096  0
 0.975 -0.075 -1         0.00000  0
 0.975 -0.050 -1         0.00000  0
 0.975 -0.025  1         0.00000  0
 0.975  0.000  1      4212.86345  0
 1.000 -0.075 -1         0.00000  0
 1.000 -0.050 -1         0.00000  0
 1.000 -0.025  1         0.00000  0
 1.000  0.000  1       545.15021  0
 1.025 -0.075 -1         0.00000  0
 1.025 -0.050 -1         0.00000  0
 1.025 -0.025  1         0.00000  0
 1.025  0.000  1         0.00000  0
 1.025  0.025  1      2765.83804  0
 1.025  0.050  1      2971.99083  0
 1.025  0.075  1        72.38434  0
 1.025  0.100  1      2807.36488  0
 1.025  0.125  1         0.00000  0
 1.025  0.150  1         0.00000  0
 1.025  0.175  1         0.00000  0
 1.025  0.200  1         0.00000  0
 1.025  0.225  1         0.00000  0
 1.025  0.250  1         0.00000  0
 1.025  0.275  1         0.00000  0
 1.025  0.300  1         0.00000  0
 1.025  0.325  1         0.00000  0
 1.025  0.350  1         0.00000  0
 1.025  0.375  1         0.00000  0
 1.025  0.400  1         0.00000  0
 1.025  0.425  1         0.00000  0
 1.025  0.450  1         0.00000  0
 1.025  0.475  1         0.00000  0
 1.025  0.500  1         0.00000  0
 1.025  0.525  1         0.00000  0
 1.025  0.550  1         0.00000  0
 1.025  0.575  1         0.00000  0
 1.025  0.600  1         0.00000  0
 1.050 -0.075 -1         0.00000  0
 1.050 -0.050 -1         0.00000  0
 1.050 -0.025  1         0.00000  0
 1.050  0.000  1         0.00000  0
 1.050  0.025  1         0.00000  0
 1.050  0.050  1         0.00000  0
 1.050  0.075  1         0.00000  0
 1.050  0.100  1         0.00000  0
 1.050  0.125  1         0.00000  0
 1.050  0.150  1         0.00000  0
 1.050  0.175  1         0.00000  0
 1.050  0.200  1         0.00000  0
 1.050  0.225  1         0.00000  0
 1.050  0.250  1         0.00000  0
 1.050  0.275  1         0.00000  0
 1.050  0.300  1         0.00000  0
 1.050  0.325  1         0.00000  0
 1.050  0.350  1         0.00000  0
 1.050  0.375  1         0.00000  0
 1.050  0.400  1         0.00000  0
 1.050  0.425  1         0.00000  0
 1.050  0.450  1         0.00000  0
 1.050  0.475  1         0.00000  0
 1.050  0.500  1         0.00000  0
 1.050  0.525  1         0.00000  0
 1.050  0.550  1         0.00000  0
 1.050  0.575  1         0.00000  0
 1.050  0.600  1         0.00000  0
 1.075 -0.075 -1         0.00000  0
 1.075 -0.050 -1         0.00000  0
 1.075 -0.025 -1         0.00000  0
 1.075  0.000 -1         0.00000  0
 1.075  0.025 -1         0.00000  0
 1.075  0.050 -1         0.00000  0
 1.075  0.075 -1         0.00000  0
 1.075  0.100 -1         0.00000  0
 1.075  0.125 -1         0.00000  0
 1.075  0.150 -1         0.00000  0
 1.075  0.175 -1         0.00000  0
 1.075  0.200 -1         0.00000  0
 1.075  0.225 -1         0.00000  0
 1.075  0.250 -1         0.00000  0
 1.075  0.275 -1         0.00000  0
 1.075  0.300 -1         0.00000  0
 1.075  0.325 -1         0.00000  0
 1.075  0.350 -1         0.00000  0
 1.075  0.375 -1         0.00000  0
 1.075  0.400 -1         0.00000  0
 1.075  0.425 -1         0.00000  0
 1.075  0.450 -1         0.00000  0
 1.075  0.475 -1         0.00000  0
 1.075  0.500 -1         0.00000  0
 1.075  0.525 -1         0.00000  0
 1.075  0.550 -1         0.00000  0
 1.075  0.575  1         0.00000  0
 1.075  0.600  1         0.00000  0
 1.100 -0.075 -1         0.00000  0
 1.100 -0.050 -1         0.00000  0
 1.100 -0.025 -1         0.00000  0
 1.100  0.000 -1         0.00000  0
 1.100  0.025 -1         0.00000  0
 1.100  0.050 -1         0.00000  0
 1.100  0.075 -1         0.00000  0
 1.100  0.100 -1         0.00000  0
 1.100  0.125 -1         0.00000  0
 1.100  0.150 -1         0.00000  0
 1.100  0.175 -1         0.00000  0
 1.100  0.200 -1         0.00000  0
 1.100  0.225 -1         0.00000  0
 1.100  0.250 -1         0.00000  0
 1.100  0.275 -1         0.00000  0
 1.100  0.300 -1         0.00000  0
 1.100  0.325 -1         0.00000  0
 1.100  0.350 -1         0.00000  0
 1.100  0.375 -1         0.00000  0
 1.100  0.400 -1         0.00000  0
 1.100  0.425 -1         0.00000  0
 1.100  0.450 -1         0.00000  0
 1.100  0.475 -1         0.00000  0
 1.100  0.500 -1         0.00000  0
 1.100  0.525 -1         0.00000  0
 1.100  0.550 -1         0.00000  0
 1.100  0.575  1         0.00000  0
 1.100  0.600  1         0.00000  0
