-0.060 -0.060 -1         0.00000  0
-0.060 -0.040 -1         0.00000  0
-0.060 -0.020 -1         0.00000  0
-0.060  0.000 -1         0.00000  0
-0.060  0.020 -1         0.00000  0
-0.060  0.040 -1         0.00000  0
-0.060  0.060 -1         0.00000  0
-0.060  0.080 -1         0.00000  0
-0.060  0.100 -1         0.00000  0
-0.060  0.120 -1         0.00000  0
-0.060  0.140 -1         0.00000  0
-0.060  0.160 -1         0.00000  0
-0.060  0.180 -1         0.00000  0
-0.060  0.200 -1         0.00000  0
-0.060  0.220 -1         0.00000  0
-0.060  0.240 -1         0.00000  0
-0.060  0.260 -1         0.00000  0
-0.060  0.280 -1         0.00000  0
-0.060  0.300 -1         0.00000  0
-0.060  0.320 -1         0.00000  0
-0.060  0.340 -1         0.00000  0
-0.060  0.360 -1         0.00000  0
-0.060  0.380 -1         0.00000  0
-0.060  0.400 -1         0.00000  0
-0.060  0.420 -1         0.00000  0
-0.060  0.440 -1         0.00000  0
-0.060  0.460 -1         0.00000  0
-0.060  0.480 -1         0.00000  0
-0.060  0.500 -1         0.00000  0
-0.060  0.520 -1         0.00000  0
-0.060  0.540 -1         0.00000  0
-0.060  0.560 -1         0.00000  0
-0.060  0.580  1         0.00000  0
-0.060  0.600  1         0.00000  0
-0.040 -0.060 -1         0.00000  0
-0.040 -0.040 -1         0.00000  0
-0.040 -0.020 -1         0.00000  0
-0.040  0.000 -1         0.00000  0
-0.040  0.020 -1         0.00000  0
-0.040  0.040 -1         0.00000  0
-0.040  0.060 -1         0.00000  0
-0.040  0.080 -1         0.00000  0
-0.040  0.100 -1         0.00000  0
-0.040  0.120 -1         0.00000  0
-0.040  0.140 -1         0.00000  0
-0.040  0.160 -1         0.00000  0
-0.040  0.180 -1         0.00000  0
-0.040  0.200 -1         0.00000  0
-0.040  0.220 -1         0.00000  0
-0.040  0.240 -1         0.00000  0
-0.040  0.260 -1         0.00000  0
-0.040  0.280 -1         0.00000  0
-0.040  0.300 -1         0.00000  0
-0.040  0.320 -1         0.00000  0
-0.040  0.340 -1         0.00000  0
-0.040  0.360 -1         0.00000  0
-0.040  0.380 -1         0.00000  0
-0.040  0.400 -1         0.00000  0
-0.040  0.420 -1         0.00000  0
-0.040  0.440 -1         0.00000  0
-0.040  0.460 -1         0.00000  0
-0.040  0.480 -1         0.00000  0
-0.040  0.500 -1         0.00000  0
-0.040  0.520 -1         0.00000  0
-0.040  0.540 -1         0.00000  0
-0.040  0.560 -1         0.00000  0
-0.040  0.580  1         0.00000  0
-0.040  0.600  1         0.00000  0
-0.020 -0.060 -1         0.00000  0
-0.020 -0.040 -1         0.00000  0
-0.020 -0.020  1         0.00000  0
-0.020  0.000  1         0.00000  0
-0.020  0.020  1         0.00000  0
-0.020  0.040  1         0.00000  0
-0.020  0.060  1         0.00000  0
-0.020  0.080  1         0.00000  0
-0.020  0.100  1         0.00000  0
-0.020  0.120  1         0.00000  0
-0.020  0.140  1         0.00000  0
-0.020  0.160  1         0.00000  0
-0.020  0.180  1         0.00000  0
-0.020  0.200  1         0.00000  0
-0.020  0.220  1         0.00000  0
-0.020  0.240  1         0.00000  0
-0.020  0.260  1         0.00000  0
-0.020  0.280  1         0.00000  0
-0.020  0.300  1         0.00000  0
-0.020  0.320  1         0.00000  0
-0.020  0.340  1         0.00000  0
-0.020  0.360  1         0.00000  0
-0.020  0.380  1         0.00000  0
-0.020  0.400  1         0.00000  0
-0.020  0.420  1         0.00000  0
-0.020  0.440  1         0.00000  0
-0.020  0.460  1         0.00000  0
-0.020  0.480  1         0.00000  0
-0.020  0.500  1         0.00000  0
-0.020  0.520  1         0.00000  0
-0.020  0.540  1         0.00000  0
-0.020  0.560  1         0.00000  0
-0.020  0.580  1         0.00000  0
-0.020  0.600  1         0.00000  0
 0.000 -0.060 -1         0.00000  0
 0.000 -0.040 -1         0.00000  0
 0.000 -0.020  1         0.00000  0
 0.000  0.000  1         0.00000  0
 0.000  0.020  1         0.00000  0
 0.000  0.040  1      1259.20935  0
 0.000  0.060  1         0.00000  0
 0.000  0.080  1         0.00000  0
 0.000  0.100  1         0.00000  0
 0.000  0.120  1         0.00000  0
 0.000  0.140  1         0.00000  0
 0.000  0.160  1         0.00000  0
 0.000  0.180  1         0.00000  0
 0.000  0.200  1         0.00000  0
 0.000  0.220  1         0.00000  0
 0.000  0.240  1         0.00000  0
 0.000  0.260  1         0.00000  0
 0.000  0.280  1         0.00000  0
 0.000  0.300  1         0.00000  0
 0.000  0.320  1         0.00000  0
 0.000  0.340  1         0.00000  0
 0.000  0.360  1         0.00000  0
 0.000  0.380  1         0.00000  0
 0.000  0.400  1         0.00000  0
 0.000  0.420  1         0.00000  0
 0.000  0.440  1         0.00000  0
 0.000  0.460  1         0.00000  0
 0.000  0.480  1         0.00000  0
 0.000  0.500  1         0.00000  0
 0.000  0.520  1         0.00000  0
 0.000  0.540  1         0.00000  0
 0.000  0.560  1         0.00000  0
 0.000  0.580  1         0.00000  0
 0.000  0.600  1         0.00000  0
 0.020 -0.060 -1         0.00000  0
 0.020 -0.040 -1         0.00000  0
 0.020 -0.020  1         0.00000  0
 0.020  0.000  1      3054.35804  0
 0.378  0.018  0       580.44352  0
 0.146  0.038  0       548.21369  0
 0.193  0.089  0         0.00000  0
 0.514  0.047  0      2217.25837  0
 0.117  0.079  0        43.82859  0
 0.083  0.059  0      1209.16345  0
 0.419  0.070  0         0.00000  0
 0.726  0.081  0      2422.75425  0
 0.421  0.017  0      1440.23775  0
 0.048  0.019  0      2907.83250  0
 0.088  0.104  0         0.00000  0
 0.425  0.054  0       243.56076  0
 0.070  0.082  0         0.00000  0
 0.126  0.090  0         0.00000  0
 0.092  0.076  0         0.00000  0
 0.533  0.068  0      3705.91538  0
 0.406  0.098  0         0.00000  0
 0.018  0.035  0      2345.19127  0
 0.105  0.062  0      2282.33152  0
 0.023  0.018  0       687.99357  0
 0.132  0.018  0      3869.02357  0
 0.168  0.070  0      1801.80367  0
 0.110  0.019  0      1410.98901  0
 0.258  0.049  0       351.82364  0
 0.380  0.069  0         0.00000  0
 0.040 -0.060 -1         0.00000  0
 0.040 -0.040 -1         0.00000  0
 0.040 -0.020  1         0.00000  0
 0.040  0.000  1       181.96763  0
 0.307  0.022  0         0.00000  0
 0.396  0.115  0         0.00000  0
 0.448  0.079  0         0.00000  0
 0.437  0.040  0      3032.79614  0
 0.035  0.103  0         0.00000  0
 0.329  0.116  0         0.00000  0
 0.386  0.051  0         0.00000  0
 0.367  0.045  0       235.21818  0
 0.502  0.060  0      1511.81704  0
 0.221  0.030  0      1399.15567  0
 0.282  0.094  0         0.00000  0
 0.123  0.062  0       935.25067  0
 0.810  0.148  0         0.00000  0
 0.365  0.082  0         0.00000  0
 0.443  0.023  0      1945.19464  0
 0.324  0.047  0       750.62936  0
 0.466  0.074  0       347.73288  0
 0.210  0.014  0      1051.49444  0
 0.287  0.016  0       132.01059  0
 0.039  0.084  0      1113.80859  0
 0.271  0.062  0      2847.35100  0
 0.239  0.093  0         0.00000  0
 0.245  0.077  0       677.21463  0
 0.045  0.054  0      2498.46126  0
 0.233  0.038  0      1347.25084  0
 0.060 -0.060 -1         0.00000  0
 0.060 -0.040 -1         0.00000  0
 0.060 -0.020  1         0.00000  0
 0.060  0.000  1      4496.18011  0
 0.355  0.097  0         0.00000  0
 0.249  0.015  0       227.11708  0
 0.327  0.019  0         0.00000  0
 0.490  0.068  0      1759.20804  0
 0.480  0.020  0      2043.90550  0
 0.701  0.028  0      3170.42584  0
 0.648  0.023  0       628.08364  0
 0.997  0.103  0         0.00000  0
 0.642  0.068  0         0.00000  0
 0.125  0.038  0      1695.40480  0
 0.144  0.076  0       123.03956  0
 0.261  0.119  0         0.00000  0
 0.465  0.043  0         0.00000  0
 0.689  0.167  0         0.00000  0
 0.376  0.097  0         0.00000  0
 0.433  0.077  0         0.00000  0
 0.298  0.087  0         0.00000  0
 0.450  0.055  0         0.00000  0
 0.318  0.103  0         0.00000  0
 0.028  0.056  0         0.00000  0
 0.040  0.036  0      1599.81785  0
 0.181  0.032  0       417.61204  0
 0.261  0.081  0       367.67352  0
 0.154  0.020  0         0.00000  0
 0.330  0.076  0         0.00000  0
 0.080 -0.060 -1         0.00000  0
 0.080 -0.040 -1         0.00000  0
 0.080 -0.020  1         0.00000  0
 0.080  0.000  1      3760.74501  0
 0.743  0.095  0      4552.62669  0
 0.614  0.072  0       800.06592  0
 0.108  0.040  0      3069.47299  0
 0.061  0.037  0         0.00000  0
 0.716  0.154  0         0.00000  0
 0.671  0.125  0      1349.01350  0
 0.529  0.039  0         0.00000  0
 0.807  0.082  0         0.00000  0
 0.750  0.171  0         0.00000  0
 0.684  0.142  0         0.00000  0
 0.184  0.076  0         0.00000  0
 0.834  0.103  0       101.14815  0
 0.089  0.038  0       151.28145  0
 0.057  0.102  0         0.00000  0
 0.511  0.085  0         0.00000  0
 0.503  0.034  0      2490.76947  0
 0.569  0.018  0         0.00000  0
 0.767  0.118  0         0.00000  0
 0.144  0.052  0         0.00000  0
 0.795  0.215  0         0.00000  0
 0.225  0.075  0         0.00000  0
 0.069  0.018  0      3416.06663  0
 0.362  0.032  0       931.06728  0
 0.553  0.069  0       161.07272  0
 0.022  0.092  0         0.00000  0
 0.100 -0.060 -1         0.00000  0
 0.100 -0.040 -1         0.00000  0
 0.100 -0.020  1         0.00000  0
 0.100  0.000  1       909.51507  0
 0.737  0.020  0      2287.51315  0
 0.825  0.039  0      1183.98512  0
 0.681  0.107  0       680.56361  0
 0.792  0.074  0      1365.28824  0
 0.052  0.074  0      1289.82939  0
 0.298  0.036  0         0.00000  0
 0.663  0.105  0      3499.67796  0
 0.911  0.094  0         0.00000  0
 0.745  0.076  0      2938.48808  0
 0.660  0.066  0      1215.60987  0
 0.348  0.055  0         0.00000  0
 0.217  0.053  0         0.00000  0
 0.788  0.127  0         0.00000  0
 0.545  0.051  0         0.00000  0
 0.509  0.016  0      1902.54001  0
 0.708  0.043  0      4412.06893  0
 0.335  0.038  0         0.00000  0
 0.209  0.068  0       855.60858  0
 0.562  0.042  0         0.00000  0
 0.203  0.087  0         0.00000  0
 0.395  0.024  0         0.00000  0
 0.533  0.019  0      3136.16385  0
 0.461  0.019  0      2734.82793  0
 0.196  0.116  0         0.00000  0
 0.259  0.028  0         0.00000  0
 0.120 -0.060 -1         0.00000  0
 0.120 -0.040 -1         0.00000  0
 0.120 -0.020  1         0.00000  0
 0.120  0.000  1      1705.65894  0
 0.851  0.157  0         0.00000  0
 0.824  0.078  0      1658.85499  0
 0.978  0.021  0       198.53591  0
 0.990  0.036  0      2398.99202  0
 0.956  0.052  0       598.09598  0
 0.784  0.045  0         0.00000  0
 0.859  0.052  0      1861.44431  0
 0.738  0.118  0         0.00000  0
 0.315  0.061  0         0.00000  0
 0.541  0.122  0         0.00000  0
 0.723  0.048  0      2166.56372  0
 0.591  0.040  0       261.51395  0
 0.685  0.089  0         0.00000  0
 0.618  0.058  0       988.53136  0
 0.484  0.036  0      1802.27638  0
 0.637  0.085  0      1755.78457  0
 0.767  0.146  0         0.00000  0
 0.335  0.092  0         0.00000  0
 0.089  0.020  0      1542.61684  0
 0.200  0.034  0      1369.12571  0
 0.275  0.036  0      1096.34411  0
 0.398  0.040  0      1727.59416  0
 0.501  0.091  0       931.33763  0
 0.550  0.096  0      1855.41223  0
 0.462  0.097  0      1684.39470  0
 0.140 -0.060 -1         0.00000  0
 0.140 -0.040 -1         0.00000  0
 0.140 -0.020  1         0.00000  0
 0.140  0.000  1      2816.83914  0
 0.867  0.091  0         0.00000  0
 0.963  0.035  0      1767.83874  0
 0.953  0.136  0         0.00000  0
 0.773  0.020  0      2516.70077  0
 0.759  0.060  0      1546.44542  0
 0.890  0.093  0         0.00000  0
 0.775  0.163  0         0.00000  0
 0.942  0.163  0         0.00000  0
 0.719  0.018  0       556.37366  0
 0.763  0.181  0         0.00000  0
 0.925  0.101  0         0.00000  0
 0.924  0.032  0       768.90429  0
 0.684  0.070  0      2330.71617  0
 0.599  0.097  0         0.00000  0
 0.668  0.040  0       968.47448  0
 0.804  0.032  0         0.00000  0
 0.806  0.116  0         0.00000  0
 0.757  0.145  0         0.00000  0
 0.665  0.144  0         0.00000  0
 0.813  0.199  0         0.00000  0
 0.473  0.059  0      1998.15178  0
 0.400  0.087  0         0.00000  0
 0.681  0.047  0         0.00000  0
 0.248  0.109  0         0.00000  0
 0.451  0.105  0         0.00000  0
 0.160 -0.060 -1         0.00000  0
 0.160 -0.040 -1         0.00000  0
 0.160 -0.020  1         0.00000  0
 0.160  0.000  1         0.00000  0
 0.240  0.054  0         0.00000  0
 0.880  0.022  0         0.00000  0
 0.638  0.145  0         0.00000  0
 0.847  0.120  0      1758.55174  0
 0.888  0.053  0         0.00000  0
 0.839  0.144  0         0.00000  0
 0.948  0.072  0        98.56089  0
 0.717  0.095  0      1344.47888  0
 0.966  0.105  0         0.00000  0
 0.632  0.125  0         0.00000  0
 0.975  0.071  0      1030.60387  0
 0.915  0.072  0      1286.52721  0
 0.399  0.069  0         0.00000  0
 0.606  0.020  0       404.66590  0
 0.978  0.093  0       809.80802  0
 1.000  0.019  0         0.00000  0
 0.821  0.020  0      2563.98684  0
 0.776  0.068  0      1089.93261  0
 0.921  0.130  0       115.16336  0
 0.857  0.105  0       876.87468  0
 0.699  0.150  0         0.00000  0
 0.696  0.128  0         0.00000  0
 0.926  0.156  0         0.00000  0
 0.303  0.127  0         0.00000  0
 0.598  0.079  0         0.00000  0
 0.180 -0.060 -1         0.00000  0
 0.180 -0.040 -1         0.00000  0
 0.180 -0.020  1         0.00000  0
 0.180  0.000  1         0.00000  0
 0.630  0.097  0         0.00000  0
 1.004  0.048  0       771.86384  0
 0.956  0.086  0       933.15891  0
 0.768  0.089  0         0.00000  0
 0.999  0.128  0         0.00000  0
 0.909  0.054  0      2294.37706  0
 0.798  0.051  0      1940.76491  0
 0.883  0.151  0         0.00000  0
 0.616  0.035  0      2098.05889  0
 0.745  0.043  0      1529.72448  0
 0.350  0.017  0         0.00000  0
 0.977  0.053  0         0.00000  0
 0.862  0.127  0      1295.12848  0
 0.903  0.018  0      1499.30381  0
 0.419  0.034  0         0.00000  0
 0.289  0.049  0         0.00000  0
 0.731  0.129  0         0.00000  0
 0.840  0.084  0      2289.35395  0
 0.068  0.055  0      1622.18807  0
 0.959  0.122  0       220.86534  0
 0.755  0.023  0      2611.07180  0
 0.633  0.042  0         0.00000  0
 0.945  0.103  0         0.00000  0
 0.654  0.138  0         0.00000  0
 0.776  0.177  0         0.00000  0
 0.200 -0.060 -1         0.00000  0
 0.200 -0.040 -1         0.00000  0
 0.200 -0.020  1         0.00000  0
 0.200  0.000  1       613.72008  0
 0.549  0.023  0         0.00000  0
 0.793  0.111  0      1274.20644  0
 0.992  0.069  0         0.00000  0
 0.855  0.071  0         0.00000  0
 0.927  0.054  0       442.49107  0
 0.874  0.071  0      2197.27901  0
 0.987  0.118  0         0.00000  0
 0.588  0.124  0         0.00000  0
 0.536  0.104  0         0.00000  0
 0.624  0.119  0         0.00000  0
 0.818  0.102  0         0.00000  0
 0.703  0.110  0         0.00000  0
 0.490  0.107  0         0.00000  0
 0.838  0.020  0       974.10492  0
 0.956  0.019  0       423.16778  0
 0.755  0.107  0       214.65030  0
 0.933  0.017  0      2907.62487  0
 0.836  0.055  0         0.00000  0
 0.572  0.054  0         0.00000  0
 0.782  0.093  0       937.29189  0
 0.882  0.109  0      2134.72813  0
 0.912  0.116  0         0.00000  0
 0.598  0.111  0         0.00000  0
 0.764  0.042  0      1561.37307  0
 0.665  0.020  0      2203.47676  0
 0.220 -0.060 -1         0.00000  0
 0.220 -0.040 -1         0.00000  0
 0.220 -0.020  1         0.00000  0
 0.220  0.000  1      1174.45763  0
 0.687  0.017  0       672.00767  0
 0.892  0.120  0         0.00000  0
 0.707  0.079  0         0.00000  0
 0.822  0.146  0       875.97536  0
 0.986  0.141  0         0.00000  0
 0.454  0.117  0         0.00000  0
 1.002  0.083  0        74.46973  0
 0.891  0.072  0       173.29890  0
 1.004  0.151  0         0.00000  0
 0.970  0.149  0         0.00000  0
 0.586  0.022  0      2618.64922  0
 0.874  0.041  0      1840.49828  0
 0.306  0.077  0         0.00000  0
 0.940  0.131  0      3061.97723  0
 0.580  0.113  0         0.00000  0
 0.826  0.130  0       408.85921  0
 0.912  0.146  0         0.00000  0
 0.819  0.058  0      1016.67350  0
 0.716  0.120  0       426.54600  0
 0.727  0.152  0         0.00000  0
 0.581  0.082  0      1255.74531  0
 0.734  0.059  0      3364.33272  0
 0.647  0.105  0       962.06258  0
 0.863  0.019  0      1740.69817  0
 0.930  0.080  0         0.00000  0
 0.240 -0.060 -1         0.00000  0
 0.240 -0.040 -1         0.00000  0
 0.240 -0.020  1         0.00000  0
 0.240  0.000  1       771.06069  0
 0.649  0.049  0      1750.42274  0
 0.791  0.018  0      1667.17149  0
 0.192  0.049  0         0.00000  0
 0.896  0.149  0         0.00000  0
 0.903  0.034  0      1973.99510  0
 0.796  0.169  0         0.00000  0
 0.696  0.060  0      1474.75534  0
 0.941  0.042  0       111.03963  0
 0.873  0.139  0         0.00000  0
 0.172  0.020  0      1533.67110  0
 0.076  0.099  0         0.00000  0
 0.350  0.071  0      1710.59262  0
 0.532  0.082  0         0.00000  0
 0.596  0.054  0       127.85564  0
 0.017  0.070  0      1982.03324  0
 0.665  0.084  0      1024.64247  0
 0.567  0.080  0       869.47473  0
 0.278  0.078  0      2142.53863  0
 0.102  0.098  0         0.00000  0
 0.557  0.110  0         0.00000  0
 0.851  0.035  0         0.00000  0
 0.173  0.053  0         0.00000  0
 0.630  0.017  0      1934.94244  0
 0.155  0.077  0      2604.07379  0
 0.483  0.095  0      2312.11291  0
 0.260 -0.060 -1         0.00000  0
 0.260 -0.040 -1         0.00000  0
 0.260 -0.020  1         0.00000  0
 0.260  0.000  1      1165.27400  0
 0.280 -0.060 -1         0.00000  0
 0.280 -0.040 -1         0.00000  0
 0.280 -0.020  1         0.00000  0
 0.280  0.000  1         0.00000  0
 0.300 -0.060 -1         0.00000  0
 0.300 -0.040 -1         0.00000  0
 0.300 -0.020  1         0.00000  0
 0.300  0.000  1      1649.52029  0
 0.320 -0.060 -1         0.00000  0
 0.320 -0.040 -1         0.00000  0
 0.320 -0.020  1         0.00000  0
 0.320  0.000  1         0.00000  0
 0.340 -0.060 -1         0.00000  0
 0.340 -0.040 -1         0.00000  0
 0.340 -0.020  1         0.00000  0
 0.340  0.000  1       417.92531  0
 0.360 -0.060 -1         0.00000  0
 0.360 -0.040 -1         0.00000  0
 0.360 -0.020  1         0.00000  0
 0.360  0.000  1      1719.76827  0
 0.380 -0.060 -1         0.00000  0
 0.380 -0.040 -1         0.00000  0
 0.380 -0.020  1         0.00000  0
 0.380  0.000  1      3046.66419  0
 0.400 -0.060 -1         0.00000  0
 0.400 -0.040 -1         0.00000  0
 0.400 -0.020  1         0.00000  0
 0.400  0.000  1         0.00000  0
 0.420 -0.060 -1         0.00000  0
 0.420 -0.040 -1         0.00000  0
 0.420 -0.020  1         0.00000  0
 0.420  0.000  1      3461.21527  0
 0.440 -0.060 -1         0.00000  0
 0.440 -0.040 -1         0.00000  0
 0.440 -0.020  1         0.00000  0
 0.440  0.000  1         0.00000  0
 0.460 -0.060 -1         0.00000  0
 0.460 -0.040 -1         0.00000  0
 0.460 -0.020  1         0.00000  0
 0.460  0.000  1      2050.51113  0
 0.480 -0.060 -1         0.00000  0
 0.480 -0.040 -1         0.00000  0
 0.480 -0.020  1         0.00000  0
 0.480  0.000  1         0.00000  0
 0.500 -0.060 -1         0.00000  0
 0.500 -0.040 -1         0.00000  0
 0.500 -0.020  1         0.00000  0
 0.500  0.000  1         0.00000  0
 0.520 -0.060 -1         0.00000  0
 0.520 -0.040 -1         0.00000  0
 0.520 -0.020  1         0.00000  0
 0.520  0.000  1      3209.65487  0
 0.540 -0.060 -1         0.00000  0
 0.540 -0.040 -1         0.00000  0
 0.540 -0.020  1         0.00000  0
 0.540  0.000  1      2815.99753  0
 0.560 -0.060 -1         0.00000  0
 0.560 -0.040 -1         0.00000  0
 0.560 -0.020  1         0.00000  0
 0.560  0.000  1      2092.50451  0
 0.580 -0.060 -1         0.00000  0
 0.580 -0.040 -1         0.00000  0
 0.580 -0.020  1         0.00000  0
 0.580  0.000  1       635.87833  0
 0.600 -0.060 -1         0.00000  0
 0.600 -0.040 -1         0.00000  0
 0.600 -0.020  1         0.00000  0
 0.600  0.000  1         0.00000  0
 0.620 -0.060 -1         0.00000  0
 0.620 -0.040 -1         0.00000  0
 0.620 -0.020  1         0.00000  0
 0.620  0.000  1      1990.99751  0
 0.640 -0.060 -1         0.00000  0
 0.640 -0.040 -1         0.00000  0
 0.640 -0.020  1         0.00000  0
 0.640  0.000  1      1481.83522  0
 0.660 -0.060 -1         0.00000  0
 0.660 -0.040 -1         0.00000  0
 0.660 -0.020  1         0.00000  0
 0.660  0.000  1      1425.13410  0
 0.680 -0.060 -1         0.00000  0
 0.680 -0.040 -1         0.00000  0
 0.680 -0.020  1         0.00000  0
 0.680  0.000  1      2074.31901  0
 0.700 -0.060 -1         0.00000  0
 0.700 -0.040 -1         0.00000  0
 0.700 -0.020  1         0.00000  0
 0.700  0.000  1         0.00000  0
 0.720 -0.060 -1         0.00000  0
 0.720 -0.040 -1         0.00000  0
 0.720 -0.020  1         0.00000  0
 0.720  0.000  1      5255.69912  0
 0.740 -0.060 -1         0.00000  0
 0.740 -0.040 -1         0.00000  0
 0.740 -0.020  1         0.00000  0
 0.740  0.000  1      4821.18436  0
 0.760 -0.060 -1         0.00000  0
 0.760 -0.040 -1         0.00000  0
 0.760 -0.020  1         0.00000  0
 0.760  0.000  1       252.04115  0
 0.780 -0.060 -1         0.00000  0
 0.780 -0.040 -1         0.00000  0
 0.780 -0.020  1         0.00000  0
 0.780  0.000  1      2972.35403  0
 0.800 -0.060 -1         0.00000  0
 0.800 -0.040 -1         0.00000  0
 0.800 -0.020  1         0.00000  0
 0.800  0.000  1         0.00000  0
 0.820 -0.060 -1         0.00000  0
 0.820 -0.040 -1         0.00000  0
 0.820 -0.020  1         0.00000  0
 0.820  0.000  1        72.68763  0
 0.840 -0.060 -1         0.00000  0
 0.840 -0.040 -1         0.00000  0
 0.840 -0.020  1         0.00000  0
 0.840  0.000  1      1012.92022  0
 0.860 -0.060 -1         0.00000  0
 0.860 -0.040 -1         0.00000  0
 0.860 -0.020  1         0.00000  0
 0.860  0.000  1      2229.10825  0
 0.880 -0.060 -1         0.00000  0
 0.880 -0.040 -1         0.00000  0
 0.880 -0.020  1         0.00000  0
 0.880  0.000  1         0.00000  0
 0.900 -0.060 -1         0.00000  0
 0.900 -0.040 -1         0.00000  0
 0.900 -0.020  1         0.00000  0
 0.900  0.000  1         0.00000  0
 0.920 -0.060 -1         0.00000  0
 0.920 -0.040 -1         0.00000  0
 0.920 -0.020  1         0.00000  0
 0.920  0.000  1         0.00000  0
 0.940 -0.060 -1         0.00000  0
 0.940 -0.040 -1         0.00000  0
 0.940 -0.020  1         0.00000  0
 0.940  0.000  1      2302.68876  0
 0.960 -0.060 -1         0.00000  0
 0.960 -0.040 -1         0.00000  0
 0.960 -0.020  1         0.00000  0
 0.960  0.000  1      2278.81577  0
 0.980 -0.060 -1         0.00000  0
 0.980 -0.040 -1         0.00000  0
 0.980 -0.020  1         0.00000  0
 0.980  0.000  1         0.00000  0
 1.000 -0.060 -1         0.00000  0
 1.000 -0.040 -1         0.00000  0
 1.000 -0.020  1         0.00000  0
 1.000  0.000  1      2968.02717  0
 1.020 -0.060 -1         0.00000  0
 1.020 -0.040 -1         0.00000  0
 1.020 -0.020  1         0.00000  0
 1.020  0.000  1         0.00000  0
 1.020  0.020  1         0.00000  0
 1.020  0.040  1      1227.12025  0
 1.020  0.060  1         0.00000  0
 1.020  0.080  1         0.00000  0
 1.020  0.100  1         0.00000  0
 1.020  0.120  1         0.00000  0
 1.020  0.140  1         0.00000  0
 1.020  0.160  1         0.00000  0
 1.020  0.180  1         0.00000  0
 1.020  0.200  1         0.00000  0
 1.020  0.220  1         0.00000  0
 1.020  0.240  1         0.00000  0
 1.020  0.260  1         0.00000  0
 1.020  0.280  1         0.00000  0
 1.020  0.300  1         0.00000  0
 1.020  0.320  1         0.00000  0
 1.020  0.340  1         0.00000  0
 1.020  0.360  1         0.00000  0
 1.020  0.380  1         0.00000  0
 1.020  0.400  1         0.00000  0
 1.020  0.420  1         0.00000  0
 1.020  0.440  1         0.00000  0
 1.020  0.460  1         0.00000  0
 1.020  0.480  1         0.00000  0
 1.020  0.500  1         0.00000  0
 1.020  0.520  1         0.00000  0
 1.020  0.540  1         0.00000  0
 1.020  0.560  1         0.00000  0
 1.020  0.580  1         0.00000  0
 1.020  0.600  1         0.00000  0
 1.040 -0.060 -1         0.00000  0
 1.040 -0.040 -1         0.00000  0
 1.040 -0.020  1         0.00000  0
 1.040  0.000  1         0.00000  0
 1.040  0.020  1         0.00000  0
 1.040  0.040  1         0.00000  0
 1.040  0.060  1         0.00000  0
 1.040  0.080  1         0.00000  0
 1.040  0.100  1         0.00000  0
 1.040  0.120  1         0.00000  0
 1.040  0.140  1         0.00000  0
 1.040  0.160  1         0.00000  0
 1.040  0.180  1         0.00000  0
 1.040  0.200  1         0.00000  0
 1.040  0.220  1         0.00000  0
 1.040  0.240  1         0.00000  0
 1.040  0.260  1         0.00000  0
 1.040  0.280  1         0.00000  0
 1.040  0.300  1         0.00000  0
 1.040  0.320  1         0.00000  0
 1.040  0.340  1         0.00000  0
 1.040  0.360  1         0.00000  0
 1.040  0.380  1         0.00000  0
 1.040  0.400  1         0.00000  0
 1.040  0.420  1         0.00000  0
 1.040  0.440  1         0.00000  0
 1.040  0.460  1         0.00000  0
 1.040  0.480  1         0.00000  0
 1.040  0.500  1         0.00000  0
 1.040  0.520  1         0.00000  0
 1.040  0.540  1         0.00000  0
 1.040  0.560  1         0.00000  0
 1.040  0.580  1         0.00000  0
 1.040  0.600  1         0.00000  0
 1.060 -0.060 -1         0.00000  0
 1.060 -0.040 -1         0.00000  0
 1.060 -0.020 -1         0.00000  0
 1.060  0.000 -1         0.00000  0
 1.060  0.020 -1         0.00000  0
 1.060  0.040 -1         0.00000  0
 1.060  0.060 -1         0.00000  0
 1.060  0.080 -1         0.00000  0
 1.060  0.100 -1         0.00000  0
 1.060  0.120 -1         0.00000  0
 1.060  0.140 -1         0.00000  0
 1.060  0.160 -1         0.00000  0
 1.060  0.180 -1         0.00000  0
 1.060  0.200 -1         0.00000  0
 1.060  0.220 -1         0.00000  0
 1.060  0.240 -1         0.00000  0
 1.060  0.260 -1         0.00000  0
 1.060  0.280 -1         0.00000  0
 1.060  0.300 -1         0.00000  0
 1.060  0.320 -1         0.00000  0
 1.060  0.340 -1         0.00000  0
 1.060  0.360 -1         0.00000  0
 1.060  0.380 -1         0.00000  0
 1.060  0.400 -1         0.00000  0
 1.060  0.420 -1         0.00000  0
 1.060  0.440 -1         0.00000  0
 1.060  0.460 -1         0.00000  0
 1.060  0.480 -1         0.00000  0
 1.060  0.500 -1         0.00000  0
 1.060  0.520 -1         0.00000  0
 1.060  0.540 -1         0.00000  0
 1.060  0.560 -1         0.00000  0
 1.060  0.580  1         0.00000  0
 1.060  0.600  1         0.00000  0
 1.080 -0.060 -1         0.00000  0
 1.080 -0.040 -1         0.00000  0
 1.080 -0.020 -1         0.00000  0
 1.080  0.000 -1         0.00000  0
 1.080  0.020 -1         0.00000  0
 1.080  0.040 -1         0.00000  0
 1.080  0.060 -1         0.00000  0
 1.080  0.080 -1         0.00000  0
 1.080  0.100 -1         0.00000  0
 1.080  0.120 -1         0.00000  0
 1.080  0.140 -1         0.00000  0
 1.080  0.160 -1         0.00000  0
 1.080  0.180 -1         0.00000  0
 1.080  0.200 -1         0.00000  0
 1.080  0.220 -1         0.00000  0
 1.080  0.240 -1         0.00000  0
 1.080  0.260 -1         0.00000  0
 1.080  0.280 -1         0.00000  0
 1.080  0.300 -1         0.00000  0
 1.080  0.320 -1         0.00000  0
 1.080  0.340 -1         0.00000  0
 1.080  0.360 -1         0.00000  0
 1.080  0.380 -1         0.00000  0
 1.080  0.400 -1         0.00000  0
 1.080  0.420 -1         0.00000  0
 1.080  0.440 -1         0.00000  0
 1.080  0.460 -1         0.00000  0
 1.080  0.480 -1         0.00000  0
 1.080  0.500 -1         0.00000  0
 1.080  0.520 -1         0.00000  0
 1.080  0.540 -1         0.00000  0
 1.080  0.560 -1         0.00000  0
 1.080  0.580  1         0.00000  0
 1.080  0.600  1         0.00000  0
