-0.060 -0.060 -1         0.00000  0
-0.060 -0.040 -1         0.00000  0
-0.060 -0.020 -1         0.00000  0
-0.060  0.000 -1         0.00000  0
-0.060  0.020 -1         0.00000  0
-0.060  0.040 -1         0.00000  0
-0.060  0.060 -1         0.00000  0
-0.060  0.080 -1         0.00000  0
-0.060  0.100 -1         0.00000  0
-0.060  0.120 -1         0.00000  0
-0.060  0.140 -1         0.00000  0
-0.060  0.160 -1         0.00000  0
-0.060  0.180 -1         0.00000  0
-0.060  0.200 -1         0.00000  0
-0.060  0.220 -1         0.00000  0
-0.060  0.240 -1         0.00000  0
-0.060  0.260 -1         0.00000  0
-0.060  0.280 -1         0.00000  0
-0.060  0.300 -1         0.00000  0
-0.060  0.320 -1         0.00000  0
-0.060  0.340 -1         0.00000  0
-0.060  0.360 -1         0.00000  0
-0.060  0.380 -1         0.00000  0
-0.060  0.400 -1         0.00000  0
-0.060  0.420 -1         0.00000  0
-0.060  0.440 -1         0.00000  0
-0.060  0.460 -1         0.00000  0
-0.060  0.480 -1         0.00000  0
-0.060  0.500 -1         0.00000  0
-0.060  0.520 -1         0.00000  0
-0.060  0.540 -1         0.00000  0
-0.060  0.560 -1         0.00000  0
-0.060  0.580  1         0.00000  0
-0.060  0.600  1         0.00000  0
-0.040 -0.060 -1         0.00000  0
-0.040 -0.040 -1         0.00000  0
-0.040 -0.020 -1         0.00000  0
-0.040  0.000 -1         0.00000  0
-0.040  0.020 -1         0.00000  0
-0.040  0.040 -1         0.00000  0
-0.040  0.060 -1         0.00000  0
-0.040  0.080 -1         0.00000  0
-0.040  0.100 -1         0.00000  0
-0.040  0.120 -1         0.00000  0
-0.040  0.140 -1         0.00000  0
-0.040  0.160 -1         0.00000  0
-0.040  0.180 -1         0.00000  0
-0.040  0.200 -1         0.00000  0
-0.040  0.220 -1         0.00000  0
-0.040  0.240 -1         0.00000  0
-0.040  0.260 -1         0.00000  0
-0.040  0.280 -1         0.00000  0
-0.040  0.300 -1         0.00000  0
-0.040  0.320 -1         0.00000  0
-0.040  0.340 -1         0.00000  0
-0.040  0.360 -1         0.00000  0
-0.040  0.380 -1         0.00000  0
-0.040  0.400 -1         0.00000  0
-0.040  0.420 -1         0.00000  0
-0.040  0.440 -1         0.00000  0
-0.040  0.460 -1         0.00000  0
-0.040  0.480 -1         0.00000  0
-0.040  0.500 -1         0.00000  0
-0.040  0.520 -1         0.00000  0
-0.040  0.540 -1         0.00000  0
-0.040  0.560 -1         0.00000  0
-0.040  0.580  1         0.00000  0
-0.040  0.600  1         0.00000  0
-0.020 -0.060 -1         0.00000  0
-0.020 -0.040 -1         0.00000  0
-0.020 -0.020  1         0.00000  0
-0.020  0.000  1         0.00000  0
-0.020  0.020  1         0.00000  0
-0.020  0.040  1         0.00000  0
-0.020  0.060  1         0.00000  0
-0.020  0.080  1         0.00000  0
-0.020  0.100  1         0.00000  0
-0.020  0.120  1         0.00000  0
-0.020  0.140  1         0.00000  0
-0.020  0.160  1         0.00000  0
-0.020  0.180  1         0.00000  0
-0.020  0.200  1         0.00000  0
-0.020  0.220  1         0.00000  0
-0.020  0.240  1         0.00000  0
-0.020  0.260  1         0.00000  0
-0.020  0.280  1         0.00000  0
-0.020  0.300  1         0.00000  0
-0.020  0.320  1         0.00000  0
-0.020  0.340  1         0.00000  0
-0.020  0.360  1         0.00000  0
-0.020  0.380  1         0.00000  0
-0.020  0.400  1         0.00000  0
-0.020  0.420  1         0.00000  0
-0.020  0.440  1         0.00000  0
-0.020  0.460  1         0.00000  0
-0.020  0.480  1         0.00000  0
-0.020  0.500  1         0.00000  0
-0.020  0.520  1         0.00000  0
-0.020  0.540  1         0.00000  0
-0.020  0.560  1         0.00000  0
-0.020  0.580  1         0.00000  0
-0.020  0.600  1         0.00000  0
 0.000 -0.060 -1         0.00000  0
 0.000 -0.040 -1         0.00000  0
 0.000 -0.020  1         0.00000  0
 0.000  0.000  1         0.00000  0
 0.000  0.020  1      1693.25269  0
 0.000  0.040  1         0.00000  0
 0.000  0.060  1         0.00000  0
 0.000  0.080  1      5597.90901  0
 0.000  0.100  1         0.00000  0
 0.000  0.120  1         0.00000  0
 0.000  0.140  1         0.00000  0
 0.000  0.160  1         0.00000  0
 0.000  0.180  1         0.00000  0
 0.000  0.200  1         0.00000  0
 0.000  0.220  1         0.00000  0
 0.000  0.240  1         0.00000  0
 0.000  0.260  1         0.00000  0
 0.000  0.280  1         0.00000  0
 0.000  0.300  1         0.00000  0
 0.000  0.320  1         0.00000  0
 0.000  0.340  1         0.00000  0
 0.000  0.360  1         0.00000  0
 0.000  0.380  1         0.00000  0
 0.000  0.400  1         0.00000  0
 0.000  0.420  1         0.00000  0
 0.000  0.440  1         0.00000  0
 0.000  0.460  1         0.00000  0
 0.000  0.480  1         0.00000  0
 0.000  0.500  1         0.00000  0
 0.000  0.520  1         0.00000  0
 0.000  0.540  1         0.00000  0
 0.000  0.560  1         0.00000  0
 0.000  0.580  1         0.00000  0
 0.000  0.600  1         0.00000  0
 0.020 -0.060 -1         0.00000  0
 0.020 -0.040 -1         0.00000  0
 0.020 -0.020  1         0.00000  0
 0.020  0.000  1         0.00000  0
 0.345  0.019  0       417.64962  0
 0.105  0.062  0         0.00000  0
 0.162  0.076  0       223.58152  0
 0.367  0.099  0      4751.69686  0
 0.141  0.112  0         0.00000  0
 0.086  0.145  0         0.00000  0
 0.344  0.125  0         0.00000  0
 0.537  0.069  0      1248.01637  0
 0.366  0.025  0      3572.99339  0
 0.034  0.081  0         0.00000  0
 0.065  0.091  0         0.00000  0
 0.261  0.089  0         0.00000  0
 0.051  0.113  0         0.00000  0
 0.177  0.109  0       747.07371  0
 0.072  0.111  0         0.00000  0
 0.466  0.038  0         0.00000  0
 0.416  0.116  0         0.00000  0
 0.035  0.021  0      1321.99972  0
 0.118  0.087  0         0.00000  0
 0.050  0.036  0      2386.86978  0
 0.088  0.045  0      1334.54905  0
 0.097  0.103  0         0.00000  0
 0.079  0.021  0         0.00000  0
 0.206  0.133  0         0.00000  0
 0.313  0.047  0      1050.52030  0
 0.040 -0.060 -1         0.00000  0
 0.040 -0.040 -1         0.00000  0
 0.040 -0.020  1         0.00000  0
 0.040  0.000  1         0.00000  0
 0.279  0.034  0      2010.98626  0
 0.211  0.088  0         0.00000  0
 0.251  0.128  0         0.00000  0
 0.363  0.053  0         0.00000  0
 0.021  0.103  0         0.00000  0
 0.233  0.070  0      5583.37028  0
 0.380  0.035  0         0.00000  0
 0.278  0.119  0         0.00000  0
 0.319  0.130  0         0.00000  0
 0.180  0.040  0        93.36630  0
 0.191  0.141  0         0.00000  0
 0.103  0.126  0         0.00000  0
 0.602  0.096  0         0.00000  0
 0.293  0.100  0      3680.76799  0
 0.427  0.020  0         0.00000  0
 0.216  0.039  0      2285.70707  0
 0.291  0.114  0         0.00000  0
 0.142  0.019  0      1212.64801  0
 0.224  0.017  0         0.00000  0
 0.049  0.073  0       629.07544  0
 0.236  0.034  0       182.51885  0
 0.129  0.104  0       229.02062  0
 0.183  0.120  0         0.00000  0
 0.017  0.049  0      1276.08608  0
 0.204  0.028  0      3451.11993  0
 0.060 -0.060 -1         0.00000  0
 0.060 -0.040 -1         0.00000  0
 0.060 -0.020  1         0.00000  0
 0.060  0.000  1      2795.63894  0
 0.207  0.112  0       147.27898  0
 0.164  0.018  0         0.00000  0
 0.282  0.018  0      2456.42773  0
 0.397  0.099  0         0.00000  0
 0.445  0.019  0      1957.13325  0
 0.604  0.022  0      1722.48367  0
 0.499  0.066  0      1122.06301  0
 0.950  0.138  0         0.00000  0
 0.521  0.038  0       467.77070  0
 0.074  0.055  0         0.00000  0
 0.158  0.108  0         0.00000  0
 0.233  0.103  0         0.00000  0
 0.312  0.112  0         0.00000  0
 0.631  0.104  0         0.00000  0
 0.297  0.076  0      2355.81255  0
 0.266  0.104  0         0.00000  0
 0.234  0.088  0      3602.99234  0
 0.247  0.116  0         0.00000  0
 0.313  0.084  0      1910.16326  0
 0.018  0.021  0      1402.02658  0
 0.032  0.048  0       247.34833  0
 0.137  0.059  0      1473.21904  0
 0.227  0.144  0         0.00000  0
 0.099  0.020  0      1085.82585  0
 0.296  0.060  0      6002.12023  0
 0.080 -0.060 -1         0.00000  0
 0.080 -0.040 -1         0.00000  0
 0.080 -0.020  1         0.00000  0
 0.080  0.000  1         0.00000  0
 0.657  0.082  0       474.94850  0
 0.469  0.130  0         0.00000  0
 0.130  0.080  0      1322.85699  0
 0.073  0.076  0      1956.95377  0
 0.665  0.119  0         0.00000  0
 0.511  0.120  0         0.00000  0
 0.487  0.039  0       607.91581  0
 0.741  0.067  0         0.00000  0
 0.625  0.044  0       280.99112  0
 0.619  0.086  0         0.00000  0
 0.158  0.133  0         0.00000  0
 0.852  0.114  0         0.00000  0
 0.068  0.039  0       627.75026  0
 0.044  0.121  0         0.00000  0
 0.327  0.101  0      2803.81033  0
 0.383  0.053  0       651.77425  0
 0.530  0.020  0       281.55979  0
 0.734  0.054  0         0.00000  0
 0.138  0.130  0         0.00000  0
 0.864  0.107  0         0.00000  0
 0.200  0.049  0         0.00000  0
 0.046  0.059  0       279.19734  0
 0.328  0.021  0         0.00000  0
 0.429  0.051  0         0.00000  0
 0.016  0.081  0      1443.92917  0
 0.100 -0.060 -1         0.00000  0
 0.100 -0.040 -1         0.00000  0
 0.100 -0.020  1         0.00000  0
 0.100  0.000  1         0.00000  0
 0.707  0.046  0      1207.25323  0
 0.796  0.046  0       475.65165  0
 0.640  0.086  0      1101.05144  0
 0.689  0.109  0       937.57522  0
 0.096  0.072  0         0.00000  0
 0.262  0.031  0      2963.83846  0
 0.564  0.090  0         0.00000  0
 0.824  0.079  0         0.00000  0
 0.670  0.020  0       785.02485  0
 0.529  0.081  0         0.00000  0
 0.304  0.035  0      1316.66530  0
 0.165  0.037  0      1803.37070  0
 0.787  0.066  0       489.11075  0
 0.456  0.089  0        21.25623  0
 0.490  0.023  0      1260.93962  0
 0.514  0.091  0      1377.44230  0
 0.257  0.054  0      3810.24590  0
 0.152  0.053  0      1910.99529  0
 0.550  0.020  0      1122.03929  0
 0.110  0.114  0      2032.52087  0
 0.322  0.069  0      2097.19564  0
 0.448  0.039  0      1983.18714  0
 0.467  0.018  0         0.00000  0
 0.184  0.071  0      3962.67607  0
 0.194  0.101  0         0.00000  0
 0.120 -0.060 -1         0.00000  0
 0.120 -0.040 -1         0.00000  0
 0.120 -0.020  1         0.00000  0
 0.120  0.000  1         0.00000  0
 0.732  0.128  0         0.00000  0
 0.758  0.062  0         0.00000  0
 0.942  0.035  0      1370.56644  0
 1.001  0.020  0         0.00000  0
 0.917  0.047  0      1106.29848  0
 0.681  0.088  0         0.00000  0
 0.812  0.038  0      1091.62382  0
 0.558  0.078  0         0.00000  0
 0.198  0.078  0      4717.30720  0
 0.355  0.077  0         0.00000  0
 0.713  0.024  0       898.27214  0
 0.501  0.048  0         0.00000  0
 0.592  0.122  0         0.00000  0
 0.538  0.040  0        24.18854  0
 0.407  0.022  0       843.39615  0
 0.511  0.107  0       175.07335  0
 0.660  0.103  0         0.00000  0
 0.233  0.153  0         0.00000  0
 0.057  0.018  0         0.00000  0
 0.117  0.021  0       376.52421  0
 0.190  0.016  0      2313.13864  0
 0.352  0.037  0      1704.14238  0
 0.447  0.074  0      1742.36640  0
 0.411  0.095  0         0.00000  0
 0.341  0.109  0       279.85663  0
 0.140 -0.060 -1         0.00000  0
 0.140 -0.040 -1         0.00000  0
 0.140 -0.020  1         0.00000  0
 0.140  0.000  1      3085.93965  0
 0.798  0.117  0         0.00000  0
 0.912  0.030  0      1301.37008  0
 0.954  0.076  0       418.21331  0
 0.750  0.017  0      1493.69678  0
 0.674  0.074  0      1852.50738  0
 0.854  0.090  0         0.00000  0
 0.706  0.080  0       490.14669  0
 0.941  0.104  0         0.00000  0
 0.692  0.017  0       243.49075  0
 0.702  0.108  0         0.00000  0
 0.885  0.096  0         0.00000  0
 0.885  0.063  0         0.00000  0
 0.474  0.078  0        67.97496  0
 0.408  0.070  0      1477.94702  0
 0.620  0.020  0       562.28153  0
 0.758  0.044  0      2802.93281  0
 0.730  0.111  0         0.00000  0
 0.641  0.064  0       996.41275  0
 0.591  0.088  0       273.60026  0
 0.721  0.101  0      1488.14672  0
 0.395  0.125  0         0.00000  0
 0.277  0.076  0         0.00000  0
 0.535  0.103  0         0.00000  0
 0.221  0.126  0         0.00000  0
 0.340  0.082  0         0.00000  0
 0.160 -0.060 -1         0.00000  0
 0.160 -0.040 -1         0.00000  0
 0.160 -0.020  1         0.00000  0
 0.160  0.000  1      3664.72306  0
 0.175  0.059  0      4283.11925  0
 0.890  0.036  0       744.14770  0
 0.449  0.135  0         0.00000  0
 0.745  0.103  0         0.00000  0
 0.849  0.051  0         0.00000  0
 0.768  0.111  0         0.00000  0
 0.894  0.075  0         0.00000  0
 0.556  0.120  0         0.00000  0
 0.988  0.062  0      1206.05293  0
 0.560  0.108  0         0.00000  0
 0.974  0.018  0      3073.35043  0
 0.807  0.099  0         0.00000  0
 0.256  0.071  0      1617.67173  0
 0.586  0.019  0      1017.01478  0
 0.971  0.052  0       447.34167  0
 0.989  0.033  0       462.38220  0
 0.808  0.015  0       697.17170  0
 0.744  0.035  0         0.00000  0
 0.912  0.119  0         0.00000  0
 0.827  0.131  0         0.00000  0
 0.625  0.065  0      1358.28743  0
 0.620  0.110  0         0.00000  0
 0.936  0.050  0       955.18562  0
 0.279  0.057  0      2227.55441  0
 0.472  0.063  0         0.00000  0
 0.180 -0.060 -1         0.00000  0
 0.180 -0.040 -1         0.00000  0
 0.180 -0.020  1         0.00000  0
 0.180  0.000  1      2062.63526  0
 0.386  0.071  0       759.75778  0
 1.002  0.047  0       788.69307  0
 0.922  0.072  0       911.43163  0
 0.662  0.057  0       422.44687  0
 0.965  0.098  0         0.00000  0
 0.803  0.079  0         0.00000  0
 0.691  0.065  0         0.00000  0
 0.900  0.119  0         0.00000  0
 0.517  0.060  0         0.00000  0
 0.674  0.040  0      1609.84957  0
 0.307  0.018  0       395.85035  0
 0.966  0.034  0       560.88304  0
 0.833  0.116  0         0.00000  0
 0.894  0.018  0        82.19204  0
 0.389  0.017  0       927.80117  0
 0.251  0.018  0      3113.84869  0
 0.655  0.042  0         0.00000  0
 0.811  0.122  0         0.00000  0
 0.100  0.143  0         0.00000  0
 0.918  0.087  0         0.00000  0
 0.726  0.024  0       170.20419  0
 0.549  0.053  0         0.00000  0
 0.928  0.114  0         0.00000  0
 0.581  0.111  0         0.00000  0
 0.686  0.125  0         0.00000  0
 0.200 -0.060 -1         0.00000  0
 0.200 -0.040 -1         0.00000  0
 0.200 -0.020  1         0.00000  0
 0.200  0.000  1         0.00000  0
 0.508  0.018  0         0.00000  0
 0.783  0.078  0         0.00000  0
 1.003  0.074  0       310.17116  0
 0.829  0.046  0         0.00000  0
 0.837  0.072  0         0.00000  0
 0.870  0.048  0         0.00000  0
 0.975  0.077  0      1562.63331  0
 0.446  0.112  0         0.00000  0
 0.374  0.080  0         0.00000  0
 0.434  0.091  0         0.00000  0
 0.711  0.060  0         0.00000  0
 0.584  0.071  0      1424.69700  0
 0.331  0.146  0         0.00000  0
 0.828  0.028  0       794.74816  0
 0.949  0.019  0      2003.50782  0
 0.721  0.082  0         0.00000  0
 0.927  0.018  0       467.23210  0
 0.777  0.040  0         0.00000  0
 0.452  0.055  0       391.19279  0
 0.653  0.119  0         0.00000  0
 0.760  0.120  0         0.00000  0
 0.860  0.063  0       949.08730  0
 0.457  0.106  0       678.10141  0
 0.690  0.040  0       537.40663  0
 0.571  0.042  0         0.00000  0
 0.220 -0.060 -1         0.00000  0
 0.220 -0.040 -1         0.00000  0
 0.220 -0.020  1         0.00000  0
 0.220  0.000  1      2461.10449  0
 0.569  0.061  0      1621.29478  0
 1.004  0.107  0         0.00000  0
 0.482  0.124  0         0.00000  0
 0.791  0.106  0       581.49922  0
 0.954  0.060  0      2413.07641  0
 0.415  0.038  0      1060.64770  0
 0.988  0.089  0       651.04296  0
 0.833  0.100  0         0.00000  0
 0.976  0.122  0         0.00000  0
 0.935  0.079  0       918.04388  0
 0.567  0.022  0      1622.55859  0
 0.871  0.018  0       935.30625  0
 0.239  0.051  0      2894.05923  0
 0.978  0.104  0         0.00000  0
 0.492  0.081  0         0.00000  0
 0.755  0.082  0         0.00000  0
 0.943  0.119  0         0.00000  0
 0.788  0.028  0         0.00000  0
 0.636  0.032  0      2098.22438  0
 0.604  0.065  0         0.00000  0
 0.362  0.113  0         0.00000  0
 0.650  0.017  0         0.00000  0
 0.481  0.136  0         0.00000  0
 0.843  0.018  0         0.00000  0
 0.868  0.082  0         0.00000  0
 0.240 -0.060 -1         0.00000  0
 0.240 -0.040 -1         0.00000  0
 0.240 -0.020  1         0.00000  0
 0.240  0.000  1         0.00000  0
 0.487  0.099  0         0.00000  0
 0.772  0.018  0       397.75564  0
 0.136  0.033  0      2117.68201  0
 0.901  0.100  0      2734.14314  0
 0.860  0.030  0      1359.57884  0
 0.766  0.092  0         0.00000  0
 0.606  0.048  0         0.00000  0
 0.900  0.051  0       936.34714  0
 0.878  0.121  0         0.00000  0
 0.124  0.050  0      1391.46994  0
 0.085  0.091  0      1064.27103  0
 0.332  0.048  0      1848.59984  0
 0.342  0.061  0      1405.48260  0
 0.426  0.070  0         0.00000  0
 0.035  0.103  0      2441.55054  0
 0.536  0.120  0         0.00000  0
 0.405  0.053  0      1052.33689  0
 0.216  0.066  0         0.00000  0
 0.079  0.126  0         0.00000  0
 0.384  0.111  0      2600.48463  0
 0.815  0.063  0         0.00000  0
 0.106  0.038  0      1657.02039  0
 0.587  0.045  0         0.00000  0
 0.152  0.083  0       565.65932  0
 0.377  0.130  0         0.00000  0
 0.260 -0.060 -1         0.00000  0
 0.260 -0.040 -1         0.00000  0
 0.260 -0.020  1         0.00000  0
 0.260  0.000  1         0.00000  0
 0.280 -0.060 -1         0.00000  0
 0.280 -0.040 -1         0.00000  0
 0.280 -0.020  1         0.00000  0
 0.280  0.000  1      2123.98680  0
 0.300 -0.060 -1         0.00000  0
 0.300 -0.040 -1         0.00000  0
 0.300 -0.020  1         0.00000  0
 0.300  0.000  1      2314.16209  0
 0.320 -0.060 -1         0.00000  0
 0.320 -0.040 -1         0.00000  0
 0.320 -0.020  1         0.00000  0
 0.320  0.000  1       375.27251  0
 0.340 -0.060 -1         0.00000  0
 0.340 -0.040 -1         0.00000  0
 0.340 -0.020  1         0.00000  0
 0.340  0.000  1      3176.69690  0
 0.360 -0.060 -1         0.00000  0
 0.360 -0.040 -1         0.00000  0
 0.360 -0.020  1         0.00000  0
 0.360  0.000  1         0.00000  0
 0.380 -0.060 -1         0.00000  0
 0.380 -0.040 -1         0.00000  0
 0.380 -0.020  1         0.00000  0
 0.380  0.000  1      1208.17174  0
 0.400 -0.060 -1         0.00000  0
 0.400 -0.040 -1         0.00000  0
 0.400 -0.020  1         0.00000  0
 0.400  0.000  1      3635.48414  0
 0.420 -0.060 -1         0.00000  0
 0.420 -0.040 -1         0.00000  0
 0.420 -0.020  1         0.00000  0
 0.420  0.000  1      3225.10144  0
 0.440 -0.060 -1         0.00000  0
 0.440 -0.040 -1         0.00000  0
 0.440 -0.020  1         0.00000  0
 0.440  0.000  1      3348.96060  0
 0.460 -0.060 -1         0.00000  0
 0.460 -0.040 -1         0.00000  0
 0.460 -0.020  1         0.00000  0
 0.460  0.000  1       515.09591  0
 0.480 -0.060 -1         0.00000  0
 0.480 -0.040 -1         0.00000  0
 0.480 -0.020  1         0.00000  0
 0.480  0.000  1         0.00000  0
 0.500 -0.060 -1         0.00000  0
 0.500 -0.040 -1         0.00000  0
 0.500 -0.020  1         0.00000  0
 0.500  0.000  1       359.58674  0
 0.520 -0.060 -1         0.00000  0
 0.520 -0.040 -1         0.00000  0
 0.520 -0.020  1         0.00000  0
 0.520  0.000  1      2956.57491  0
 0.540 -0.060 -1         0.00000  0
 0.540 -0.040 -1         0.00000  0
 0.540 -0.020  1         0.00000  0
 0.540  0.000  1      1138.05058  0
 0.560 -0.060 -1         0.00000  0
 0.560 -0.040 -1         0.00000  0
 0.560 -0.020  1         0.00000  0
 0.560  0.000  1         0.00000  0
 0.580 -0.060 -1         0.00000  0
 0.580 -0.040 -1         0.00000  0
 0.580 -0.020  1         0.00000  0
 0.580  0.000  1       202.83240  0
 0.600 -0.060 -1         0.00000  0
 0.600 -0.040 -1         0.00000  0
 0.600 -0.020  1         0.00000  0
 0.600  0.000  1      1020.62209  0
 0.620 -0.060 -1         0.00000  0
 0.620 -0.040 -1         0.00000  0
 0.620 -0.020  1         0.00000  0
 0.620  0.000  1         0.00000  0
 0.640 -0.060 -1         0.00000  0
 0.640 -0.040 -1         0.00000  0
 0.640 -0.020  1         0.00000  0
 0.640  0.000  1         0.00000  0
 0.660 -0.060 -1         0.00000  0
 0.660 -0.040 -1         0.00000  0
 0.660 -0.020  1         0.00000  0
 0.660  0.000  1      2745.40260  0
 0.680 -0.060 -1         0.00000  0
 0.680 -0.040 -1         0.00000  0
 0.680 -0.020  1         0.00000  0
 0.680  0.000  1      3549.73945  0
 0.700 -0.060 -1         0.00000  0
 0.700 -0.040 -1         0.00000  0
 0.700 -0.020  1         0.00000  0
 0.700  0.000  1      2582.42068  0
 0.720 -0.060 -1         0.00000  0
 0.720 -0.040 -1         0.00000  0
 0.720 -0.020  1         0.00000  0
 0.720  0.000  1         0.00000  0
 0.740 -0.060 -1         0.00000  0
 0.740 -0.040 -1         0.00000  0
 0.740 -0.020  1         0.00000  0
 0.740  0.000  1      1032.75063  0
 0.760 -0.060 -1         0.00000  0
 0.760 -0.040 -1         0.00000  0
 0.760 -0.020  1         0.00000  0
 0.760  0.000  1      2796.04970  0
 0.780 -0.060 -1         0.00000  0
 0.780 -0.040 -1         0.00000  0
 0.780 -0.020  1         0.00000  0
 0.780  0.000  1        54.13521  0
 0.800 -0.060 -1         0.00000  0
 0.800 -0.040 -1         0.00000  0
 0.800 -0.020  1         0.00000  0
 0.800  0.000  1      1139.36847  0
 0.820 -0.060 -1         0.00000  0
 0.820 -0.040 -1         0.00000  0
 0.820 -0.020  1         0.00000  0
 0.820  0.000  1       157.16663  0
 0.840 -0.060 -1         0.00000  0
 0.840 -0.040 -1         0.00000  0
 0.840 -0.020  1         0.00000  0
 0.840  0.000  1      1801.32924  0
 0.860 -0.060 -1         0.00000  0
 0.860 -0.040 -1         0.00000  0
 0.860 -0.020  1         0.00000  0
 0.860  0.000  1       892.94930  0
 0.880 -0.060 -1         0.00000  0
 0.880 -0.040 -1         0.00000  0
 0.880 -0.020  1         0.00000  0
 0.880  0.000  1       926.87728  0
 0.900 -0.060 -1         0.00000  0
 0.900 -0.040 -1         0.00000  0
 0.900 -0.020  1         0.00000  0
 0.900  0.000  1      1749.47749  0
 0.920 -0.060 -1         0.00000  0
 0.920 -0.040 -1         0.00000  0
 0.920 -0.020  1         0.00000  0
 0.920  0.000  1      1375.57591  0
 0.940 -0.060 -1         0.00000  0
 0.940 -0.040 -1         0.00000  0
 0.940 -0.020  1         0.00000  0
 0.940  0.000  1      2993.72159  0
 0.960 -0.060 -1         0.00000  0
 0.960 -0.040 -1         0.00000  0
 0.960 -0.020  1         0.00000  0
 0.960  0.000  1       584.71715  0
 0.980 -0.060 -1         0.00000  0
 0.980 -0.040 -1         0.00000  0
 0.980 -0.020  1         0.00000  0
 0.980  0.000  1      1092.84497  0
 1.000 -0.060 -1         0.00000  0
 1.000 -0.040 -1         0.00000  0
 1.000 -0.020  1         0.00000  0
 1.000  0.000  1         0.00000  0
 1.020 -0.060 -1         0.00000  0
 1.020 -0.040 -1         0.00000  0
 1.020 -0.020  1         0.00000  0
 1.020  0.000  1         0.00000  0
 1.020  0.020  1       812.85680  0
 1.020  0.040  1      2539.87083  0
 1.020  0.060  1       658.66628  0
 1.020  0.080  1       203.89482  0
 1.020  0.100  1         0.00000  0
 1.020  0.120  1         0.00000  0
 1.020  0.140  1         0.00000  0
 1.020  0.160  1         0.00000  0
 1.020  0.180  1         0.00000  0
 1.020  0.200  1         0.00000  0
 1.020  0.220  1         0.00000  0
 1.020  0.240  1         0.00000  0
 1.020  0.260  1         0.00000  0
 1.020  0.280  1         0.00000  0
 1.020  0.300  1         0.00000  0
 1.020  0.320  1         0.00000  0
 1.020  0.340  1         0.00000  0
 1.020  0.360  1         0.00000  0
 1.020  0.380  1         0.00000  0
 1.020  0.400  1         0.00000  0
 1.020  0.420  1         0.00000  0
 1.020  0.440  1         0.00000  0
 1.020  0.460  1         0.00000  0
 1.020  0.480  1         0.00000  0
 1.020  0.500  1         0.00000  0
 1.020  0.520  1         0.00000  0
 1.020  0.540  1         0.00000  0
 1.020  0.560  1         0.00000  0
 1.020  0.580  1         0.00000  0
 1.020  0.600  1         0.00000  0
 1.040 -0.060 -1         0.00000  0
 1.040 -0.040 -1         0.00000  0
 1.040 -0.020  1         0.00000  0
 1.040  0.000  1         0.00000  0
 1.040  0.020  1         0.00000  0
 1.040  0.040  1         0.00000  0
 1.040  0.060  1         0.00000  0
 1.040  0.080  1         0.00000  0
 1.040  0.100  1         0.00000  0
 1.040  0.120  1         0.00000  0
 1.040  0.140  1         0.00000  0
 1.040  0.160  1         0.00000  0
 1.040  0.180  1         0.00000  0
 1.040  0.200  1         0.00000  0
 1.040  0.220  1         0.00000  0
 1.040  0.240  1         0.00000  0
 1.040  0.260  1         0.00000  0
 1.040  0.280  1         0.00000  0
 1.040  0.300  1         0.00000  0
 1.040  0.320  1         0.00000  0
 1.040  0.340  1         0.00000  0
 1.040  0.360  1         0.00000  0
 1.040  0.380  1         0.00000  0
 1.040  0.400  1         0.00000  0
 1.040  0.420  1         0.00000  0
 1.040  0.440  1         0.00000  0
 1.040  0.460  1         0.00000  0
 1.040  0.480  1         0.00000  0
 1.040  0.500  1         0.00000  0
 1.040  0.520  1         0.00000  0
 1.040  0.540  1         0.00000  0
 1.040  0.560  1         0.00000  0
 1.040  0.580  1         0.00000  0
 1.040  0.600  1         0.00000  0
 1.060 -0.060 -1         0.00000  0
 1.060 -0.040 -1         0.00000  0
 1.060 -0.020 -1         0.00000  0
 1.060  0.000 -1         0.00000  0
 1.060  0.020 -1         0.00000  0
 1.060  0.040 -1         0.00000  0
 1.060  0.060 -1         0.00000  0
 1.060  0.080 -1         0.00000  0
 1.060  0.100 -1         0.00000  0
 1.060  0.120 -1         0.00000  0
 1.060  0.140 -1         0.00000  0
 1.060  0.160 -1         0.00000  0
 1.060  0.180 -1         0.00000  0
 1.060  0.200 -1         0.00000  0
 1.060  0.220 -1         0.00000  0
 1.060  0.240 -1         0.00000  0
 1.060  0.260 -1         0.00000  0
 1.060  0.280 -1         0.00000  0
 1.060  0.300 -1         0.00000  0
 1.060  0.320 -1         0.00000  0
 1.060  0.340 -1         0.00000  0
 1.060  0.360 -1         0.00000  0
 1.060  0.380 -1         0.00000  0
 1.060  0.400 -1         0.00000  0
 1.060  0.420 -1         0.00000  0
 1.060  0.440 -1         0.00000  0
 1.060  0.460 -1         0.00000  0
 1.060  0.480 -1         0.00000  0
 1.060  0.500 -1         0.00000  0
 1.060  0.520 -1         0.00000  0
 1.060  0.540 -1         0.00000  0
 1.060  0.560 -1         0.00000  0
 1.060  0.580  1         0.00000  0
 1.060  0.600  1         0.00000  0
 1.080 -0.060 -1         0.00000  0
 1.080 -0.040 -1         0.00000  0
 1.080 -0.020 -1         0.00000  0
 1.080  0.000 -1         0.00000  0
 1.080  0.020 -1         0.00000  0
 1.080  0.040 -1         0.00000  0
 1.080  0.060 -1         0.00000  0
 1.080  0.080 -1         0.00000  0
 1.080  0.100 -1         0.00000  0
 1.080  0.120 -1         0.00000  0
 1.080  0.140 -1         0.00000  0
 1.080  0.160 -1         0.00000  0
 1.080  0.180 -1         0.00000  0
 1.080  0.200 -1         0.00000  0
 1.080  0.220 -1         0.00000  0
 1.080  0.240 -1         0.00000  0
 1.080  0.260 -1         0.00000  0
 1.080  0.280 -1         0.00000  0
 1.080  0.300 -1         0.00000  0
 1.080  0.320 -1         0.00000  0
 1.080  0.340 -1         0.00000  0
 1.080  0.360 -1         0.00000  0
 1.080  0.380 -1         0.00000  0
 1.080  0.400 -1         0.00000  0
 1.080  0.420 -1         0.00000  0
 1.080  0.440 -1         0.00000  0
 1.080  0.460 -1         0.00000  0
 1.080  0.480 -1         0.00000  0
 1.080  0.500 -1         0.00000  0
 1.080  0.520 -1         0.00000  0
 1.080  0.540 -1         0.00000  0
 1.080  0.560 -1         0.00000  0
 1.080  0.580  1         0.00000  0
 1.080  0.600  1         0.00000  0
