-0.075 -0.075 -1         0.00000  0
-0.075 -0.050 -1         0.00000  0
-0.075 -0.025 -1         0.00000  0
-0.075  0.000 -1         0.00000  0
-0.075  0.025 -1         0.00000  0
-0.075  0.050 -1         0.00000  0
-0.075  0.075 -1         0.00000  0
-0.075  0.100 -1         0.00000  0
-0.075  0.125 -1         0.00000  0
-0.075  0.150 -1         0.00000  0
-0.075  0.175 -1         0.00000  0
-0.075  0.200 -1         0.00000  0
-0.075  0.225 -1         0.00000  0
-0.075  0.250 -1         0.00000  0
-0.075  0.275 -1         0.00000  0
-0.075  0.300 -1         0.00000  0
-0.075  0.325 -1         0.00000  0
-0.075  0.350 -1         0.00000  0
-0.075  0.375 -1         0.00000  0
-0.075  0.400 -1         0.00000  0
-0.075  0.425 -1         0.00000  0
-0.075  0.450 -1         0.00000  0
-0.075  0.475 -1         0.00000  0
-0.075  0.500 -1         0.00000  0
-0.075  0.525 -1         0.00000  0
-0.075  0.550 -1         0.00000  0
-0.075  0.575  1         0.00000  0
-0.075  0.600  1         0.00000  0
-0.050 -0.075 -1         0.00000  0
-0.050 -0.050 -1         0.00000  0
-0.050 -0.025 -1         0.00000  0
-0.050  0.000 -1         0.00000  0
-0.050  0.025 -1         0.00000  0
-0.050  0.050 -1         0.00000  0
-0.050  0.075 -1         0.00000  0
-0.050  0.100 -1         0.00000  0
-0.050  0.125 -1         0.00000  0
-0.050  0.150 -1         0.00000  0
-0.050  0.175 -1         0.00000  0
-0.050  0.200 -1         0.00000  0
-0.050  0.225 -1         0.00000  0
-0.050  0.250 -1         0.00000  0
-0.050  0.275 -1         0.00000  0
-0.050  0.300 -1         0.00000  0
-0.050  0.325 -1         0.00000  0
-0.050  0.350 -1         0.00000  0
-0.050  0.375 -1         0.00000  0
-0.050  0.400 -1         0.00000  0
-0.050  0.425 -1         0.00000  0
-0.050  0.450 -1         0.00000  0
-0.050  0.475 -1         0.00000  0
-0.050  0.500 -1         0.00000  0
-0.050  0.525 -1         0.00000  0
-0.050  0.550 -1         0.00000  0
-0.050  0.575  1         0.00000  0
-0.050  0.600  1         0.00000  0
-0.025 -0.075 -1         0.00000  0
-0.025 -0.050 -1         0.00000  0
-0.025 -0.025  1         0.00000  0
-0.025  0.000  1         0.00000  0
-0.025  0.025  1         0.00000  0
-0.025  0.050  1         0.00000  0
-0.025  0.075  1         0.00000  0
-0.025  0.100  1         0.00000  0
-0.025  0.125  1         0.00000  0
-0.025  0.150  1         0.00000  0
-0.025  0.175  1         0.00000  0
-0.025  0.200  1         0.00000  0
-0.025  0.225  1         0.00000  0
-0.025  0.250  1         0.00000  0
-0.025  0.275  1         0.00000  0
-0.025  0.300  1         0.00000  0
-0.025  0.325  1         0.00000  0
-0.025  0.350  1         0.00000  0
-0.025  0.375  1         0.00000  0
-0.025  0.400  1         0.00000  0
-0.025  0.425  1         0.00000  0
-0.025  0.450  1         0.00000  0
-0.025  0.475  1         0.00000  0
-0.025  0.500  1         0.00000  0
-0.025  0.525  1         0.00000  0
-0.025  0.550  1         0.00000  0
-0.025  0.575  1         0.00000  0
-0.025  0.600  1         0.00000  0
 0.000 -0.075 -1         0.00000  0
 0.000 -0.050 -1         0.00000  0
 0.000 -0.025  1         0.00000  0
 0.000  0.000  1         0.00000  0
 0.000  0.025  1         0.00000  0
 0.000  0.050  1         0.00000  0
 0.000  0.075  1         0.00000  0
 0.000  0.100  1         0.00000  0
 0.000  0.125  1         0.00000  0
 0.000  0.150  1         0.00000  0
 0.000  0.175  1         0.00000  0
 0.000  0.200  1         0.00000  0
 0.000  0.225  1         0.00000  0
 0.000  0.250  1         0.00000  0
 0.000  0.275  1         0.00000  0
 0.000  0.300  1         0.00000  0
 0.000  0.325  1         0.00000  0
 0.000  0.350  1         0.00000  0
 0.000  0.375  1         0.00000  0
 0.000  0.400  1         0.00000  0
 0.000  0.425  1         0.00000  0
 0.000  0.450  1         0.00000  0
 0.000  0.475  1         0.00000  0
 0.000  0.500  1         0.00000  0
 0.000  0.525  1         0.00000  0
 0.000  0.550  1         0.00000  0
 0.000  0.575  1         0.00000  0
 0.000  0.600  1         0.00000  0
 0.025 -0.075 -1         0.00000  0
 0.025 -0.050 -1         0.00000  0
 0.025 -0.025  1         0.00000  0
 0.025  0.000  1      1497.73029  0
 0.087  0.021  0         0.00000  0
 0.358  0.028  0         0.00000  0
 0.138  0.021  0         0.00000  0
 0.423  0.077  0         0.00000  0
 0.025  0.044  0       894.49511  0
 0.118  0.026  0       435.77050  0
 0.036  0.020  0      1579.57088  0
 0.331  0.023  0      1191.05503  0
 0.177  0.022  0       228.25863  0
 0.142  0.052  0       715.95446  0
 0.175  0.069  0         0.00000  0
 0.059  0.059  0         0.00000  0
 0.056  0.030  0       693.51619  0
 0.046  0.069  0         0.00000  0
 0.096  0.072  0         0.00000  0
 0.114  0.077  0         0.00000  0
 0.158  0.062  0         0.00000  0
 0.202  0.058  0         0.00000  0
 0.206  0.039  0       625.04413  0
 0.023  0.064  0         0.00000  0
 0.050 -0.075 -1         0.00000  0
 0.050 -0.050 -1         0.00000  0
 0.050 -0.025  1         0.00000  0
 0.050  0.000  1      1095.31432  0
 0.215  0.020  0       942.47585  0
 0.388  0.057  0         0.00000  0
 0.457  0.050  0         0.00000  0
 0.422  0.042  0         0.00000  0
 0.381  0.022  0       821.05688  0
 0.311  0.052  0      1222.06451  0
 0.373  0.071  0         0.00000  0
 0.436  0.059  0         0.00000  0
 0.176  0.040  0       658.79836  0
 0.250  0.023  0         0.00000  0
 0.243  0.044  0       619.23782  0
 0.504  0.040  0       136.77536  0
 0.075  0.042  0       555.38786  0
 0.362  0.055  0         0.00000  0
 0.101  0.046  0      1056.10432  0
 0.083  0.082  0         0.00000  0
 0.334  0.042  0       283.50241  0
 0.124  0.056  0       206.78608  0
 0.213  0.070  0         0.00000  0
 0.245  0.071  0         0.00000  0
 0.075 -0.075 -1         0.00000  0
 0.075 -0.050 -1         0.00000  0
 0.075 -0.025  1         0.00000  0
 0.075  0.000  1       224.09841  0
 0.399  0.031  0         0.00000  0
 0.298  0.020  0      1308.23100  0
 0.708  0.024  0       414.16861  0
 0.432  0.021  0         0.00000  0
 0.568  0.023  0         0.00000  0
 0.484  0.026  0       175.04035  0
 0.524  0.065  0         0.00000  0
 0.409  0.068  0         0.00000  0
 0.463  0.024  0         0.00000  0
 0.506  0.084  0         0.00000  0
 0.510  0.023  0      1213.67177  0
 0.276  0.031  0       558.22377  0
 0.595  0.029  0         0.00000  0
 0.468  0.087  0         0.00000  0
 0.300  0.064  0         0.00000  0
 0.342  0.068  0         0.00000  0
 0.601  0.056  0         0.00000  0
 0.257  0.055  0         0.00000  0
 0.567  0.064  0         0.00000  0
 0.289  0.049  0         0.00000  0
 0.100 -0.075 -1         0.00000  0
 0.100 -0.050 -1         0.00000  0
 0.100 -0.025  1         0.00000  0
 0.100  0.000  1      1014.81687  0
 0.844  0.031  0      1108.72781  0
 0.836  0.062  0         0.00000  0
 0.798  0.023  0      1591.33323  0
 0.659  0.023  0       984.94478  0
 0.741  0.021  0         0.00000  0
 0.686  0.029  0         0.00000  0
 0.823  0.090  0         0.00000  0
 0.855  0.123  0         0.00000  0
 0.799  0.065  0      2333.08379  0
 0.712  0.081  0         0.00000  0
 0.912  0.093  0       736.72877  0
 0.619  0.020  0         0.00000  0
 0.766  0.024  0         0.00000  0
 0.746  0.069  0         0.00000  0
 0.707  0.045  0       674.57947  0
 0.538  0.036  0         0.00000  0
 0.646  0.057  0         0.00000  0
 0.476  0.062  0         0.00000  0
 0.631  0.039  0         0.00000  0
 0.506  0.071  0      2922.64853  0
 0.125 -0.075 -1         0.00000  0
 0.125 -0.050 -1         0.00000  0
 0.125 -0.025  1         0.00000  0
 0.125  0.000  1      1078.26478  0
 0.898  0.047  0         0.00000  0
 0.920  0.122  0         0.00000  0
 0.916  0.022  0      1900.11198  0
 0.822  0.024  0         0.00000  0
 0.935  0.196  0      2457.73915  0
 0.967  0.110  0      1820.51544  0
 0.966  0.023  0      2374.11953  0
 0.956  0.048  0      1511.47561  0
 0.852  0.178  0         0.00000  0
 0.864  0.025  0      1365.06246  0
 0.889  0.024  0       932.19888  0
 0.894  0.147  0         0.00000  0
 0.785  0.041  0         0.00000  0
 0.875  0.092  0         0.00000  0
 0.766  0.069  0         0.00000  0
 0.547  0.047  0         0.00000  0
 0.710  0.065  0         0.00000  0
 0.577  0.043  0         0.00000  0
 0.730  0.054  0       507.15235  0
 0.661  0.069  0         0.00000  0
 0.150 -0.075 -1         0.00000  0
 0.150 -0.050 -1         0.00000  0
 0.150 -0.025  1         0.00000  0
 0.150  0.000  1         0.00000  0
 1.001  0.163  0         0.00000  0
 0.920  0.074  0      1940.97425  0
 0.969  0.065  0      2373.06500  0
 0.972  0.217  0      3075.29957  0
 0.873  0.288  0         0.00000  0
 0.929  0.180  0         0.00000  0
 0.984  0.039  0      2092.06851  0
 0.940  0.025  0         0.00000  0
 0.953  0.205  0      2052.26381  0
 0.936  0.096  0         0.00000  0
 0.916  0.050  0       691.41048  0
 0.884  0.193  0         0.00000  0
 0.891  0.088  0         0.00000  0
 0.815  0.055  0       830.64213  0
 0.837  0.100  0         0.00000  0
 0.798  0.096  0         0.00000  0
 0.816  0.126  0         0.00000  0
 0.786  0.085  0         0.00000  0
 0.663  0.043  0         0.00000  0
 0.760  0.051  0       954.86604  0
 0.175 -0.075 -1         0.00000  0
 0.175 -0.050 -1         0.00000  0
 0.175 -0.025  1         0.00000  0
 0.175  0.000  1       295.06249  0
 0.990  0.213  0      1144.60939  0
 1.004  0.120  0      1289.97727  0
 0.865  0.260  0         0.00000  0
 0.883  0.262  0         0.00000  0
 0.848  0.226  0         0.00000  0
 0.998  0.312  0      1353.85488  0
 0.903  0.295  0         0.00000  0
 0.971  0.168  0      3213.15916  0
 0.966  0.087  0       639.25784  0
 0.917  0.241  0         0.00000  0
 0.968  0.264  0         0.00000  0
 0.996  0.235  0         0.00000  0
 0.984  0.148  0       869.96221  0
 0.949  0.162  0      1247.14734  0
 0.879  0.218  0         0.00000  0
 0.919  0.147  0      2096.39208  0
 0.945  0.143  0      2828.94044  0
 0.855  0.083  0         0.00000  0
 0.858  0.052  0      1749.56303  0
 0.900  0.133  0         0.00000  0
 0.200 -0.075 -1         0.00000  0
 0.200 -0.050 -1         0.00000  0
 0.200 -0.025  1         0.00000  0
 0.200  0.000  1      1377.83872  0
 0.915  0.289  0         0.00000  0
 1.002  0.056  0      2440.95515  0
 0.971  0.315  0         0.00000  0
 0.937  0.375  0         0.00000  0
 0.937  0.288  0         0.00000  0
 1.001  0.023  0      2002.25751  0
 0.787  0.231  0         0.00000  0
 0.963  0.431  0         0.00000  0
 0.852  0.330  0         0.00000  0
 0.770  0.163  0         0.00000  0
 1.001  0.252  0         0.00000  0
 0.943  0.066  0       251.61627  0
 0.993  0.099  0      2115.36077  0
 0.980  0.128  0       497.02636  0
 0.862  0.234  0         0.00000  0
 0.976  0.187  0      1456.55725  0
 1.005  0.190  0      2080.42383  0
 0.951  0.239  0      2474.35723  0
 0.936  0.230  0      1797.30884  0
 0.899  0.170  0         0.00000  0
 0.225 -0.075 -1         0.00000  0
 0.225 -0.050 -1         0.00000  0
 0.225 -0.025  1         0.00000  0
 0.225  0.000  1      1444.90510  0
 1.000  0.408  0         0.00000  0
 0.772  0.601  0         0.00000  0
 0.717  0.965  0         0.00000  0
 0.779  0.806  0         0.00000  0
 0.951  0.398  0         0.00000  0
 0.950  0.331  0         0.00000  0
 0.965  0.875  0         0.00000  0
 0.994  0.295  0         0.00000  0
 0.881  0.312  0         0.00000  0
 0.988  0.275  0         0.00000  0
 0.734  0.189  0         0.00000  0
 0.845  0.267  0         0.00000  0
 1.002  0.395  0         0.00000  0
 0.946  0.306  0         0.00000  0
 0.744  0.257  0         0.00000  0
 0.892  0.244  0         0.00000  0
 0.945  0.120  0       841.10203  0
 0.772  0.237  0         0.00000  0
 0.901  0.199  0      1766.39880  0
 0.875  0.064  0       218.19483  0
 0.250 -0.075 -1         0.00000  0
 0.250 -0.050 -1         0.00000  0
 0.250 -0.025  1         0.00000  0
 0.250  0.000  1         0.00000  0
 0.882  1.106  0         0.00000  0
 0.909  1.133  0         0.00000  0
 0.830  0.864  0         0.00000  0
 0.800  0.288  0         0.00000  0
 1.000  0.078  0      1678.16151  0
 0.786  0.975  0         0.00000  0
 0.769  0.271  0         0.00000  0
 0.906  1.119  0         0.00000  0
 0.862  0.509  0         0.00000  0
 0.844  0.349  0         0.00000  0
 0.824  0.410  0         0.00000  0
 0.991  0.332  0         0.00000  0
 1.035  0.756  0         0.00000  0
 0.962  0.677  0         0.00000  0
 0.918  0.517  0         0.00000  0
 0.723  0.202  0         0.00000  0
 0.935  0.321  0         0.00000  0
 0.818  0.257  0         0.00000  0
 0.955  0.259  0       180.98894  0
 0.905  0.219  0      3108.44492  0
 0.275 -0.075 -1         0.00000  0
 0.275 -0.050 -1         0.00000  0
 0.275 -0.025  1         0.00000  0
 0.275  0.000  1         0.00000  0
 0.300 -0.075 -1         0.00000  0
 0.300 -0.050 -1         0.00000  0
 0.300 -0.025  1         0.00000  0
 0.300  0.000  1      2162.57832  0
 0.325 -0.075 -1         0.00000  0
 0.325 -0.050 -1         0.00000  0
 0.325 -0.025  1         0.00000  0
 0.325  0.000  1       818.03240  0
 0.350 -0.075 -1         0.00000  0
 0.350 -0.050 -1         0.00000  0
 0.350 -0.025  1         0.00000  0
 0.350  0.000  1         0.00000  0
 0.375 -0.075 -1         0.00000  0
 0.375 -0.050 -1         0.00000  0
 0.375 -0.025  1         0.00000  0
 0.375  0.000  1      1261.74546  0
 0.400 -0.075 -1         0.00000  0
 0.400 -0.050 -1         0.00000  0
 0.400 -0.025  1         0.00000  0
 0.400  0.000  1         0.00000  0
 0.425 -0.075 -1         0.00000  0
 0.425 -0.050 -1         0.00000  0
 0.425 -0.025  1         0.00000  0
 0.425  0.000  1         0.00000  0
 0.450 -0.075 -1         0.00000  0
 0.450 -0.050 -1         0.00000  0
 0.450 -0.025  1         0.00000  0
 0.450  0.000  1         0.00000  0
 0.475 -0.075 -1         0.00000  0
 0.475 -0.050 -1         0.00000  0
 0.475 -0.025  1         0.00000  0
 0.475  0.000  1      1400.52745  0
 0.500 -0.075 -1         0.00000  0
 0.500 -0.050 -1         0.00000  0
 0.500 -0.025  1         0.00000  0
 0.500  0.000  1      2024.36268  0
 0.525 -0.075 -1         0.00000  0
 0.525 -0.050 -1         0.00000  0
 0.525 -0.025  1         0.00000  0
 0.525  0.000  1         0.00000  0
 0.550 -0.075 -1         0.00000  0
 0.550 -0.050 -1         0.00000  0
 0.550 -0.025  1         0.00000  0
 0.550  0.000  1         0.00000  0
 0.575 -0.075 -1         0.00000  0
 0.575 -0.050 -1         0.00000  0
 0.575 -0.025  1         0.00000  0
 0.575  0.000  1         0.00000  0
 0.600 -0.075 -1         0.00000  0
 0.600 -0.050 -1         0.00000  0
 0.600 -0.025  1         0.00000  0
 0.600  0.000  1         0.00000  0
 0.625 -0.075 -1         0.00000  0
 0.625 -0.050 -1         0.00000  0
 0.625 -0.025  1         0.00000  0
 0.625  0.000  1      2651.50357  0
 0.650 -0.075 -1         0.00000  0
 0.650 -0.050 -1         0.00000  0
 0.650 -0.025  1         0.00000  0
 0.650  0.000  1         0.00000  0
 0.675 -0.075 -1         0.00000  0
 0.675 -0.050 -1         0.00000  0
 0.675 -0.025  1         0.00000  0
 0.675  0.000  1         0.00000  0
 0.700 -0.075 -1         0.00000  0
 0.700 -0.050 -1         0.00000  0
 0.700 -0.025  1         0.00000  0
 0.700  0.000  1         0.00000  0
 0.725 -0.075 -1         0.00000  0
 0.725 -0.050 -1         0.00000  0
 0.725 -0.025  1         0.00000  0
 0.725  0.000  1         0.00000  0
 0.750 -0.075 -1         0.00000  0
 0.750 -0.050 -1         0.00000  0
 0.750 -0.025  1         0.00000  0
 0.750  0.000  1      1616.85016  0
 0.775 -0.075 -1         0.00000  0
 0.775 -0.050 -1         0.00000  0
 0.775 -0.025  1         0.00000  0
 0.775  0.000  1      1872.82403  0
 0.800 -0.075 -1         0.00000  0
 0.800 -0.050 -1         0.00000  0
 0.800 -0.025  1         0.00000  0
 0.800  0.000  1      2925.43050  0
 0.825 -0.075 -1         0.00000  0
 0.825 -0.050 -1         0.00000  0
 0.825 -0.025  1         0.00000  0
 0.825  0.000  1       520.26086  0
 0.850 -0.075 -1         0.00000  0
 0.850 -0.050 -1         0.00000  0
 0.850 -0.025  1         0.00000  0
 0.850  0.000  1         0.00000  0
 0.875 -0.075 -1         0.00000  0
 0.875 -0.050 -1         0.00000  0
 0.875 -0.025  1         0.00000  0
 0.875  0.000  1       232.37077  0
 0.900 -0.075 -1         0.00000  0
 0.900 -0.050 -1         0.00000  0
 0.900 -0.025  1         0.00000  0
 0.900  0.000  1      2811.57726  0
 0.925 -0.075 -1         0.00000  0
 0.925 -0.050 -1         0.00000  0
 0.925 -0.025  1         0.00000  0
 0.925  0.000  1      3940.35991  0
 0.950 -0.075 -1         0.00000  0
 0.950 -0.050 -1         0.00000  0
 0.950 -0.025  1         0.00000  0
 0.950  0.000  1      2303.07863  0
 0.975 -0.075 -1         0.00000  0
 0.975 -0.050 -1         0.00000  0
 0.975 -0.025  1         0.00000  0
 0.975  0.000  1      1900.01520  0
 1.000 -0.075 -1         0.00000  0
 1.000 -0.050 -1         0.00000  0
 1.000 -0.025  1         0.00000  0
 1.000  0.000  1      3200.76932  0
 1.025 -0.075 -1         0.00000  0
 1.025 -0.050 -1         0.00000  0
 1.025 -0.025  1         0.00000  0
 1.025  0.000  1      1110.63714  0
 1.025  0.025  1      2039.40409  0
 1.025  0.050  1      2636.18415  0
 1.025  0.075  1      1115.89277  0
 1.025  0.100  1         0.00000  0
 1.025  0.125  1       725.45685  0
 1.025  0.150  1         0.00000  0
 1.025  0.175  1      1417.85485  0
 1.025  0.200  1       551.88159  0
 1.025  0.225  1         0.00000  0
 1.025  0.250  1         0.00000  0
 1.025  0.275  1         0.00000  0
 1.025  0.300  1         0.00000  0
 1.025  0.325  1         0.00000  0
 1.025  0.350  1         0.00000  0
 1.025  0.375  1         0.00000  0
 1.025  0.400  1       707.56386  0
 1.025  0.425  1         0.00000  0
 1.025  0.450  1         0.00000  0
 1.025  0.475  1         0.00000  0
 1.025  0.500  1         0.00000  0
 1.025  0.525  1         0.00000  0
 1.025  0.550  1         0.00000  0
 1.025  0.575  1         0.00000  0
 1.025  0.600  1         0.00000  0
 1.050 -0.075 -1         0.00000  0
 1.050 -0.050 -1         0.00000  0
 1.050 -0.025  1         0.00000  0
 1.050  0.000  1         0.00000  0
 1.050  0.025  1         0.00000  0
 1.050  0.050  1         0.00000  0
 1.050  0.075  1         0.00000  0
 1.050  0.100  1         0.00000  0
 1.050  0.125  1         0.00000  0
 1.050  0.150  1         0.00000  0
 1.050  0.175  1         0.00000  0
 1.050  0.200  1         0.00000  0
 1.050  0.225  1         0.00000  0
 1.050  0.250  1         0.00000  0
 1.050  0.275  1         0.00000  0
 1.050  0.300  1         0.00000  0
 1.050  0.325  1         0.00000  0
 1.050  0.350  1         0.00000  0
 1.050  0.375  1         0.00000  0
 1.050  0.400  1         0.00000  0
 1.050  0.425  1         0.00000  0
 1.050  0.450  1         0.00000  0
 1.050  0.475  1         0.00000  0
 1.050  0.500  1         0.00000  0
 1.050  0.525  1         0.00000  0
 1.050  0.550  1         0.00000  0
 1.050  0.575  1         0.00000  0
 1.050  0.600  1         0.00000  0
 1.075 -0.075 -1         0.00000  0
 1.075 -0.050 -1         0.00000  0
 1.075 -0.025 -1         0.00000  0
 1.075  0.000 -1         0.00000  0
 1.075  0.025 -1         0.00000  0
 1.075  0.050 -1         0.00000  0
 1.075  0.075 -1         0.00000  0
 1.075  0.100 -1         0.00000  0
 1.075  0.125 -1         0.00000  0
 1.075  0.150 -1         0.00000  0
 1.075  0.175 -1         0.00000  0
 1.075  0.200 -1         0.00000  0
 1.075  0.225 -1         0.00000  0
 1.075  0.250 -1         0.00000  0
 1.075  0.275 -1         0.00000  0
 1.075  0.300 -1         0.00000  0
 1.075  0.325 -1         0.00000  0
 1.075  0.350 -1         0.00000  0
 1.075  0.375 -1         0.00000  0
 1.075  0.400 -1         0.00000  0
 1.075  0.425 -1         0.00000  0
 1.075  0.450 -1         0.00000  0
 1.075  0.475 -1         0.00000  0
 1.075  0.500 -1         0.00000  0
 1.075  0.525 -1         0.00000  0
 1.075  0.550 -1         0.00000  0
 1.075  0.575  1         0.00000  0
 1.075  0.600  1         0.00000  0
 1.100 -0.075 -1         0.00000  0
 1.100 -0.050 -1         0.00000  0
 1.100 -0.025 -1         0.00000  0
 1.100  0.000 -1         0.00000  0
 1.100  0.025 -1         0.00000  0
 1.100  0.050 -1         0.00000  0
 1.100  0.075 -1         0.00000  0
 1.100  0.100 -1         0.00000  0
 1.100  0.125 -1         0.00000  0
 1.100  0.150 -1         0.00000  0
 1.100  0.175 -1         0.00000  0
 1.100  0.200 -1         0.00000  0
 1.100  0.225 -1         0.00000  0
 1.100  0.250 -1         0.00000  0
 1.100  0.275 -1         0.00000  0
 1.100  0.300 -1         0.00000  0
 1.100  0.325 -1         0.00000  0
 1.100  0.350 -1         0.00000  0
 1.100  0.375 -1         0.00000  0
 1.100  0.400 -1         0.00000  0
 1.100  0.425 -1         0.00000  0
 1.100  0.450 -1         0.00000  0
 1.100  0.475 -1         0.00000  0
 1.100  0.500 -1         0.00000  0
 1.100  0.525 -1         0.00000  0
 1.100  0.550 -1         0.00000  0
 1.100  0.575  1         0.00000  0
 1.100  0.600  1         0.00000  0
