-0.075 -0.075 -1         0.00000  0
-0.075 -0.050 -1         0.00000  0
-0.075 -0.025 -1         0.00000  0
-0.075  0.000 -1         0.00000  0
-0.075  0.025 -1         0.00000  0
-0.075  0.050 -1         0.00000  0
-0.075  0.075 -1         0.00000  0
-0.075  0.100 -1         0.00000  0
-0.075  0.125 -1         0.00000  0
-0.075  0.150 -1         0.00000  0
-0.075  0.175 -1         0.00000  0
-0.075  0.200 -1         0.00000  0
-0.075  0.225 -1         0.00000  0
-0.075  0.250 -1         0.00000  0
-0.075  0.275 -1         0.00000  0
-0.075  0.300 -1         0.00000  0
-0.075  0.325 -1         0.00000  0
-0.075  0.350 -1         0.00000  0
-0.075  0.375 -1         0.00000  0
-0.075  0.400 -1         0.00000  0
-0.075  0.425 -1         0.00000  0
-0.075  0.450 -1         0.00000  0
-0.075  0.475 -1         0.00000  0
-0.075  0.500 -1         0.00000  0
-0.075  0.525 -1         0.00000  0
-0.075  0.550 -1         0.00000  0
-0.075  0.575  1         0.00000  0
-0.075  0.600  1         0.00000  0
-0.050 -0.075 -1         0.00000  0
-0.050 -0.050 -1         0.00000  0
-0.050 -0.025 -1         0.00000  0
-0.050  0.000 -1         0.00000  0
-0.050  0.025 -1         0.00000  0
-0.050  0.050 -1         0.00000  0
-0.050  0.075 -1         0.00000  0
-0.050  0.100 -1         0.00000  0
-0.050  0.125 -1         0.00000  0
-0.050  0.150 -1         0.00000  0
-0.050  0.175 -1         0.00000  0
-0.050  0.200 -1         0.00000  0
-0.050  0.225 -1         0.00000  0
-0.050  0.250 -1         0.00000  0
-0.050  0.275 -1         0.00000  0
-0.050  0.300 -1         0.00000  0
-0.050  0.325 -1         0.00000  0
-0.050  0.350 -1         0.00000  0
-0.050  0.375 -1         0.00000  0
-0.050  0.400 -1         0.00000  0
-0.050  0.425 -1         0.00000  0
-0.050  0.450 -1         0.00000  0
-0.050  0.475 -1         0.00000  0
-0.050  0.500 -1         0.00000  0
-0.050  0.525 -1         0.00000  0
-0.050  0.550 -1         0.00000  0
-0.050  0.575  1         0.00000  0
-0.050  0.600  1         0.00000  0
-0.025 -0.075 -1         0.00000  0
-0.025 -0.050 -1         0.00000  0
-0.025 -0.025  1         0.00000  0
-0.025  0.000  1         0.00000  0
-0.025  0.025  1         0.00000  0
-0.025  0.050  1         0.00000  0
-0.025  0.075  1         0.00000  0
-0.025  0.100  1         0.00000  0
-0.025  0.125  1         0.00000  0
-0.025  0.150  1         0.00000  0
-0.025  0.175  1         0.00000  0
-0.025  0.200  1         0.00000  0
-0.025  0.225  1         0.00000  0
-0.025  0.250  1         0.00000  0
-0.025  0.275  1         0.00000  0
-0.025  0.300  1         0.00000  0
-0.025  0.325  1         0.00000  0
-0.025  0.350  1         0.00000  0
-0.025  0.375  1         0.00000  0
-0.025  0.400  1         0.00000  0
-0.025  0.425  1         0.00000  0
-0.025  0.450  1         0.00000  0
-0.025  0.475  1         0.00000  0
-0.025  0.500  1         0.00000  0
-0.025  0.525  1         0.00000  0
-0.025  0.550  1         0.00000  0
-0.025  0.575  1         0.00000  0
-0.025  0.600  1         0.00000  0
 0.000 -0.075 -1         0.00000  0
 0.000 -0.050 -1         0.00000  0
 0.000 -0.025  1         0.00000  0
 0.000  0.000  1      1557.98350  0
 0.000  0.025  1      3525.70728  0
 0.000  0.050  1      3001.26867  0
 0.000  0.075  1      2768.55763  0
 0.000  0.100  1      2284.28903  0
 0.000  0.125  1      1935.40350  0
 0.000  0.150  1      1533.48720  0
 0.000  0.175  1      1139.05341  0
 0.000  0.200  1       730.78575  0
 0.000  0.225  1       319.64388  0
 0.000  0.250  1         0.00000  0
 0.000  0.275  1         0.00000  0
 0.000  0.300  1         0.00000  0
 0.000  0.325  1         0.00000  0
 0.000  0.350  1         0.00000  0
 0.000  0.375  1         0.00000  0
 0.000  0.400  1         0.00000  0
 0.000  0.425  1         0.00000  0
 0.000  0.450  1         0.00000  0
 0.000  0.475  1         0.00000  0
 0.000  0.500  1         0.00000  0
 0.000  0.525  1         0.00000  0
 0.000  0.550  1         0.00000  0
 0.000  0.575  1         0.00000  0
 0.000  0.600  1         0.00000  0
 0.025 -0.075 -1         0.00000  0
 0.025 -0.050 -1         0.00000  0
 0.025 -0.025  1         0.00000  0
 0.025  0.000  1      3617.91775  0
 0.024  0.024  0      4257.36988  0
 0.024  0.049  0      3081.22820  0
 0.024  0.074  0      3165.19805  0
 0.024  0.099  0      2649.37525  0
 0.024  0.124  0      2444.95069  0
 0.025  0.149  0      2118.95671  0
 0.025  0.174  0      1840.97413  0
 0.025  0.199  0      1553.75999  0
 0.025  0.223  0      1254.41614  0
 0.025  0.248  0       920.21897  0
 0.025  0.273  0       538.80024  0
 0.025  0.298  0       123.62944  0
 0.025  0.323  0         0.00000  0
 0.025  0.348  0         0.00000  0
 0.025  0.373  0         0.00000  0
 0.025  0.398  0         0.00000  0
 0.025  0.423  0         0.00000  0
 0.025  0.448  0         0.00000  0
 0.025  0.473  0         0.00000  0
 0.025  0.498  0         0.00000  0
 0.050 -0.075 -1         0.00000  0
 0.050 -0.050 -1         0.00000  0
 0.050 -0.025  1         0.00000  0
 0.050  0.000  1      3115.57889  0
 0.050  0.024  0      2737.88817  0
 0.050  0.049  0      2126.69009  0
 0.050  0.074  0      2367.04010  0
 0.050  0.099  0      1609.64078  0
 0.050  0.124  0      1552.66978  0
 0.050  0.149  0      1293.34435  0
 0.050  0.174  0      1177.55352  0
 0.050  0.199  0      1100.35101  0
 0.050  0.224  0      1053.92628  0
 0.050  0.248  0       977.14761  0
 0.050  0.273  0       804.30823  0
 0.050  0.298  0       500.62308  0
 0.050  0.323  0       103.59924  0
 0.050  0.348  0         0.00000  0
 0.050  0.373  0         0.00000  0
 0.050  0.398  0         0.00000  0
 0.050  0.423  0         0.00000  0
 0.050  0.448  0         0.00000  0
 0.050  0.473  0         0.00000  0
 0.050  0.498  0         0.00000  0
 0.075 -0.075 -1         0.00000  0
 0.075 -0.050 -1         0.00000  0
 0.075 -0.025  1         0.00000  0
 0.075  0.000  1      2979.66166  0
 0.075  0.024  0      2823.49531  0
 0.075  0.050  0      2506.18103  0
 0.075  0.074  0      2504.53696  0
 0.075  0.099  0      1701.06871  0
 0.075  0.124  0      1613.32369  0
 0.075  0.149  0      1245.05955  0
 0.075  0.174  0      1066.52947  0
 0.075  0.199  0       946.24487  0
 0.075  0.224  0       906.75544  0
 0.075  0.248  0       897.62769  0
 0.075  0.273  0       846.86311  0
 0.075  0.298  0       679.14606  0
 0.075  0.323  0       361.63053  0
 0.075  0.348  0         0.00000  0
 0.075  0.373  0         0.00000  0
 0.075  0.398  0         0.00000  0
 0.075  0.423  0         0.00000  0
 0.075  0.448  0         0.00000  0
 0.075  0.473  0         0.00000  0
 0.075  0.498  0         0.00000  0
 0.100 -0.075 -1         0.00000  0
 0.100 -0.050 -1         0.00000  0
 0.100 -0.025  1         0.00000  0
 0.100  0.000  1      2690.22181  0
 0.100  0.024  0      2503.58030  0
 0.100  0.050  0      2060.82086  0
 0.100  0.074  0      2165.27361  0
 0.100  0.099  0      1448.20634  0
 0.100  0.124  0      1407.98101  0
 0.100  0.149  0      1075.86467  0
 0.100  0.174  0       926.47572  0
 0.100  0.199  0       819.23366  0
 0.100  0.224  0       793.62856  0
 0.100  0.249  0       810.43781  0
 0.100  0.273  0       808.92625  0
 0.100  0.298  0       710.66432  0
 0.100  0.323  0       456.01090  0
 0.100  0.348  0        76.80283  0
 0.100  0.373  0         0.00000  0
 0.100  0.398  0         0.00000  0
 0.100  0.423  0         0.00000  0
 0.100  0.448  0         0.00000  0
 0.100  0.473  0         0.00000  0
 0.100  0.498  0         0.00000  0
 0.125 -0.075 -1         0.00000  0
 0.125 -0.050 -1         0.00000  0
 0.125 -0.025  1         0.00000  0
 0.125  0.000  1      2476.40585  0
 0.125  0.024  0      2208.17214  0
 0.125  0.050  0      1787.18635  0
 0.125  0.074  0      1937.17177  0
 0.125  0.099  0      1232.59522  0
 0.125  0.124  0      1221.29453  0
 0.125  0.149  0       916.43156  0
 0.125  0.174  0       793.33183  0
 0.125  0.199  0       713.82649  0
 0.125  0.224  0       715.25206  0
 0.125  0.248  0       755.35442  0
 0.125  0.273  0       772.84365  0
 0.125  0.298  0       690.07893  0
 0.125  0.323  0       448.82881  0
 0.125  0.348  0        79.92837  0
 0.125  0.373  0         0.00000  0
 0.125  0.398  0         0.00000  0
 0.125  0.423  0         0.00000  0
 0.125  0.448  0         0.00000  0
 0.125  0.473  0         0.00000  0
 0.125  0.498  0         0.00000  0
 0.150 -0.075 -1         0.00000  0
 0.150 -0.050 -1         0.00000  0
 0.150 -0.025  1         0.00000  0
 0.150  0.000  1      2251.44667  0
 0.150  0.024  0      1951.71282  0
 0.150  0.050  0      1564.48097  0
 0.150  0.074  0      1698.15511  0
 0.150  0.099  0      1011.81806  0
 0.150  0.124  0      1013.21806  0
 0.150  0.149  0       736.28324  0
 0.150  0.174  0       656.56774  0
 0.150  0.199  0       628.90843  0
 0.150  0.224  0       675.07854  0
 0.150  0.248  0       737.50163  0
 0.150  0.273  0       745.17423  0
 0.150  0.298  0       625.89178  0
 0.150  0.323  0       348.82113  0
 0.150  0.348  0         0.00000  0
 0.150  0.373  0         0.00000  0
 0.150  0.398  0         0.00000  0
 0.150  0.423  0         0.00000  0
 0.150  0.448  0         0.00000  0
 0.150  0.473  0         0.00000  0
 0.150  0.498  0         0.00000  0
 0.175 -0.075 -1         0.00000  0
 0.175 -0.050 -1         0.00000  0
 0.175 -0.025  1         0.00000  0
 0.175  0.000  1      2032.95728  0
 0.176  0.024  0      1561.64348  0
 0.176  0.049  0      1208.92639  0
 0.175  0.074  0      1259.32184  0
 0.175  0.099  0       596.48275  0
 0.175  0.124  0       657.73304  0
 0.175  0.149  0       494.89547  0
 0.175  0.174  0       529.32717  0
 0.175  0.199  0       599.98875  0
 0.175  0.223  0       693.24822  0
 0.175  0.248  0       735.69169  0
 0.175  0.273  0       663.38762  0
 0.175  0.298  0       443.65260  0
 0.175  0.323  0       110.73914  0
 0.175  0.348  0         0.00000  0
 0.175  0.373  0         0.00000  0
 0.175  0.398  0         0.00000  0
 0.175  0.423  0         0.00000  0
 0.175  0.448  0         0.00000  0
 0.175  0.473  0         0.00000  0
 0.175  0.498  0         0.00000  0
 0.200 -0.075 -1         0.00000  0
 0.200 -0.050 -1         0.00000  0
 0.200 -0.025  1         0.00000  0
 0.200  0.000  1      1578.13015  0
 0.201  0.024  0       842.76955  0
 0.201  0.049  0       559.50357  0
 0.201  0.074  0       842.67115  0
 0.201  0.099  0       433.77925  0
 0.201  0.124  0       650.87224  0
 0.200  0.149  0       639.42416  0
 0.200  0.174  0       719.90837  0
 0.200  0.198  0       751.62299  0
 0.200  0.223  0       727.73142  0
 0.200  0.248  0       618.57544  0
 0.200  0.273  0       409.06145  0
 0.200  0.298  0       113.12006  0
 0.200  0.323  0         0.00000  0
 0.200  0.348  0         0.00000  0
 0.200  0.373  0         0.00000  0
 0.200  0.398  0         0.00000  0
 0.200  0.423  0         0.00000  0
 0.200  0.448  0         0.00000  0
 0.200  0.473  0         0.00000  0
 0.200  0.498  0         0.00000  0
 0.225 -0.075 -1         0.00000  0
 0.225 -0.050 -1         0.00000  0
 0.225 -0.025  1         0.00000  0
 0.225  0.000  1      1788.80945  0
 0.227  0.024  0      1312.92318  0
 0.226  0.049  0       843.26603  0
 0.226  0.074  0      1055.82914  0
 0.226  0.099  0       695.36385  0
 0.226  0.124  0       751.64304  0
 0.225  0.148  0       628.63292  0
 0.225  0.173  0       511.90901  0
 0.225  0.198  0       312.03877  0
 0.225  0.223  0        59.04043  0
 0.225  0.248  0         0.00000  0
 0.225  0.273  0         0.00000  0
 0.225  0.298  0         0.00000  0
 0.225  0.323  0         0.00000  0
 0.225  0.348  0         0.00000  0
 0.225  0.373  0         0.00000  0
 0.225  0.398  0         0.00000  0
 0.225  0.423  0         0.00000  0
 0.225  0.448  0         0.00000  0
 0.225  0.473  0         0.00000  0
 0.225  0.498  0         0.00000  0
 0.250 -0.075 -1         0.00000  0
 0.250 -0.050 -1         0.00000  0
 0.250 -0.025  1         0.00000  0
 0.250  0.000  1         0.00000  0
 0.251  0.023  0         0.00000  0
 0.251  0.048  0         0.00000  0
 0.251  0.073  0         0.00000  0
 0.250  0.098  0         0.00000  0
 0.250  0.123  0         0.00000  0
 0.250  0.148  0         0.00000  0
 0.250  0.173  0         0.00000  0
 0.250  0.198  0         0.00000  0
 0.250  0.223  0         0.00000  0
 0.250  0.248  0         0.00000  0
 0.250  0.273  0         0.00000  0
 0.250  0.298  0         0.00000  0
 0.250  0.323  0         0.00000  0
 0.250  0.348  0         0.00000  0
 0.250  0.373  0         0.00000  0
 0.250  0.398  0         0.00000  0
 0.250  0.423  0         0.00000  0
 0.250  0.448  0         0.00000  0
 0.250  0.473  0         0.00000  0
 0.250  0.498  0         0.00000  0
 0.275 -0.075 -1         0.00000  0
 0.275 -0.050 -1         0.00000  0
 0.275 -0.025  1         0.00000  0
 0.275  0.000  1         0.00000  0
 0.300 -0.075 -1         0.00000  0
 0.300 -0.050 -1         0.00000  0
 0.300 -0.025  1         0.00000  0
 0.300  0.000  1         0.00000  0
 0.325 -0.075 -1         0.00000  0
 0.325 -0.050 -1         0.00000  0
 0.325 -0.025  1         0.00000  0
 0.325  0.000  1         0.00000  0
 0.350 -0.075 -1         0.00000  0
 0.350 -0.050 -1         0.00000  0
 0.350 -0.025  1         0.00000  0
 0.350  0.000  1         0.00000  0
 0.375 -0.075 -1         0.00000  0
 0.375 -0.050 -1         0.00000  0
 0.375 -0.025  1         0.00000  0
 0.375  0.000  1         0.00000  0
 0.400 -0.075 -1         0.00000  0
 0.400 -0.050 -1         0.00000  0
 0.400 -0.025  1         0.00000  0
 0.400  0.000  1         0.00000  0
 0.425 -0.075 -1         0.00000  0
 0.425 -0.050 -1         0.00000  0
 0.425 -0.025  1         0.00000  0
 0.425  0.000  1         0.00000  0
 0.450 -0.075 -1         0.00000  0
 0.450 -0.050 -1         0.00000  0
 0.450 -0.025  1         0.00000  0
 0.450  0.000  1         0.00000  0
 0.475 -0.075 -1         0.00000  0
 0.475 -0.050 -1         0.00000  0
 0.475 -0.025  1         0.00000  0
 0.475  0.000  1         0.00000  0
 0.500 -0.075 -1         0.00000  0
 0.500 -0.050 -1         0.00000  0
 0.500 -0.025  1         0.00000  0
 0.500  0.000  1         0.00000  0
 0.525 -0.075 -1         0.00000  0
 0.525 -0.050 -1         0.00000  0
 0.525 -0.025  1         0.00000  0
 0.525  0.000  1         0.00000  0
 0.550 -0.075 -1         0.00000  0
 0.550 -0.050 -1         0.00000  0
 0.550 -0.025  1         0.00000  0
 0.550  0.000  1         0.00000  0
 0.575 -0.075 -1         0.00000  0
 0.575 -0.050 -1         0.00000  0
 0.575 -0.025  1         0.00000  0
 0.575  0.000  1         0.00000  0
 0.600 -0.075 -1         0.00000  0
 0.600 -0.050 -1         0.00000  0
 0.600 -0.025  1         0.00000  0
 0.600  0.000  1         0.00000  0
 0.625 -0.075 -1         0.00000  0
 0.625 -0.050 -1         0.00000  0
 0.625 -0.025  1         0.00000  0
 0.625  0.000  1         0.00000  0
 0.650 -0.075 -1         0.00000  0
 0.650 -0.050 -1         0.00000  0
 0.650 -0.025  1         0.00000  0
 0.650  0.000  1         0.00000  0
 0.675 -0.075 -1         0.00000  0
 0.675 -0.050 -1         0.00000  0
 0.675 -0.025  1         0.00000  0
 0.675  0.000  1         0.00000  0
 0.700 -0.075 -1         0.00000  0
 0.700 -0.050 -1         0.00000  0
 0.700 -0.025  1         0.00000  0
 0.700  0.000  1         0.00000  0
 0.725 -0.075 -1         0.00000  0
 0.725 -0.050 -1         0.00000  0
 0.725 -0.025  1         0.00000  0
 0.725  0.000  1         0.00000  0
 0.750 -0.075 -1         0.00000  0
 0.750 -0.050 -1         0.00000  0
 0.750 -0.025  1         0.00000  0
 0.750  0.000  1         0.00000  0
 0.775 -0.075 -1         0.00000  0
 0.775 -0.050 -1         0.00000  0
 0.775 -0.025  1         0.00000  0
 0.775  0.000  1         0.00000  0
 0.800 -0.075 -1         0.00000  0
 0.800 -0.050 -1         0.00000  0
 0.800 -0.025  1         0.00000  0
 0.800  0.000  1         0.00000  0
 0.825 -0.075 -1         0.00000  0
 0.825 -0.050 -1         0.00000  0
 0.825 -0.025  1         0.00000  0
 0.825  0.000  1         0.00000  0
 0.850 -0.075 -1         0.00000  0
 0.850 -0.050 -1         0.00000  0
 0.850 -0.025  1         0.00000  0
 0.850  0.000  1         0.00000  0
 0.875 -0.075 -1         0.00000  0
 0.875 -0.050 -1         0.00000  0
 0.875 -0.025  1         0.00000  0
 0.875  0.000  1         0.00000  0
 0.900 -0.075 -1         0.00000  0
 0.900 -0.050 -1         0.00000  0
 0.900 -0.025  1         0.00000  0
 0.900  0.000  1         0.00000  0
 0.925 -0.075 -1         0.00000  0
 0.925 -0.050 -1         0.00000  0
 0.925 -0.025  1         0.00000  0
 0.925  0.000  1         0.00000  0
 0.950 -0.075 -1         0.00000  0
 0.950 -0.050 -1         0.00000  0
 0.950 -0.025  1         0.00000  0
 0.950  0.000  1         0.00000  0
 0.975 -0.075 -1         0.00000  0
 0.975 -0.050 -1         0.00000  0
 0.975 -0.025  1         0.00000  0
 0.975  0.000  1         0.00000  0
 1.000 -0.075 -1         0.00000  0
 1.000 -0.050 -1         0.00000  0
 1.000 -0.025  1         0.00000  0
 1.000  0.000  1         0.00000  0
 1.025 -0.075 -1         0.00000  0
 1.025 -0.050 -1         0.00000  0
 1.025 -0.025  1         0.00000  0
 1.025  0.000  1         0.00000  0
 1.025  0.025  1         0.00000  0
 1.025  0.050  1         0.00000  0
 1.025  0.075  1         0.00000  0
 1.025  0.100  1         0.00000  0
 1.025  0.125  1         0.00000  0
 1.025  0.150  1         0.00000  0
 1.025  0.175  1         0.00000  0
 1.025  0.200  1         0.00000  0
 1.025  0.225  1         0.00000  0
 1.025  0.250  1         0.00000  0
 1.025  0.275  1         0.00000  0
 1.025  0.300  1         0.00000  0
 1.025  0.325  1         0.00000  0
 1.025  0.350  1         0.00000  0
 1.025  0.375  1         0.00000  0
 1.025  0.400  1         0.00000  0
 1.025  0.425  1         0.00000  0
 1.025  0.450  1         0.00000  0
 1.025  0.475  1         0.00000  0
 1.025  0.500  1         0.00000  0
 1.025  0.525  1         0.00000  0
 1.025  0.550  1         0.00000  0
 1.025  0.575  1         0.00000  0
 1.025  0.600  1         0.00000  0
 1.050 -0.075 -1         0.00000  0
 1.050 -0.050 -1         0.00000  0
 1.050 -0.025  1         0.00000  0
 1.050  0.000  1         0.00000  0
 1.050  0.025  1         0.00000  0
 1.050  0.050  1         0.00000  0
 1.050  0.075  1         0.00000  0
 1.050  0.100  1         0.00000  0
 1.050  0.125  1         0.00000  0
 1.050  0.150  1         0.00000  0
 1.050  0.175  1         0.00000  0
 1.050  0.200  1         0.00000  0
 1.050  0.225  1         0.00000  0
 1.050  0.250  1         0.00000  0
 1.050  0.275  1         0.00000  0
 1.050  0.300  1         0.00000  0
 1.050  0.325  1         0.00000  0
 1.050  0.350  1         0.00000  0
 1.050  0.375  1         0.00000  0
 1.050  0.400  1         0.00000  0
 1.050  0.425  1         0.00000  0
 1.050  0.450  1         0.00000  0
 1.050  0.475  1         0.00000  0
 1.050  0.500  1         0.00000  0
 1.050  0.525  1         0.00000  0
 1.050  0.550  1         0.00000  0
 1.050  0.575  1         0.00000  0
 1.050  0.600  1         0.00000  0
 1.075 -0.075 -1         0.00000  0
 1.075 -0.050 -1         0.00000  0
 1.075 -0.025 -1         0.00000  0
 1.075  0.000 -1         0.00000  0
 1.075  0.025 -1         0.00000  0
 1.075  0.050 -1         0.00000  0
 1.075  0.075 -1         0.00000  0
 1.075  0.100 -1         0.00000  0
 1.075  0.125 -1         0.00000  0
 1.075  0.150 -1         0.00000  0
 1.075  0.175 -1         0.00000  0
 1.075  0.200 -1         0.00000  0
 1.075  0.225 -1         0.00000  0
 1.075  0.250 -1         0.00000  0
 1.075  0.275 -1         0.00000  0
 1.075  0.300 -1         0.00000  0
 1.075  0.325 -1         0.00000  0
 1.075  0.350 -1         0.00000  0
 1.075  0.375 -1         0.00000  0
 1.075  0.400 -1         0.00000  0
 1.075  0.425 -1         0.00000  0
 1.075  0.450 -1         0.00000  0
 1.075  0.475 -1         0.00000  0
 1.075  0.500 -1         0.00000  0
 1.075  0.525 -1         0.00000  0
 1.075  0.550 -1         0.00000  0
 1.075  0.575  1         0.00000  0
 1.075  0.600  1         0.00000  0
 1.100 -0.075 -1         0.00000  0
 1.100 -0.050 -1         0.00000  0
 1.100 -0.025 -1         0.00000  0
 1.100  0.000 -1         0.00000  0
 1.100  0.025 -1         0.00000  0
 1.100  0.050 -1         0.00000  0
 1.100  0.075 -1         0.00000  0
 1.100  0.100 -1         0.00000  0
 1.100  0.125 -1         0.00000  0
 1.100  0.150 -1         0.00000  0
 1.100  0.175 -1         0.00000  0
 1.100  0.200 -1         0.00000  0
 1.100  0.225 -1         0.00000  0
 1.100  0.250 -1         0.00000  0
 1.100  0.275 -1         0.00000  0
 1.100  0.300 -1         0.00000  0
 1.100  0.325 -1         0.00000  0
 1.100  0.350 -1         0.00000  0
 1.100  0.375 -1         0.00000  0
 1.100  0.400 -1         0.00000  0
 1.100  0.425 -1         0.00000  0
 1.100  0.450 -1         0.00000  0
 1.100  0.475 -1         0.00000  0
 1.100  0.500 -1         0.00000  0
 1.100  0.525 -1         0.00000  0
 1.100  0.550 -1         0.00000  0
 1.100  0.575  1         0.00000  0
 1.100  0.600  1         0.00000  0
