-0.075 -0.075 -1         0.00000  0
-0.075 -0.050 -1         0.00000  0
-0.075 -0.025 -1         0.00000  0
-0.075  0.000 -1         0.00000  0
-0.075  0.025 -1         0.00000  0
-0.075  0.050 -1         0.00000  0
-0.075  0.075 -1         0.00000  0
-0.075  0.100 -1         0.00000  0
-0.075  0.125 -1         0.00000  0
-0.075  0.150 -1         0.00000  0
-0.075  0.175 -1         0.00000  0
-0.075  0.200 -1         0.00000  0
-0.075  0.225 -1         0.00000  0
-0.075  0.250 -1         0.00000  0
-0.075  0.275 -1         0.00000  0
-0.075  0.300 -1         0.00000  0
-0.075  0.325 -1         0.00000  0
-0.075  0.350 -1         0.00000  0
-0.075  0.375 -1         0.00000  0
-0.075  0.400 -1         0.00000  0
-0.075  0.425 -1         0.00000  0
-0.075  0.450 -1         0.00000  0
-0.075  0.475 -1         0.00000  0
-0.075  0.500 -1         0.00000  0
-0.075  0.525 -1         0.00000  0
-0.075  0.550 -1         0.00000  0
-0.075  0.575  1         0.00000  0
-0.075  0.600  1         0.00000  0
-0.050 -0.075 -1         0.00000  0
-0.050 -0.050 -1         0.00000  0
-0.050 -0.025 -1         0.00000  0
-0.050  0.000 -1         0.00000  0
-0.050  0.025 -1         0.00000  0
-0.050  0.050 -1         0.00000  0
-0.050  0.075 -1         0.00000  0
-0.050  0.100 -1         0.00000  0
-0.050  0.125 -1         0.00000  0
-0.050  0.150 -1         0.00000  0
-0.050  0.175 -1         0.00000  0
-0.050  0.200 -1         0.00000  0
-0.050  0.225 -1         0.00000  0
-0.050  0.250 -1         0.00000  0
-0.050  0.275 -1         0.00000  0
-0.050  0.300 -1         0.00000  0
-0.050  0.325 -1         0.00000  0
-0.050  0.350 -1         0.00000  0
-0.050  0.375 -1         0.00000  0
-0.050  0.400 -1         0.00000  0
-0.050  0.425 -1         0.00000  0
-0.050  0.450 -1         0.00000  0
-0.050  0.475 -1         0.00000  0
-0.050  0.500 -1         0.00000  0
-0.050  0.525 -1         0.00000  0
-0.050  0.550 -1         0.00000  0
-0.050  0.575  1         0.00000  0
-0.050  0.600  1         0.00000  0
-0.025 -0.075 -1         0.00000  0
-0.025 -0.050 -1         0.00000  0
-0.025 -0.025  1         0.00000  0
-0.025  0.000  1         0.00000  0
-0.025  0.025  1         0.00000  0
-0.025  0.050  1         0.00000  0
-0.025  0.075  1         0.00000  0
-0.025  0.100  1         0.00000  0
-0.025  0.125  1         0.00000  0
-0.025  0.150  1         0.00000  0
-0.025  0.175  1         0.00000  0
-0.025  0.200  1         0.00000  0
-0.025  0.225  1         0.00000  0
-0.025  0.250  1         0.00000  0
-0.025  0.275  1         0.00000  0
-0.025  0.300  1         0.00000  0
-0.025  0.325  1         0.00000  0
-0.025  0.350  1         0.00000  0
-0.025  0.375  1         0.00000  0
-0.025  0.400  1         0.00000  0
-0.025  0.425  1         0.00000  0
-0.025  0.450  1         0.00000  0
-0.025  0.475  1         0.00000  0
-0.025  0.500  1         0.00000  0
-0.025  0.525  1         0.00000  0
-0.025  0.550  1         0.00000  0
-0.025  0.575  1         0.00000  0
-0.025  0.600  1         0.00000  0
 0.000 -0.075 -1         0.00000  0
 0.000 -0.050 -1         0.00000  0
 0.000 -0.025  1         0.00000  0
 0.000  0.000  1         0.00000  0
 0.000  0.025  1       142.47195  0
 0.000  0.050  1      1185.05951  0
 0.000  0.075  1         0.00000  0
 0.000  0.100  1         0.00000  0
 0.000  0.125  1         0.00000  0
 0.000  0.150  1         0.00000  0
 0.000  0.175  1         0.00000  0
 0.000  0.200  1         0.00000  0
 0.000  0.225  1         0.00000  0
 0.000  0.250  1         0.00000  0
 0.000  0.275  1         0.00000  0
 0.000  0.300  1         0.00000  0
 0.000  0.325  1         0.00000  0
 0.000  0.350  1         0.00000  0
 0.000  0.375  1         0.00000  0
 0.000  0.400  1         0.00000  0
 0.000  0.425  1         0.00000  0
 0.000  0.450  1         0.00000  0
 0.000  0.475  1         0.00000  0
 0.000  0.500  1         0.00000  0
 0.000  0.525  1         0.00000  0
 0.000  0.550  1         0.00000  0
 0.000  0.575  1         0.00000  0
 0.000  0.600  1         0.00000  0
 0.025 -0.075 -1         0.00000  0
 0.025 -0.050 -1         0.00000  0
 0.025 -0.025  1         0.00000  0
 0.025  0.000  1         0.00000  0
 0.085  0.019  0       357.59903  0
 0.258  0.055  0         0.00000  0
 0.129  0.026  0       401.51639  0
 0.310  0.102  0         0.00000  0
 0.023  0.030  0       140.41836  0
 0.107  0.031  0      1038.47303  0
 0.043  0.021  0       254.09817  0
 0.240  0.025  0       365.46359  0
 0.149  0.027  0      1203.32492  0
 0.105  0.051  0        14.25965  0
 0.115  0.073  0       561.12293  0
 0.019  0.062  0         0.00000  0
 0.048  0.050  0       488.20075  0
 0.044  0.100  0         0.00000  0
 0.041  0.074  0        55.91941  0
 0.075  0.077  0         0.00000  0
 0.105  0.101  0         0.00000  0
 0.133  0.088  0         0.00000  0
 0.151  0.071  0       232.22937  0
 0.019  0.106  0         0.00000  0
 0.050 -0.075 -1         0.00000  0
 0.050 -0.050 -1         0.00000  0
 0.050 -0.025  1         0.00000  0
 0.050  0.000  1      1171.64469  0
 0.171  0.022  0       810.78328  0
 0.282  0.031  0         0.00000  0
 0.344  0.071  0       930.14407  0
 0.302  0.053  0       851.34778  0
 0.262  0.025  0      1185.23106  0
 0.225  0.047  0       367.52230  0
 0.291  0.069  0         0.00000  0
 0.320  0.134  0         0.00000  0
 0.148  0.055  0        25.95947  0
 0.193  0.032  0         0.00000  0
 0.177  0.053  0         0.00000  0
 0.361  0.054  0         0.00000  0
 0.063  0.041  0        33.81014  0
 0.256  0.070  0        90.50360  0
 0.083  0.057  0      1493.74321  0
 0.055  0.090  0         0.00000  0
 0.234  0.099  0       169.04075  0
 0.097  0.086  0        37.76765  0
 0.168  0.093  0         0.00000  0
 0.178  0.079  0       696.93972  0
 0.075 -0.075 -1         0.00000  0
 0.075 -0.050 -1         0.00000  0
 0.075 -0.025  1         0.00000  0
 0.075  0.000  1      1271.87885  0
 0.303  0.024  0      1040.96751  0
 0.215  0.028  0      2013.12976  0
 0.531  0.025  0         0.00000  0
 0.327  0.025  0         0.00000  0
 0.430  0.028  0       964.63367  0
 0.323  0.054  0       136.25755  0
 0.394  0.020  0       453.38670  0
 0.313  0.080  0         0.00000  0
 0.349  0.031  0      1218.58630  0
 0.326  0.109  0         0.00000  0
 0.367  0.023  0      1215.51436  0
 0.201  0.060  0       509.36730  0
 0.451  0.055  0       203.35563  0
 0.339  0.089  0         0.00000  0
 0.228  0.071  0       878.15951  0
 0.250  0.092  0         0.00000  0
 0.441  0.072  0         0.00000  0
 0.201  0.083  0         0.00000  0
 0.391  0.077  0         0.00000  0
 0.221  0.105  0         0.00000  0
 0.100 -0.075 -1         0.00000  0
 0.100 -0.050 -1         0.00000  0
 0.100 -0.025  1         0.00000  0
 0.100  0.000  1      1136.14933  0
 0.697  0.023  0      2117.74147  0
 0.674  0.022  0      1582.32964  0
 0.620  0.024  0         0.00000  0
 0.482  0.023  0       497.67060  0
 0.562  0.025  0       207.17048  0
 0.504  0.031  0         0.00000  0
 0.608  0.060  0         0.00000  0
 0.682  0.048  0         0.00000  0
 0.592  0.063  0         0.00000  0
 0.539  0.061  0         0.00000  0
 0.712  0.074  0         0.00000  0
 0.450  0.022  0         0.00000  0
 0.591  0.022  0       262.03259  0
 0.549  0.088  0         0.00000  0
 0.484  0.043  0      1587.24219  0
 0.408  0.039  0       279.67923  0
 0.424  0.101  0         0.00000  0
 0.371  0.075  0         0.00000  0
 0.470  0.066  0         0.00000  0
 0.390  0.058  0      1903.49819  0
 0.125 -0.075 -1         0.00000  0
 0.125 -0.050 -1         0.00000  0
 0.125 -0.025  1         0.00000  0
 0.125  0.000  1       208.11063  0
 0.787  0.031  0         0.00000  0
 0.807  0.057  0       326.32459  0
 0.809  0.024  0         0.00000  0
 0.648  0.029  0         0.00000  0
 0.847  0.072  0         0.00000  0
 0.908  0.069  0         0.00000  0
 0.890  0.029  0      1316.24647  0
 0.858  0.021  0         0.00000  0
 0.825  0.090  0         0.00000  0
 0.741  0.026  0         0.00000  0
 0.759  0.023  0      1038.77232  0
 0.761  0.056  0         0.00000  0
 0.591  0.043  0         0.00000  0
 0.681  0.076  0         0.00000  0
 0.549  0.036  0       234.90548  0
 0.426  0.053  0      2158.41547  0
 0.517  0.092  0         0.00000  0
 0.410  0.081  0         0.00000  0
 0.501  0.064  0         0.00000  0
 0.480  0.079  0         0.00000  0
 0.150 -0.075 -1         0.00000  0
 0.150 -0.050 -1         0.00000  0
 0.150 -0.025  1         0.00000  0
 0.150  0.000  1       814.08602  0
 0.988  0.106  0       197.59131  0
 0.875  0.042  0      1786.91725  0
 0.985  0.054  0         0.00000  0
 0.939  0.153  0         0.00000  0
 0.953  0.261  0         0.00000  1
 0.921  0.041  0         0.00000  0
 0.911  0.022  0      1489.21540  0
 0.831  0.026  0         0.00000  0
 0.913  0.104  0         0.00000  0
 0.858  0.055  0       124.95349  0
 0.833  0.050  0      1360.39571  0
 0.817  0.072  0         0.00000  0
 0.721  0.036  0         0.00000  0
 0.638  0.045  0       670.57362  0
 0.667  0.063  0         0.00000  0
 0.559  0.098  0         0.00000  0
 0.631  0.061  0         0.00000  0
 0.578  0.094  0         0.00000  0
 0.513  0.102  0         0.00000  0
 0.521  0.056  0       549.97079  0
 0.175 -0.075 -1         0.00000  0
 0.175 -0.050 -1         0.00000  0
 0.175 -0.025  1         0.00000  0
 0.175  0.000  1      1150.75166  0
 1.001  0.140  0         0.00000  0
 1.003  0.098  0       567.68165  0
 0.962  0.254  0      1647.76648  1
 0.972  0.312  0         0.00000  0
 0.936  0.234  0         0.00000  1
 1.004  0.306  0         0.00000  0
 0.921  0.345  0         0.00000  0
 0.922  0.083  0      1524.11172  0
 0.953  0.057  0       902.44702  0
 0.948  0.174  0         0.00000  0
 0.993  0.168  0       402.22089  0
 0.984  0.150  0         0.00000  0
 0.969  0.093  0      1089.62744  0
 0.889  0.098  0       616.28002  0
 0.905  0.125  0         0.00000  0
 0.778  0.088  0         0.00000  0
 0.861  0.095  0         0.00000  0
 0.708  0.048  0       236.37645  0
 0.742  0.074  0         0.00000  0
 0.715  0.090  0         0.00000  0
 0.200 -0.075 -1         0.00000  0
 0.200 -0.050 -1         0.00000  0
 0.200 -0.025  1         0.00000  0
 0.200  0.000  1         0.00000  0
 0.985  0.206  0         0.00000  0
 1.003  0.030  0         0.00000  0
 0.993  0.291  0         0.00000  0
 0.971  0.419  0         0.00000  0
 0.997  0.236  0         0.00000  0
 0.981  0.025  0         0.00000  0
 0.906  0.303  0         0.00000  0
 0.978  0.483  0         0.00000  0
 0.908  0.365  0         0.00000  0
 0.875  0.223  0         0.00000  0
 0.965  0.129  0         0.00000  0
 0.958  0.021  0       998.65345  0
 0.973  0.070  0       235.41556  0
 0.939  0.075  0         0.00000  0
 0.945  0.190  0         0.00000  0
 0.952  0.105  0         0.00000  0
 0.949  0.128  0       313.49157  0
 0.920  0.135  0         0.00000  0
 0.868  0.106  0         0.00000  0
 0.754  0.077  0         0.00000  0
 0.225 -0.075 -1         0.00000  0
 0.225 -0.050 -1         0.00000  0
 0.225 -0.025  1         0.00000  0
 0.225  0.000  1         0.00000  0
 1.002  0.408  0         0.00000  0
 0.875  0.586  0         0.00000  0
 0.825  0.872  0         0.00000  0
 0.858  0.762  0         0.00000  0
 0.979  0.465  0         0.00000  0
 0.981  0.351  0         0.00000  0
 0.991  0.776  0         0.00000  0
 0.998  0.255  0         0.00000  0
 0.932  0.313  0         0.00000  1
 1.005  0.186  0         0.00000  0
 0.900  0.240  0         0.00000  0
 0.923  0.309  0         0.00000  1
 0.996  0.393  0         0.00000  0
 0.989  0.273  0         0.00000  0
 0.877  0.253  0         0.00000  0
 0.960  0.210  0       437.05601  0
 0.942  0.038  0       657.91873  0
 0.904  0.201  0         0.00000  0
 0.888  0.066  0         0.00000  0
 0.783  0.051  0         0.00000  0
 0.250 -0.075 -1         0.00000  0
 0.250 -0.050 -1         0.00000  0
 0.250 -0.025  1         0.00000  0
 0.250  0.000  1       407.25516  0
 0.928  0.949  0         0.00000  0
 0.955  0.975  0         0.00000  0
 0.890  0.806  0         0.00000  0
 0.897  0.368  0         0.00000  0
 1.003  0.064  0       968.48851  0
 0.887  0.891  0         0.00000  0
 0.856  0.374  0         0.00000  0
 0.954  0.915  0         0.00000  0
 0.952  0.547  0         0.00000  0
 0.906  0.404  0         0.00000  0
 0.893  0.502  0         0.00000  0
 0.969  0.343  0         0.00000  0
 1.012  0.679  0         0.00000  0
 0.982  0.614  0         0.00000  0
 0.943  0.531  0         0.00000  0
 0.832  0.289  0         0.00000  0
 0.973  0.224  0         0.00000  0
 0.931  0.223  0         0.00000  1
 0.968  0.181  0         0.00000  0
 0.884  0.125  0         0.00000  0
 0.275 -0.075 -1         0.00000  0
 0.275 -0.050 -1         0.00000  0
 0.275 -0.025  1         0.00000  0
 0.275  0.000  1       465.83671  0
 0.300 -0.075 -1         0.00000  0
 0.300 -0.050 -1         0.00000  0
 0.300 -0.025  1         0.00000  0
 0.300  0.000  1       837.48053  0
 0.325 -0.075 -1         0.00000  0
 0.325 -0.050 -1         0.00000  0
 0.325 -0.025  1         0.00000  0
 0.325  0.000  1         0.00000  0
 0.350 -0.075 -1         0.00000  0
 0.350 -0.050 -1         0.00000  0
 0.350 -0.025  1         0.00000  0
 0.350  0.000  1       351.83062  0
 0.375 -0.075 -1         0.00000  0
 0.375 -0.050 -1         0.00000  0
 0.375 -0.025  1         0.00000  0
 0.375  0.000  1      2997.15362  0
 0.400 -0.075 -1         0.00000  0
 0.400 -0.050 -1         0.00000  0
 0.400 -0.025  1         0.00000  0
 0.400  0.000  1      3274.90704  0
 0.425 -0.075 -1         0.00000  0
 0.425 -0.050 -1         0.00000  0
 0.425 -0.025  1         0.00000  0
 0.425  0.000  1        51.65763  0
 0.450 -0.075 -1         0.00000  0
 0.450 -0.050 -1         0.00000  0
 0.450 -0.025  1         0.00000  0
 0.450  0.000  1      1813.60235  0
 0.475 -0.075 -1         0.00000  0
 0.475 -0.050 -1         0.00000  0
 0.475 -0.025  1         0.00000  0
 0.475  0.000  1       866.79234  0
 0.500 -0.075 -1         0.00000  0
 0.500 -0.050 -1         0.00000  0
 0.500 -0.025  1         0.00000  0
 0.500  0.000  1         0.00000  0
 0.525 -0.075 -1         0.00000  0
 0.525 -0.050 -1         0.00000  0
 0.525 -0.025  1         0.00000  0
 0.525  0.000  1         0.00000  0
 0.550 -0.075 -1         0.00000  0
 0.550 -0.050 -1         0.00000  0
 0.550 -0.025  1         0.00000  0
 0.550  0.000  1         0.00000  0
 0.575 -0.075 -1         0.00000  0
 0.575 -0.050 -1         0.00000  0
 0.575 -0.025  1         0.00000  0
 0.575  0.000  1         0.00000  0
 0.600 -0.075 -1         0.00000  0
 0.600 -0.050 -1         0.00000  0
 0.600 -0.025  1         0.00000  0
 0.600  0.000  1       510.08448  0
 0.625 -0.075 -1         0.00000  0
 0.625 -0.050 -1         0.00000  0
 0.625 -0.025  1         0.00000  0
 0.625  0.000  1         0.00000  0
 0.650 -0.075 -1         0.00000  0
 0.650 -0.050 -1         0.00000  0
 0.650 -0.025  1         0.00000  0
 0.650  0.000  1         0.00000  0
 0.675 -0.075 -1         0.00000  0
 0.675 -0.050 -1         0.00000  0
 0.675 -0.025  1         0.00000  0
 0.675  0.000  1      3520.85493  0
 0.700 -0.075 -1         0.00000  0
 0.700 -0.050 -1         0.00000  0
 0.700 -0.025  1         0.00000  0
 0.700  0.000  1      1576.28799  0
 0.725 -0.075 -1         0.00000  0
 0.725 -0.050 -1         0.00000  0
 0.725 -0.025  1         0.00000  0
 0.725  0.000  1         0.00000  0
 0.750 -0.075 -1         0.00000  0
 0.750 -0.050 -1         0.00000  0
 0.750 -0.025  1         0.00000  0
 0.750  0.000  1      1419.18924  0
 0.775 -0.075 -1         0.00000  0
 0.775 -0.050 -1         0.00000  0
 0.775 -0.025  1         0.00000  0
 0.775  0.000  1         0.00000  0
 0.800 -0.075 -1         0.00000  0
 0.800 -0.050 -1         0.00000  0
 0.800 -0.025  1         0.00000  0
 0.800  0.000  1         0.00000  0
 0.825 -0.075 -1         0.00000  0
 0.825 -0.050 -1         0.00000  0
 0.825 -0.025  1         0.00000  0
 0.825  0.000  1         0.00000  0
 0.850 -0.075 -1         0.00000  0
 0.850 -0.050 -1         0.00000  0
 0.850 -0.025  1         0.00000  0
 0.850  0.000  1         0.00000  0
 0.875 -0.075 -1         0.00000  0
 0.875 -0.050 -1         0.00000  0
 0.875 -0.025  1         0.00000  0
 0.875  0.000  1         0.00000  0
 0.900 -0.075 -1         0.00000  0
 0.900 -0.050 -1         0.00000  0
 0.900 -0.025  1         0.00000  0
 0.900  0.000  1       428.75840  0
 0.925 -0.075 -1         0.00000  0
 0.925 -0.050 -1         0.00000  0
 0.925 -0.025  1         0.00000  0
 0.925  0.000  1         0.00000  0
 0.950 -0.075 -1         0.00000  0
 0.950 -0.050 -1         0.00000  0
 0.950 -0.025  1         0.00000  0
 0.950  0.000  1      1141.30436  0
 0.975 -0.075 -1         0.00000  0
 0.975 -0.050 -1         0.00000  0
 0.975 -0.025  1         0.00000  0
 0.975  0.000  1      1256.47602  0
 1.000 -0.075 -1         0.00000  0
 1.000 -0.050 -1         0.00000  0
 1.000 -0.025  1         0.00000  0
 1.000  0.000  1         0.00000  0
 1.025 -0.075 -1         0.00000  0
 1.025 -0.050 -1         0.00000  0
 1.025 -0.025  1         0.00000  0
 1.025  0.000  1         0.00000  0
 1.025  0.025  1       506.75119  0
 1.025  0.050  1         0.00000  0
 1.025  0.075  1         0.00000  0
 1.025  0.100  1       502.21160  0
 1.025  0.125  1         0.00000  0
 1.025  0.150  1         0.00000  0
 1.025  0.175  1       743.04611  0
 1.025  0.200  1         0.00000  0
 1.025  0.225  1         0.00000  0
 1.025  0.250  1         0.00000  0
 1.025  0.275  1         0.00000  0
 1.025  0.300  1        45.84894  0
 1.025  0.325  1         0.00000  0
 1.025  0.350  1         0.00000  0
 1.025  0.375  1         0.00000  0
 1.025  0.400  1         0.00000  0
 1.025  0.425  1         0.00000  0
 1.025  0.450  1         0.00000  0
 1.025  0.475  1         0.00000  0
 1.025  0.500  1         0.00000  0
 1.025  0.525  1         0.00000  0
 1.025  0.550  1         0.00000  0
 1.025  0.575  1         0.00000  0
 1.025  0.600  1         0.00000  0
 1.050 -0.075 -1         0.00000  0
 1.050 -0.050 -1         0.00000  0
 1.050 -0.025  1         0.00000  0
 1.050  0.000  1         0.00000  0
 1.050  0.025  1         0.00000  0
 1.050  0.050  1         0.00000  0
 1.050  0.075  1         0.00000  0
 1.050  0.100  1         0.00000  0
 1.050  0.125  1         0.00000  0
 1.050  0.150  1         0.00000  0
 1.050  0.175  1         0.00000  0
 1.050  0.200  1         0.00000  0
 1.050  0.225  1         0.00000  0
 1.050  0.250  1         0.00000  0
 1.050  0.275  1         0.00000  0
 1.050  0.300  1         0.00000  0
 1.050  0.325  1         0.00000  0
 1.050  0.350  1         0.00000  0
 1.050  0.375  1         0.00000  0
 1.050  0.400  1         0.00000  0
 1.050  0.425  1         0.00000  0
 1.050  0.450  1         0.00000  0
 1.050  0.475  1         0.00000  0
 1.050  0.500  1         0.00000  0
 1.050  0.525  1         0.00000  0
 1.050  0.550  1         0.00000  0
 1.050  0.575  1         0.00000  0
 1.050  0.600  1         0.00000  0
 1.075 -0.075 -1         0.00000  0
 1.075 -0.050 -1         0.00000  0
 1.075 -0.025 -1         0.00000  0
 1.075  0.000 -1         0.00000  0
 1.075  0.025 -1         0.00000  0
 1.075  0.050 -1         0.00000  0
 1.075  0.075 -1         0.00000  0
 1.075  0.100 -1         0.00000  0
 1.075  0.125 -1         0.00000  0
 1.075  0.150 -1         0.00000  0
 1.075  0.175 -1         0.00000  0
 1.075  0.200 -1         0.00000  0
 1.075  0.225 -1         0.00000  0
 1.075  0.250 -1         0.00000  0
 1.075  0.275 -1         0.00000  0
 1.075  0.300 -1         0.00000  0
 1.075  0.325 -1         0.00000  0
 1.075  0.350 -1         0.00000  0
 1.075  0.375 -1         0.00000  0
 1.075  0.400 -1         0.00000  0
 1.075  0.425 -1         0.00000  0
 1.075  0.450 -1         0.00000  0
 1.075  0.475 -1         0.00000  0
 1.075  0.500 -1         0.00000  0
 1.075  0.525 -1         0.00000  0
 1.075  0.550 -1         0.00000  0
 1.075  0.575  1         0.00000  0
 1.075  0.600  1         0.00000  0
 1.100 -0.075 -1         0.00000  0
 1.100 -0.050 -1         0.00000  0
 1.100 -0.025 -1         0.00000  0
 1.100  0.000 -1         0.00000  0
 1.100  0.025 -1         0.00000  0
 1.100  0.050 -1         0.00000  0
 1.100  0.075 -1         0.00000  0
 1.100  0.100 -1         0.00000  0
 1.100  0.125 -1         0.00000  0
 1.100  0.150 -1         0.00000  0
 1.100  0.175 -1         0.00000  0
 1.100  0.200 -1         0.00000  0
 1.100  0.225 -1         0.00000  0
 1.100  0.250 -1         0.00000  0
 1.100  0.275 -1         0.00000  0
 1.100  0.300 -1         0.00000  0
 1.100  0.325 -1         0.00000  0
 1.100  0.350 -1         0.00000  0
 1.100  0.375 -1         0.00000  0
 1.100  0.400 -1         0.00000  0
 1.100  0.425 -1         0.00000  0
 1.100  0.450 -1         0.00000  0
 1.100  0.475 -1         0.00000  0
 1.100  0.500 -1         0.00000  0
 1.100  0.525 -1         0.00000  0
 1.100  0.550 -1         0.00000  0
 1.100  0.575  1         0.00000  0
 1.100  0.600  1         0.00000  0
