-0.075 -0.075 -1         0.00000  0
-0.075 -0.050 -1         0.00000  0
-0.075 -0.025 -1         0.00000  0
-0.075  0.000 -1         0.00000  0
-0.075  0.025 -1         0.00000  0
-0.075  0.050 -1         0.00000  0
-0.075  0.075 -1         0.00000  0
-0.075  0.100 -1         0.00000  0
-0.075  0.125 -1         0.00000  0
-0.075  0.150 -1         0.00000  0
-0.075  0.175 -1         0.00000  0
-0.075  0.200 -1         0.00000  0
-0.075  0.225 -1         0.00000  0
-0.075  0.250 -1         0.00000  0
-0.075  0.275 -1         0.00000  0
-0.075  0.300 -1         0.00000  0
-0.075  0.325 -1         0.00000  0
-0.075  0.350 -1         0.00000  0
-0.075  0.375 -1         0.00000  0
-0.075  0.400 -1         0.00000  0
-0.075  0.425 -1         0.00000  0
-0.075  0.450 -1         0.00000  0
-0.075  0.475 -1         0.00000  0
-0.075  0.500 -1         0.00000  0
-0.075  0.525 -1         0.00000  0
-0.075  0.550 -1         0.00000  0
-0.075  0.575  1         0.00000  0
-0.075  0.600  1         0.00000  0
-0.050 -0.075 -1         0.00000  0
-0.050 -0.050 -1         0.00000  0
-0.050 -0.025 -1         0.00000  0
-0.050  0.000 -1         0.00000  0
-0.050  0.025 -1         0.00000  0
-0.050  0.050 -1         0.00000  0
-0.050  0.075 -1         0.00000  0
-0.050  0.100 -1         0.00000  0
-0.050  0.125 -1         0.00000  0
-0.050  0.150 -1         0.00000  0
-0.050  0.175 -1         0.00000  0
-0.050  0.200 -1         0.00000  0
-0.050  0.225 -1         0.00000  0
-0.050  0.250 -1         0.00000  0
-0.050  0.275 -1         0.00000  0
-0.050  0.300 -1         0.00000  0
-0.050  0.325 -1         0.00000  0
-0.050  0.350 -1         0.00000  0
-0.050  0.375 -1         0.00000  0
-0.050  0.400 -1         0.00000  0
-0.050  0.425 -1         0.00000  0
-0.050  0.450 -1         0.00000  0
-0.050  0.475 -1         0.00000  0
-0.050  0.500 -1         0.00000  0
-0.050  0.525 -1         0.00000  0
-0.050  0.550 -1         0.00000  0
-0.050  0.575  1         0.00000  0
-0.050  0.600  1         0.00000  0
-0.025 -0.075 -1         0.00000  0
-0.025 -0.050 -1         0.00000  0
-0.025 -0.025  1         0.00000  0
-0.025  0.000  1         0.00000  0
-0.025  0.025  1         0.00000  0
-0.025  0.050  1         0.00000  0
-0.025  0.075  1         0.00000  0
-0.025  0.100  1         0.00000  0
-0.025  0.125  1         0.00000  0
-0.025  0.150  1         0.00000  0
-0.025  0.175  1         0.00000  0
-0.025  0.200  1         0.00000  0
-0.025  0.225  1         0.00000  0
-0.025  0.250  1         0.00000  0
-0.025  0.275  1         0.00000  0
-0.025  0.300  1         0.00000  0
-0.025  0.325  1         0.00000  0
-0.025  0.350  1         0.00000  0
-0.025  0.375  1         0.00000  0
-0.025  0.400  1         0.00000  0
-0.025  0.425  1         0.00000  0
-0.025  0.450  1         0.00000  0
-0.025  0.475  1         0.00000  0
-0.025  0.500  1         0.00000  0
-0.025  0.525  1         0.00000  0
-0.025  0.550  1         0.00000  0
-0.025  0.575  1         0.00000  0
-0.025  0.600  1         0.00000  0
 0.000 -0.075 -1         0.00000  0
 0.000 -0.050 -1         0.00000  0
 0.000 -0.025  1         0.00000  0
 0.000  0.000  1         0.00000  0
 0.000  0.025  1         0.00000  0
 0.000  0.050  1      1094.77359  0
 0.000  0.075  1       756.35697  0
 0.000  0.100  1       903.68855  0
 0.000  0.125  1         0.00000  0
 0.000  0.150  1         0.00000  0
 0.000  0.175  1         0.00000  0
 0.000  0.200  1         0.00000  0
 0.000  0.225  1         0.00000  0
 0.000  0.250  1         0.00000  0
 0.000  0.275  1         0.00000  0
 0.000  0.300  1         0.00000  0
 0.000  0.325  1         0.00000  0
 0.000  0.350  1         0.00000  0
 0.000  0.375  1         0.00000  0
 0.000  0.400  1         0.00000  0
 0.000  0.425  1         0.00000  0
 0.000  0.450  1         0.00000  0
 0.000  0.475  1         0.00000  0
 0.000  0.500  1         0.00000  0
 0.000  0.525  1         0.00000  0
 0.000  0.550  1         0.00000  0
 0.000  0.575  1         0.00000  0
 0.000  0.600  1         0.00000  0
 0.025 -0.075 -1         0.00000  0
 0.025 -0.050 -1         0.00000  0
 0.025 -0.025  1         0.00000  0
 0.025  0.000  1       503.79314  0
 0.069  0.023  0      1252.39956  0
 0.199  0.034  0       330.91398  0
 0.105  0.022  0       161.67427  0
 0.217  0.081  0         0.00000  0
 0.029  0.023  0       728.52734  0
 0.090  0.039  0      1475.28587  0
 0.051  0.030  0      1343.25632  0
 0.157  0.059  0      1043.78366  0
 0.130  0.043  0       965.34680  0
 0.081  0.067  0       836.12785  0
 0.098  0.078  0      1018.77010  0
 0.023  0.048  0      1211.43690  0
 0.025  0.074  0       397.56732  0
 0.044  0.119  0         0.00000  0
 0.035  0.094  0       643.19872  0
 0.082  0.096  0         0.00000  0
 0.068  0.153  0         0.00000  0
 0.089  0.134  0         0.00000  0
 0.106  0.111  0       542.75719  0
 0.021  0.111  0         0.00000  0
 0.050 -0.075 -1         0.00000  0
 0.050 -0.050 -1         0.00000  0
 0.050 -0.025  1         0.00000  0
 0.050  0.000  1       349.93749  0
 0.136  0.023  0      1281.14479  0
 0.217  0.025  0       604.18642  0
 0.249  0.081  0       793.70485  0
 0.218  0.052  0         0.00000  0
 0.174  0.040  0      1186.33218  0
 0.185  0.061  0      1239.86645  0
 0.195  0.079  0      1121.78132  0
 0.231  0.121  0         0.00000  0
 0.104  0.054  0       870.62620  0
 0.137  0.062  0       934.14288  0
 0.124  0.087  0       388.37478  0
 0.280  0.074  0         0.00000  0
 0.047  0.057  0       905.87276  0
 0.204  0.118  0         0.00000  0
 0.059  0.071  0       407.31639  0
 0.062  0.108  0       509.55184  0
 0.167  0.111  0       301.08284  0
 0.069  0.129  0         0.00000  0
 0.119  0.121  0         0.00000  0
 0.133  0.107  0       859.71363  0
 0.075 -0.075 -1         0.00000  0
 0.075 -0.050 -1         0.00000  0
 0.075 -0.025  1         0.00000  0
 0.075  0.000  1      1462.02754  0
 0.240  0.023  0       949.58600  0
 0.166  0.020  0      1010.79377  0
 0.410  0.019  0      2138.32757  0
 0.274  0.021  0         0.00000  0
 0.327  0.021  0       918.76052  0
 0.255  0.042  0         0.00000  0
 0.315  0.038  0      1210.30339  0
 0.238  0.067  0      1246.98128  0
 0.272  0.050  0       542.74657  0
 0.228  0.104  0      1445.65998  0
 0.295  0.034  0       721.44294  0
 0.151  0.087  0         0.00000  0
 0.329  0.058  0         0.00000  0
 0.258  0.121  0       465.70739  0
 0.176  0.091  0      1057.76418  0
 0.190  0.123  0       383.52747  0
 0.318  0.129  0         0.00000  0
 0.158  0.128  0         0.00000  0
 0.267  0.134  0         0.00000  0
 0.191  0.147  0         0.00000  0
 0.100 -0.075 -1         0.00000  0
 0.100 -0.050 -1         0.00000  0
 0.100 -0.025  1         0.00000  0
 0.100  0.000  1      1309.77292  0
 0.538  0.025  0       598.68842  0
 0.508  0.022  0      1271.45948  0
 0.467  0.019  0      2034.39372  0
 0.362  0.022  0      2878.70202  0
 0.443  0.027  0      1093.22215  0
 0.372  0.038  0       784.70043  0
 0.473  0.050  0         0.00000  0
 0.524  0.042  0       564.10056  0
 0.465  0.094  0         0.00000  0
 0.403  0.037  0       269.55244  0
 0.520  0.063  0         0.00000  0
 0.351  0.044  0        38.11313  0
 0.453  0.052  0       637.92830  0
 0.393  0.055  0      1920.78747  0
 0.353  0.069  0         0.00000  0
 0.302  0.065  0         0.00000  0
 0.290  0.112  0         0.00000  0
 0.262  0.103  0         0.00000  0
 0.329  0.121  0       234.24856  0
 0.296  0.084  0      1211.42280  0
 0.125 -0.075 -1         0.00000  0
 0.125 -0.050 -1         0.00000  0
 0.125 -0.025  1         0.00000  0
 0.125  0.000  1      1207.48196  0
 0.607  0.021  0        62.79715  0
 0.626  0.048  0         0.00000  0
 0.640  0.022  0         0.00000  0
 0.493  0.042  0       864.42666  0
 0.684  0.058  0         0.00000  0
 0.755  0.023  0       115.17494  0
 0.735  0.035  0      1896.56947  0
 0.692  0.031  0         0.00000  0
 0.649  0.068  0         0.00000  0
 0.562  0.022  0         0.00000  0
 0.600  0.039  0         2.52483  0
 0.570  0.042  0       830.07497  0
 0.439  0.090  0         0.00000  0
 0.500  0.094  0         0.00000  1
 0.434  0.047  0         0.00000  0
 0.336  0.085  0       579.38821  0
 0.394  0.086  0         0.00000  0
 0.315  0.102  0         0.00000  0
 0.355  0.097  0         0.00000  0
 0.353  0.114  0         0.00000  0
 0.150 -0.075 -1         0.00000  0
 0.150 -0.050 -1         0.00000  0
 0.150 -0.025  1         0.00000  0
 0.150  0.000  1      2114.74953  0
 0.942  0.069  0         0.00000  0
 0.713  0.021  0      1098.42791  0
 0.948  0.029  0      1381.93086  0
 0.804  0.066  0         0.00000  0
 0.954  0.147  0         0.00000  0
 0.829  0.026  0         0.00000  0
 0.786  0.022  0         0.00000  0
 0.668  0.025  0         0.00000  0
 0.772  0.043  0         0.00000  0
 0.715  0.074  0         0.00000  0
 0.650  0.044  0         0.00000  0
 0.632  0.071  0         0.00000  0
 0.558  0.061  0         0.00000  0
 0.494  0.104  0         0.00000  1
 0.502  0.061  0       505.41609  0
 0.413  0.069  0       298.85889  0
 0.469  0.081  0         0.00000  0
 0.420  0.088  0         0.00000  0
 0.396  0.117  0         0.00000  0
 0.378  0.080  0       312.48226  0
 0.175 -0.075 -1         0.00000  0
 0.175 -0.050 -1         0.00000  0
 0.175 -0.025  1         0.00000  0
 0.175  0.000  1       593.78089  0
 0.988  0.061  0         0.00000  0
 0.958  0.048  0       101.98569  0
 0.982  0.120  0         0.00000  0
 0.972  0.173  0         0.00000  0
 0.963  0.118  0      2003.62355  0
 0.979  0.214  0         0.00000  0
 0.925  0.221  0         0.00000  0
 0.807  0.033  0         0.00000  0
 0.905  0.033  0         0.00000  0
 0.804  0.083  0         0.00000  0
 0.907  0.066  0         0.00000  0
 0.875  0.066  0         0.00000  0
 0.823  0.048  0         0.00000  0
 0.715  0.050  0       198.43038  0
 0.736  0.088  0         0.00000  0
 0.580  0.075  0         0.00000  0
 0.675  0.088  0         0.00000  0
 0.555  0.083  0         0.00000  0
 0.540  0.101  0         0.00000  0
 0.530  0.092  0         0.00000  0
 0.200 -0.075 -1         0.00000  0
 0.200 -0.050 -1         0.00000  0
 0.200 -0.025  1         0.00000  0
 0.200  0.000  1         0.00000  0
 1.001  0.085  0       976.28900  0
 0.995  0.023  0      2203.91763  0
 1.004  0.179  0       844.12327  0
 0.995  0.295  0         0.00000  0
 0.998  0.102  0       822.39662  0
 0.971  0.025  0      1680.46569  0
 0.941  0.210  0       143.16137  1
 0.988  0.363  0         0.00000  0
 0.960  0.266  0         0.00000  0
 0.925  0.117  0         0.00000  0
 0.862  0.054  0        21.06488  0
 0.926  0.022  0      1672.27212  0
 0.917  0.053  0         0.00000  0
 0.864  0.029  0         0.00000  0
 0.889  0.088  0         0.00000  0
 0.781  0.071  0         0.00000  0
 0.766  0.095  0         0.00000  0
 0.740  0.107  0         0.00000  0
 0.685  0.074  0         0.00000  0
 0.589  0.057  0         0.00000  0
 0.225 -0.075 -1         0.00000  0
 0.225 -0.050 -1         0.00000  0
 0.225 -0.025  1         0.00000  0
 0.225  0.000  1         0.00000  0
 1.004  0.252  0         0.00000  0
 0.950  0.419  0         0.00000  0
 0.903  0.648  0         0.00000  0
 0.914  0.574  0         0.00000  0
 1.000  0.357  0         0.00000  0
 1.003  0.215  0      1191.78827  0
 1.009  0.548  0         0.00000  0
 0.991  0.161  0         0.00000  0
 0.979  0.195  0       286.09337  0
 0.968  0.070  0      1223.63008  0
 0.998  0.138  0         0.00000  0
 0.946  0.199  0       181.94576  1
 0.991  0.236  0         0.00000  0
 0.955  0.161  0         0.00000  0
 0.943  0.120  0         0.00000  0
 0.935  0.093  0       937.53211  0
 0.886  0.022  0       151.27651  0
 0.851  0.085  0         0.00000  0
 0.760  0.057  0       164.94106  0
 0.620  0.082  0         0.00000  0
 0.250 -0.075 -1         0.00000  0
 0.250 -0.050 -1         0.00000  0
 0.250 -0.025  1         0.00000  0
 0.250  0.000  1      1360.06292  0
 0.962  0.679  0         0.00000  1
 0.988  0.703  0         0.00000  0
 0.933  0.608  0         0.00000  0
 0.968  0.280  0        80.06762  0
 1.002  0.044  0       657.96428  0
 0.959  0.669  0         0.00000  1
 0.919  0.291  0         0.00000  0
 0.990  0.610  0         0.00000  0
 1.001  0.414  0       536.14388  1
 0.951  0.288  0         0.00000  0
 0.943  0.411  0         0.00000  0
 0.976  0.260  0         0.00000  0
 0.995  0.466  0         0.00000  0
 0.991  0.413  0         0.00000  1
 0.962  0.383  0         0.00000  0
 0.911  0.196  0         0.00000  0
 0.959  0.090  0      1676.75734  0
 0.908  0.091  0         0.00000  0
 0.842  0.056  0         0.00000  0
 0.736  0.061  0      1195.99630  0
 0.275 -0.075 -1         0.00000  0
 0.275 -0.050 -1         0.00000  0
 0.275 -0.025  1         0.00000  0
 0.275  0.000  1       871.90409  0
 0.300 -0.075 -1         0.00000  0
 0.300 -0.050 -1         0.00000  0
 0.300 -0.025  1         0.00000  0
 0.300  0.000  1         0.00000  0
 0.325 -0.075 -1         0.00000  0
 0.325 -0.050 -1         0.00000  0
 0.325 -0.025  1         0.00000  0
 0.325  0.000  1      1748.74836  0
 0.350 -0.075 -1         0.00000  0
 0.350 -0.050 -1         0.00000  0
 0.350 -0.025  1         0.00000  0
 0.350  0.000  1      1613.51773  0
 0.375 -0.075 -1         0.00000  0
 0.375 -0.050 -1         0.00000  0
 0.375 -0.025  1         0.00000  0
 0.375  0.000  1         0.00000  0
 0.400 -0.075 -1         0.00000  0
 0.400 -0.050 -1         0.00000  0
 0.400 -0.025  1         0.00000  0
 0.400  0.000  1       306.01091  0
 0.425 -0.075 -1         0.00000  0
 0.425 -0.050 -1         0.00000  0
 0.425 -0.025  1         0.00000  0
 0.425  0.000  1      1494.54895  0
 0.450 -0.075 -1         0.00000  0
 0.450 -0.050 -1         0.00000  0
 0.450 -0.025  1         0.00000  0
 0.450  0.000  1      1165.82855  0
 0.475 -0.075 -1         0.00000  0
 0.475 -0.050 -1         0.00000  0
 0.475 -0.025  1         0.00000  0
 0.475  0.000  1      2356.33668  0
 0.500 -0.075 -1         0.00000  0
 0.500 -0.050 -1         0.00000  0
 0.500 -0.025  1         0.00000  0
 0.500  0.000  1       314.85511  0
 0.525 -0.075 -1         0.00000  0
 0.525 -0.050 -1         0.00000  0
 0.525 -0.025  1         0.00000  0
 0.525  0.000  1      1514.46432  0
 0.550 -0.075 -1         0.00000  0
 0.550 -0.050 -1         0.00000  0
 0.550 -0.025  1         0.00000  0
 0.550  0.000  1      1675.89741  0
 0.575 -0.075 -1         0.00000  0
 0.575 -0.050 -1         0.00000  0
 0.575 -0.025  1         0.00000  0
 0.575  0.000  1         0.00000  0
 0.600 -0.075 -1         0.00000  0
 0.600 -0.050 -1         0.00000  0
 0.600 -0.025  1         0.00000  0
 0.600  0.000  1         0.00000  0
 0.625 -0.075 -1         0.00000  0
 0.625 -0.050 -1         0.00000  0
 0.625 -0.025  1         0.00000  0
 0.625  0.000  1       139.48735  0
 0.650 -0.075 -1         0.00000  0
 0.650 -0.050 -1         0.00000  0
 0.650 -0.025  1         0.00000  0
 0.650  0.000  1         0.00000  0
 0.675 -0.075 -1         0.00000  0
 0.675 -0.050 -1         0.00000  0
 0.675 -0.025  1         0.00000  0
 0.675  0.000  1         0.00000  0
 0.700 -0.075 -1         0.00000  0
 0.700 -0.050 -1         0.00000  0
 0.700 -0.025  1         0.00000  0
 0.700  0.000  1         0.00000  0
 0.725 -0.075 -1         0.00000  0
 0.725 -0.050 -1         0.00000  0
 0.725 -0.025  1         0.00000  0
 0.725  0.000  1        64.08709  0
 0.750 -0.075 -1         0.00000  0
 0.750 -0.050 -1         0.00000  0
 0.750 -0.025  1         0.00000  0
 0.750  0.000  1         0.00000  0
 0.775 -0.075 -1         0.00000  0
 0.775 -0.050 -1         0.00000  0
 0.775 -0.025  1         0.00000  0
 0.775  0.000  1         0.00000  0
 0.800 -0.075 -1         0.00000  0
 0.800 -0.050 -1         0.00000  0
 0.800 -0.025  1         0.00000  0
 0.800  0.000  1         0.00000  0
 0.825 -0.075 -1         0.00000  0
 0.825 -0.050 -1         0.00000  0
 0.825 -0.025  1         0.00000  0
 0.825  0.000  1         0.00000  0
 0.850 -0.075 -1         0.00000  0
 0.850 -0.050 -1         0.00000  0
 0.850 -0.025  1         0.00000  0
 0.850  0.000  1         0.00000  0
 0.875 -0.075 -1         0.00000  0
 0.875 -0.050 -1         0.00000  0
 0.875 -0.025  1         0.00000  0
 0.875  0.000  1         0.00000  0
 0.900 -0.075 -1         0.00000  0
 0.900 -0.050 -1         0.00000  0
 0.900 -0.025  1         0.00000  0
 0.900  0.000  1      2396.20929  0
 0.925 -0.075 -1         0.00000  0
 0.925 -0.050 -1         0.00000  0
 0.925 -0.025  1         0.00000  0
 0.925  0.000  1      3186.97744  0
 0.950 -0.075 -1         0.00000  0
 0.950 -0.050 -1         0.00000  0
 0.950 -0.025  1         0.00000  0
 0.950  0.000  1       488.42920  0
 0.975 -0.075 -1         0.00000  0
 0.975 -0.050 -1         0.00000  0
 0.975 -0.025  1         0.00000  0
 0.975  0.000  1       515.70629  0
 1.000 -0.075 -1         0.00000  0
 1.000 -0.050 -1         0.00000  0
 1.000 -0.025  1         0.00000  0
 1.000  0.000  1      1153.87160  0
 1.025 -0.075 -1         0.00000  0
 1.025 -0.050 -1         0.00000  0
 1.025 -0.025  1         0.00000  0
 1.025  0.000  1         0.00000  0
 1.025  0.025  1         0.00000  0
 1.025  0.050  1         0.00000  0
 1.025  0.075  1         0.00000  0
 1.025  0.100  1         0.00000  0
 1.025  0.125  1         0.00000  0
 1.025  0.150  1         0.00000  0
 1.025  0.175  1       598.08688  0
 1.025  0.200  1         0.00000  0
 1.025  0.225  1      2087.18246  0
 1.025  0.250  1       454.15569  0
 1.025  0.275  1         0.00000  0
 1.025  0.300  1         0.00000  0
 1.025  0.325  1         0.00000  0
 1.025  0.350  1         0.00000  0
 1.025  0.375  1         0.00000  0
 1.025  0.400  1         0.00000  0
 1.025  0.425  1         0.00000  0
 1.025  0.450  1         0.00000  0
 1.025  0.475  1         0.00000  0
 1.025  0.500  1         0.00000  0
 1.025  0.525  1         0.00000  0
 1.025  0.550  1      1678.98901  0
 1.025  0.575  1         0.00000  0
 1.025  0.600  1         0.00000  0
 1.050 -0.075 -1         0.00000  0
 1.050 -0.050 -1         0.00000  0
 1.050 -0.025  1         0.00000  0
 1.050  0.000  1         0.00000  0
 1.050  0.025  1         0.00000  0
 1.050  0.050  1         0.00000  0
 1.050  0.075  1         0.00000  0
 1.050  0.100  1         0.00000  0
 1.050  0.125  1         0.00000  0
 1.050  0.150  1         0.00000  0
 1.050  0.175  1         0.00000  0
 1.050  0.200  1         0.00000  0
 1.050  0.225  1         0.00000  0
 1.050  0.250  1         0.00000  0
 1.050  0.275  1         0.00000  0
 1.050  0.300  1         0.00000  0
 1.050  0.325  1         0.00000  0
 1.050  0.350  1         0.00000  0
 1.050  0.375  1         0.00000  0
 1.050  0.400  1         0.00000  0
 1.050  0.425  1         0.00000  0
 1.050  0.450  1         0.00000  0
 1.050  0.475  1         0.00000  0
 1.050  0.500  1         0.00000  0
 1.050  0.525  1         0.00000  0
 1.050  0.550  1         0.00000  0
 1.050  0.575  1         0.00000  0
 1.050  0.600  1         0.00000  0
 1.075 -0.075 -1         0.00000  0
 1.075 -0.050 -1         0.00000  0
 1.075 -0.025 -1         0.00000  0
 1.075  0.000 -1         0.00000  0
 1.075  0.025 -1         0.00000  0
 1.075  0.050 -1         0.00000  0
 1.075  0.075 -1         0.00000  0
 1.075  0.100 -1         0.00000  0
 1.075  0.125 -1         0.00000  0
 1.075  0.150 -1         0.00000  0
 1.075  0.175 -1         0.00000  0
 1.075  0.200 -1         0.00000  0
 1.075  0.225 -1         0.00000  0
 1.075  0.250 -1         0.00000  0
 1.075  0.275 -1         0.00000  0
 1.075  0.300 -1         0.00000  0
 1.075  0.325 -1         0.00000  0
 1.075  0.350 -1         0.00000  0
 1.075  0.375 -1         0.00000  0
 1.075  0.400 -1         0.00000  0
 1.075  0.425 -1         0.00000  0
 1.075  0.450 -1         0.00000  0
 1.075  0.475 -1         0.00000  0
 1.075  0.500 -1         0.00000  0
 1.075  0.525 -1         0.00000  0
 1.075  0.550 -1         0.00000  0
 1.075  0.575  1         0.00000  0
 1.075  0.600  1         0.00000  0
 1.100 -0.075 -1         0.00000  0
 1.100 -0.050 -1         0.00000  0
 1.100 -0.025 -1         0.00000  0
 1.100  0.000 -1         0.00000  0
 1.100  0.025 -1         0.00000  0
 1.100  0.050 -1         0.00000  0
 1.100  0.075 -1         0.00000  0
 1.100  0.100 -1         0.00000  0
 1.100  0.125 -1         0.00000  0
 1.100  0.150 -1         0.00000  0
 1.100  0.175 -1         0.00000  0
 1.100  0.200 -1         0.00000  0
 1.100  0.225 -1         0.00000  0
 1.100  0.250 -1         0.00000  0
 1.100  0.275 -1         0.00000  0
 1.100  0.300 -1         0.00000  0
 1.100  0.325 -1         0.00000  0
 1.100  0.350 -1         0.00000  0
 1.100  0.375 -1         0.00000  0
 1.100  0.400 -1         0.00000  0
 1.100  0.425 -1         0.00000  0
 1.100  0.450 -1         0.00000  0
 1.100  0.475 -1         0.00000  0
 1.100  0.500 -1         0.00000  0
 1.100  0.525 -1         0.00000  0
 1.100  0.550 -1         0.00000  0
 1.100  0.575  1         0.00000  0
 1.100  0.600  1         0.00000  0
