-0.075 -0.075 -1         0.00000  0
-0.075 -0.050 -1         0.00000  0
-0.075 -0.025 -1         0.00000  0
-0.075  0.000 -1         0.00000  0
-0.075  0.025 -1         0.00000  0
-0.075  0.050 -1         0.00000  0
-0.075  0.075 -1         0.00000  0
-0.075  0.100 -1         0.00000  0
-0.075  0.125 -1         0.00000  0
-0.075  0.150 -1         0.00000  0
-0.075  0.175 -1         0.00000  0
-0.075  0.200 -1         0.00000  0
-0.075  0.225 -1         0.00000  0
-0.075  0.250 -1         0.00000  0
-0.075  0.275 -1         0.00000  0
-0.075  0.300 -1         0.00000  0
-0.075  0.325 -1         0.00000  0
-0.075  0.350 -1         0.00000  0
-0.075  0.375 -1         0.00000  0
-0.075  0.400 -1         0.00000  0
-0.075  0.425 -1         0.00000  0
-0.075  0.450 -1         0.00000  0
-0.075  0.475 -1         0.00000  0
-0.075  0.500 -1         0.00000  0
-0.075  0.525 -1         0.00000  0
-0.075  0.550 -1         0.00000  0
-0.075  0.575  1         0.00000  0
-0.075  0.600  1         0.00000  0
-0.050 -0.075 -1         0.00000  0
-0.050 -0.050 -1         0.00000  0
-0.050 -0.025 -1         0.00000  0
-0.050  0.000 -1         0.00000  0
-0.050  0.025 -1         0.00000  0
-0.050  0.050 -1         0.00000  0
-0.050  0.075 -1         0.00000  0
-0.050  0.100 -1         0.00000  0
-0.050  0.125 -1         0.00000  0
-0.050  0.150 -1         0.00000  0
-0.050  0.175 -1         0.00000  0
-0.050  0.200 -1         0.00000  0
-0.050  0.225 -1         0.00000  0
-0.050  0.250 -1         0.00000  0
-0.050  0.275 -1         0.00000  0
-0.050  0.300 -1         0.00000  0
-0.050  0.325 -1         0.00000  0
-0.050  0.350 -1         0.00000  0
-0.050  0.375 -1         0.00000  0
-0.050  0.400 -1         0.00000  0
-0.050  0.425 -1         0.00000  0
-0.050  0.450 -1         0.00000  0
-0.050  0.475 -1         0.00000  0
-0.050  0.500 -1         0.00000  0
-0.050  0.525 -1         0.00000  0
-0.050  0.550 -1         0.00000  0
-0.050  0.575  1         0.00000  0
-0.050  0.600  1         0.00000  0
-0.025 -0.075 -1         0.00000  0
-0.025 -0.050 -1         0.00000  0
-0.025 -0.025  1         0.00000  0
-0.025  0.000  1         0.00000  0
-0.025  0.025  1         0.00000  0
-0.025  0.050  1         0.00000  0
-0.025  0.075  1         0.00000  0
-0.025  0.100  1         0.00000  0
-0.025  0.125  1         0.00000  0
-0.025  0.150  1         0.00000  0
-0.025  0.175  1         0.00000  0
-0.025  0.200  1         0.00000  0
-0.025  0.225  1         0.00000  0
-0.025  0.250  1         0.00000  0
-0.025  0.275  1         0.00000  0
-0.025  0.300  1         0.00000  0
-0.025  0.325  1         0.00000  0
-0.025  0.350  1         0.00000  0
-0.025  0.375  1         0.00000  0
-0.025  0.400  1         0.00000  0
-0.025  0.425  1         0.00000  0
-0.025  0.450  1         0.00000  0
-0.025  0.475  1         0.00000  0
-0.025  0.500  1         0.00000  0
-0.025  0.525  1         0.00000  0
-0.025  0.550  1         0.00000  0
-0.025  0.575  1         0.00000  0
-0.025  0.600  1         0.00000  0
 0.000 -0.075 -1         0.00000  0
 0.000 -0.050 -1         0.00000  0
 0.000 -0.025  1         0.00000  0
 0.000  0.000  1         0.00000  0
 0.000  0.025  1         0.00000  0
 0.000  0.050  1         0.00000  0
 0.000  0.075  1         0.00000  0
 0.000  0.100  1         0.00000  0
 0.000  0.125  1         0.00000  0
 0.000  0.150  1         0.00000  0
 0.000  0.175  1         0.00000  0
 0.000  0.200  1         0.00000  0
 0.000  0.225  1         0.00000  0
 0.000  0.250  1         0.00000  0
 0.000  0.275  1         0.00000  0
 0.000  0.300  1         0.00000  0
 0.000  0.325  1         0.00000  0
 0.000  0.350  1         0.00000  0
 0.000  0.375  1         0.00000  0
 0.000  0.400  1         0.00000  0
 0.000  0.425  1         0.00000  0
 0.000  0.450  1         0.00000  0
 0.000  0.475  1         0.00000  0
 0.000  0.500  1         0.00000  0
 0.000  0.525  1         0.00000  0
 0.000  0.550  1         0.00000  0
 0.000  0.575  1         0.00000  0
 0.000  0.600  1         0.00000  0
 0.025 -0.075 -1         0.00000  0
 0.025 -0.050 -1         0.00000  0
 0.025 -0.025  1         0.00000  0
 0.025  0.000  1         0.00000  0
 0.126  0.098  0         0.00000  0
 0.038  0.837  0         0.00000  0
61.060 ******  0         0.00000  0
 1.713  3.344  0         0.00000  0
 0.064  0.010  0         0.00000  0
 0.408  2.401  0         0.00000  0
-0.371 -1.314  0         0.00000  0
 0.455  0.694  0         0.00000  0
-4.810  0.825  0         0.00000  0
 7.325 ******  0         0.00000  0
-2.312 ******  0         0.00000  0
-4.033 -1.371  0         0.00000  0
 0.032  0.116  0         0.00000  0
 4.958  1.789  0         0.00000  0
 0.095  0.242  0         0.00000  0
 0.071  0.101  0         0.00000  0
 0.278  0.159  0         0.00000  0
****** ******  0         0.00000  0
 7.310 -3.109  0         0.00000  0
-2.789  4.369  0         0.00000  0
 0.050 -0.075 -1         0.00000  0
 0.050 -0.050 -1         0.00000  0
 0.050 -0.025  1         0.00000  0
 0.050  0.000  1         0.00000  0
80.110 30.534  0         0.00000  0
 0.317  0.832  0         0.00000  0
 6.329 -1.305  0         0.00000  0
-3.092 -6.401  0         0.00000  0
-0.068 -1.384  0         0.00000  0
 0.227  0.621  0         0.00000  0
-1.274  2.238  0         0.00000  0
 5.923  9.108  0         0.00000  0
 0.448  0.025  0         0.00000  0
 0.243  0.134  0         0.00000  0
 0.256  0.574  0         0.00000  0
 7.922  4.641  0         0.00000  0
 0.063  0.154  0         0.00000  0
 0.814  0.531  0         0.00000  0
 0.038  0.161  0         0.00000  0
-8.397 21.889  0         0.00000  0
 0.006  0.655  0         0.00000  0
 0.185  0.707  0         0.00000  0
 0.367  0.380  0         0.00000  0
 0.168  0.480  0         0.00000  0
 0.075 -0.075 -1         0.00000  0
 0.075 -0.050 -1         0.00000  0
 0.075 -0.025  1         0.00000  0
 0.075  0.000  1      4745.92078  0
 0.755 -0.602  0         0.00000  0
****** ******  0         0.00000  0
-0.985 -1.655  0         0.00000  0
 0.963  0.749  0         0.00000  0
-0.226  2.128  0         0.00000  0
 0.498  0.067  0         0.00000  0
 5.168 19.354  0         0.00000  0
-6.423 31.933  0         0.00000  0
 0.256  0.264  0         0.00000  0
 0.332  0.459  0         0.00000  0
 0.400  0.028  0         0.00000  0
 0.393  0.259  0         0.00000  0
 0.477  0.016  0         0.00000  0
-1.222  1.632  0         0.00000  0
 1.169 -0.465  0         0.00000  0
 0.174  0.869  0         0.00000  0
 2.122 11.858  0         0.00000  0
****** ******  0         0.00000  0
 0.707  0.215  0         0.00000  0
****** 95.163  0         0.00000  0
 0.100 -0.075 -1         0.00000  0
 0.100 -0.050 -1         0.00000  0
 0.100 -0.025  1         0.00000  0
 0.100  0.000  1         0.00000  0
 0.824  0.069  0         0.00000  0
 0.736  0.260  0         0.00000  0
 5.802  1.531  0         0.00000  0
 0.736  0.309  0         0.00000  0
 0.592  0.161  0         0.00000  0
 5.272  3.532  0         0.00000  0
 0.650  1.762  0         0.00000  0
 0.804  0.217  0         0.00000  0
-1.601  3.253  0         0.00000  0
-6.849 -4.110  0         0.00000  0
 0.733  0.769  0         0.00000  0
 1.868  0.544  0         0.00000  0
-2.931 -1.723  0         0.00000  0
-1.928  1.179  0         0.00000  0
 0.728  0.206  0         0.00000  0
****** ******  0         0.00000  0
-8.889 ******  0         0.00000  0
-5.947 ******  0         0.00000  0
 3.692 ******  0         0.00000  0
23.330  3.140  0         0.00000  0
 0.125 -0.075 -1         0.00000  0
 0.125 -0.050 -1         0.00000  0
 0.125 -0.025  1         0.00000  0
 0.125  0.000  1         0.00000  0
 0.758  0.160  0         0.00000  0
 0.852  0.311  0         0.00000  0
-5.017 16.662  0         0.00000  0
 0.872  0.140  0         0.00000  0
 4.361 14.584  0         0.00000  0
 0.873  0.046  0         0.00000  0
 7.129 ******  0         0.00000  0
 0.733  0.043  0         0.00000  0
 0.922  0.319  0         0.00000  0
 0.887  0.126  0         0.00000  0
 0.901  0.090  0         0.00000  0
 1.011 -0.305  0         0.00000  0
****** 42.074  0         0.00000  0
 1.014  0.187  0      1730.29946  0
 0.415  0.331  0         0.00000  0
-1.155  2.567  0         0.00000  0
 3.055  4.119  0         0.00000  0
 1.013 -2.121  0         0.00000  0
 0.634 -0.342  0         0.00000  0
******  6.035  0         0.00000  0
 0.150 -0.075 -1         0.00000  0
 0.150 -0.050 -1         0.00000  0
 0.150 -0.025  1         0.00000  0
 0.150  0.000  1         0.00000  0
 0.914  0.389  0         0.00000  0
 0.649  0.053  0         0.00000  0
-0.996 ******  0         0.00000  0
 0.464  0.597  0 215461029.67837  1
-0.243  1.557  0         0.00000  0
13.012 ******  0         0.00000  0
 1.008  0.137  0         0.00000  0
 1.182 -0.766  0         0.00000  0
-8.470  8.076  0         0.00000  0
 0.822  0.297  0         0.00000  0
 0.886  0.289  0         0.00000  0
****** ******  0         0.00000  0
 0.758  0.197  0         0.00000  0
****** ******  0         0.00000  0
 1.067  2.338  0         0.00000  0
-1.239  1.637  0         0.00000  0
****** ******  0         0.00000  0
 7.570 -7.022  0         0.00000  0
 0.732  0.155  0         0.00000  0
 0.950  0.207  0         0.00000  0
 0.175 -0.075 -1         0.00000  0
 0.175 -0.050 -1         0.00000  0
 0.175 -0.025  1         0.00000  0
 0.175  0.000  1         0.00000  0
****** 47.222  0         0.00000  0
22.147 -7.294  0         0.00000  0
 3.590  3.284  0         0.00000  0
****** 37.857  0         0.00000  0
 0.713  0.126  0         0.00000  0
-5.101 17.627  0         0.00000  0
 0.467  0.601  0 215461029.67837  1
 0.982  0.255  0         0.00000  0
-1.828 -1.372  0         0.00000  0
****** -8.550  0         0.00000  0
-6.681  2.341  0         0.00000  0
 0.984  0.203  0         0.00000  0
 0.616  0.435  0         0.00000  0
****** ******  0         0.00000  0
60.904 24.433  0         0.00000  0
18.771 80.941  0         0.00000  0
 0.955  0.237  0         0.00000  0
 0.660  0.644  0         0.00000  0
 0.768  0.025  0         0.00000  0
 0.924  0.193  0         0.00000  0
 0.200 -0.075 -1         0.00000  0
 0.200 -0.050 -1         0.00000  0
 0.200 -0.025  1         0.00000  0
 0.200  0.000  1         0.00000  0
-0.773  0.235  0         0.00000  0
 7.026 ******  0         0.00000  0
 0.979  0.602  0         0.00000  0
 0.825  0.546  0         0.00000  0
 0.579  3.379  0         0.00000  0
 0.392  0.177  0         0.00000  0
 0.220  0.053  0         0.00000  0
 2.847 17.924  0         0.00000  0
37.684 26.374  0         0.00000  0
 1.448  5.055  0         0.00000  0
 0.907  0.413  0         0.00000  0
 0.831  0.210  0         0.00000  0
 0.841  0.339  0         0.00000  0
 0.841  0.186  0         0.00000  0
-2.891  1.341  0         0.00000  0
 0.811  0.305  0         0.00000  0
 0.861  0.303  0         0.00000  0
-0.283  2.954  0         0.00000  0
55.792  9.578  0         0.00000  0
****** ******  0         0.00000  0
 0.225 -0.075 -1         0.00000  0
 0.225 -0.050 -1         0.00000  0
 0.225 -0.025  1         0.00000  0
 0.225  0.000  1         0.00000  0
 0.939  0.270  0         0.00000  0
 0.554  0.069  0         0.00000  0
 0.469  0.225  0         0.00000  0
 0.336  0.639  0         0.00000  0
 9.127 -1.471  0         0.00000  0
 0.571  1.024  0         0.00000  0
 1.938  6.468  0         0.00000  0
 0.913  0.346  0         0.00000  0
 4.528  5.032  0         0.00000  0
 0.780  0.250  0         0.00000  0
 0.387  0.106  0         0.00000  0
 0.080  0.242  0         0.00000  0
-0.023 -5.674  0         0.00000  0
-0.774 -6.914  0         0.00000  0
 0.066  0.298  0         0.00000  0
 0.562  1.283  0         0.00000  0
 0.987  0.226  0         0.00000  0
-7.970  0.117  0         0.00000  0
 0.316  0.142  0         0.00000  0
 2.932 -5.289  0         0.00000  0
 0.250 -0.075 -1         0.00000  0
 0.250 -0.050 -1         0.00000  0
 0.250 -0.025  1         0.00000  0
 0.250  0.000  1         0.00000  0
 0.973  1.176  0         0.00000  0
 0.870  0.655  0         0.00000  0
 0.816  0.262  0         0.00000  0
 0.881  0.424  0         0.00000  0
 0.979  0.291  0         0.00000  0
 0.492  0.198  0         0.00000  0
 0.569  0.170  0         0.00000  0
 0.791  0.657  0         0.00000  0
 0.388  1.057  0         0.00000  0
 3.069 -6.652  0         0.00000  0
****** ******  0         0.00000  0
-7.998 -5.071  0         0.00000  0
 1.241  0.527  0         0.00000  0
 0.950  0.261  0         0.00000  0
11.665  5.736  0         0.00000  0
 0.882  0.048  0         0.00000  0
 0.797  0.642  0         0.00000  0
 0.906  0.276  0         0.00000  0
 0.816  0.629  0         0.00000  0
****** ******  0         0.00000  0
 0.275 -0.075 -1         0.00000  0
 0.275 -0.050 -1         0.00000  0
 0.275 -0.025  1         0.00000  0
 0.275  0.000  1         0.00000  0
 0.300 -0.075 -1         0.00000  0
 0.300 -0.050 -1         0.00000  0
 0.300 -0.025  1         0.00000  0
 0.300  0.000  1         0.00000  0
 0.325 -0.075 -1         0.00000  0
 0.325 -0.050 -1         0.00000  0
 0.325 -0.025  1         0.00000  0
 0.325  0.000  1         0.00000  0
 0.350 -0.075 -1         0.00000  0
 0.350 -0.050 -1         0.00000  0
 0.350 -0.025  1         0.00000  0
 0.350  0.000  1         0.00000  0
 0.375 -0.075 -1         0.00000  0
 0.375 -0.050 -1         0.00000  0
 0.375 -0.025  1         0.00000  0
 0.375  0.000  1         0.00000  0
 0.400 -0.075 -1         0.00000  0
 0.400 -0.050 -1         0.00000  0
 0.400 -0.025  1         0.00000  0
 0.400  0.000  1         0.00000  0
 0.425 -0.075 -1         0.00000  0
 0.425 -0.050 -1         0.00000  0
 0.425 -0.025  1         0.00000  0
 0.425  0.000  1         0.00000  0
 0.450 -0.075 -1         0.00000  0
 0.450 -0.050 -1         0.00000  0
 0.450 -0.025  1         0.00000  0
 0.450  0.000  1         0.00000  0
 0.475 -0.075 -1         0.00000  0
 0.475 -0.050 -1         0.00000  0
 0.475 -0.025  1         0.00000  0
 0.475  0.000  1      7674.69562  0
 0.500 -0.075 -1         0.00000  0
 0.500 -0.050 -1         0.00000  0
 0.500 -0.025  1         0.00000  0
 0.500  0.000  1         0.00000  0
 0.525 -0.075 -1         0.00000  0
 0.525 -0.050 -1         0.00000  0
 0.525 -0.025  1         0.00000  0
 0.525  0.000  1         0.00000  0
 0.550 -0.075 -1         0.00000  0
 0.550 -0.050 -1         0.00000  0
 0.550 -0.025  1         0.00000  0
 0.550  0.000  1         0.00000  0
 0.575 -0.075 -1         0.00000  0
 0.575 -0.050 -1         0.00000  0
 0.575 -0.025  1         0.00000  0
 0.575  0.000  1         0.00000  0
 0.600 -0.075 -1         0.00000  0
 0.600 -0.050 -1         0.00000  0
 0.600 -0.025  1         0.00000  0
 0.600  0.000  1         0.00000  0
 0.625 -0.075 -1         0.00000  0
 0.625 -0.050 -1         0.00000  0
 0.625 -0.025  1         0.00000  0
 0.625  0.000  1         0.00000  0
 0.650 -0.075 -1         0.00000  0
 0.650 -0.050 -1         0.00000  0
 0.650 -0.025  1         0.00000  0
 0.650  0.000  1         0.00000  0
 0.675 -0.075 -1         0.00000  0
 0.675 -0.050 -1         0.00000  0
 0.675 -0.025  1         0.00000  0
 0.675  0.000  1         0.00000  0
 0.700 -0.075 -1         0.00000  0
 0.700 -0.050 -1         0.00000  0
 0.700 -0.025  1         0.00000  0
 0.700  0.000  1         0.00000  0
 0.725 -0.075 -1         0.00000  0
 0.725 -0.050 -1         0.00000  0
 0.725 -0.025  1         0.00000  0
 0.725  0.000  1         0.00000  0
 0.750 -0.075 -1         0.00000  0
 0.750 -0.050 -1         0.00000  0
 0.750 -0.025  1         0.00000  0
 0.750  0.000  1         0.00000  0
 0.775 -0.075 -1         0.00000  0
 0.775 -0.050 -1         0.00000  0
 0.775 -0.025  1         0.00000  0
 0.775  0.000  1         0.00000  0
 0.800 -0.075 -1         0.00000  0
 0.800 -0.050 -1         0.00000  0
 0.800 -0.025  1         0.00000  0
 0.800  0.000  1         0.00000  0
 0.825 -0.075 -1         0.00000  0
 0.825 -0.050 -1         0.00000  0
 0.825 -0.025  1         0.00000  0
 0.825  0.000  1         0.00000  0
 0.850 -0.075 -1         0.00000  0
 0.850 -0.050 -1         0.00000  0
 0.850 -0.025  1         0.00000  0
 0.850  0.000  1         0.00000  0
 0.875 -0.075 -1         0.00000  0
 0.875 -0.050 -1         0.00000  0
 0.875 -0.025  1         0.00000  0
 0.875  0.000  1         0.00000  0
 0.900 -0.075 -1         0.00000  0
 0.900 -0.050 -1         0.00000  0
 0.900 -0.025  1         0.00000  0
 0.900  0.000  1         0.00000  0
 0.925 -0.075 -1         0.00000  0
 0.925 -0.050 -1         0.00000  0
 0.925 -0.025  1         0.00000  0
 0.925  0.000  1         0.00000  0
 0.950 -0.075 -1         0.00000  0
 0.950 -0.050 -1         0.00000  0
 0.950 -0.025  1         0.00000  0
 0.950  0.000  1         0.00000  0
 0.975 -0.075 -1         0.00000  0
 0.975 -0.050 -1         0.00000  0
 0.975 -0.025  1         0.00000  0
 0.975  0.000  1         0.00000  0
 1.000 -0.075 -1         0.00000  0
 1.000 -0.050 -1         0.00000  0
 1.000 -0.025  1         0.00000  0
 1.000  0.000  1         0.00000  0
 1.025 -0.075 -1         0.00000  0
 1.025 -0.050 -1         0.00000  0
 1.025 -0.025  1         0.00000  0
 1.025  0.000  1         0.00000  0
 1.025  0.025  1         0.00000  0
 1.025  0.050  1         0.00000  0
 1.025  0.075  1         0.00000  0
 1.025  0.100  1         0.00000  0
 1.025  0.125  1         0.00000  0
 1.025  0.150  1         0.00000  0
 1.025  0.175  1      5656.94520  0
 1.025  0.200  1      6382.25869  0
 1.025  0.225  1         0.00000  0
 1.025  0.250  1         0.00000  0
 1.025  0.275  1         0.00000  0
 1.025  0.300  1         0.00000  0
 1.025  0.325  1         0.00000  0
 1.025  0.350  1         0.00000  0
 1.025  0.375  1         0.00000  0
 1.025  0.400  1         0.00000  0
 1.025  0.425  1         0.00000  0
 1.025  0.450  1         0.00000  0
 1.025  0.475  1         0.00000  0
 1.025  0.500  1         0.00000  0
 1.025  0.525  1         0.00000  0
 1.025  0.550  1         0.00000  0
 1.025  0.575  1         0.00000  0
 1.025  0.600  1         0.00000  0
 1.050 -0.075 -1         0.00000  0
 1.050 -0.050 -1         0.00000  0
 1.050 -0.025  1         0.00000  0
 1.050  0.000  1         0.00000  0
 1.050  0.025  1         0.00000  0
 1.050  0.050  1         0.00000  0
 1.050  0.075  1         0.00000  0
 1.050  0.100  1         0.00000  0
 1.050  0.125  1         0.00000  0
 1.050  0.150  1         0.00000  0
 1.050  0.175  1         0.00000  0
 1.050  0.200  1         0.00000  0
 1.050  0.225  1         0.00000  0
 1.050  0.250  1         0.00000  0
 1.050  0.275  1         0.00000  0
 1.050  0.300  1         0.00000  0
 1.050  0.325  1         0.00000  0
 1.050  0.350  1         0.00000  0
 1.050  0.375  1         0.00000  0
 1.050  0.400  1         0.00000  0
 1.050  0.425  1         0.00000  0
 1.050  0.450  1         0.00000  0
 1.050  0.475  1         0.00000  0
 1.050  0.500  1         0.00000  0
 1.050  0.525  1         0.00000  0
 1.050  0.550  1         0.00000  0
 1.050  0.575  1         0.00000  0
 1.050  0.600  1         0.00000  0
 1.075 -0.075 -1         0.00000  0
 1.075 -0.050 -1         0.00000  0
 1.075 -0.025 -1         0.00000  0
 1.075  0.000 -1         0.00000  0
 1.075  0.025 -1         0.00000  0
 1.075  0.050 -1         0.00000  0
 1.075  0.075 -1         0.00000  0
 1.075  0.100 -1         0.00000  0
 1.075  0.125 -1         0.00000  0
 1.075  0.150 -1         0.00000  0
 1.075  0.175 -1         0.00000  0
 1.075  0.200 -1         0.00000  0
 1.075  0.225 -1         0.00000  0
 1.075  0.250 -1         0.00000  0
 1.075  0.275 -1         0.00000  0
 1.075  0.300 -1         0.00000  0
 1.075  0.325 -1         0.00000  0
 1.075  0.350 -1         0.00000  0
 1.075  0.375 -1         0.00000  0
 1.075  0.400 -1         0.00000  0
 1.075  0.425 -1         0.00000  0
 1.075  0.450 -1         0.00000  0
 1.075  0.475 -1         0.00000  0
 1.075  0.500 -1         0.00000  0
 1.075  0.525 -1         0.00000  0
 1.075  0.550 -1         0.00000  0
 1.075  0.575  1         0.00000  0
 1.075  0.600  1         0.00000  0
 1.100 -0.075 -1         0.00000  0
 1.100 -0.050 -1         0.00000  0
 1.100 -0.025 -1         0.00000  0
 1.100  0.000 -1         0.00000  0
 1.100  0.025 -1         0.00000  0
 1.100  0.050 -1         0.00000  0
 1.100  0.075 -1         0.00000  0
 1.100  0.100 -1         0.00000  0
 1.100  0.125 -1         0.00000  0
 1.100  0.150 -1         0.00000  0
 1.100  0.175 -1         0.00000  0
 1.100  0.200 -1         0.00000  0
 1.100  0.225 -1         0.00000  0
 1.100  0.250 -1         0.00000  0
 1.100  0.275 -1         0.00000  0
 1.100  0.300 -1         0.00000  0
 1.100  0.325 -1         0.00000  0
 1.100  0.350 -1         0.00000  0
 1.100  0.375 -1         0.00000  0
 1.100  0.400 -1         0.00000  0
 1.100  0.425 -1         0.00000  0
 1.100  0.450 -1         0.00000  0
 1.100  0.475 -1         0.00000  0
 1.100  0.500 -1         0.00000  0
 1.100  0.525 -1         0.00000  0
 1.100  0.550 -1         0.00000  0
 1.100  0.575  1         0.00000  0
 1.100  0.600  1         0.00000  0
