-0.075 -0.075 -1         0.00000  0
-0.075 -0.050 -1         0.00000  0
-0.075 -0.025 -1         0.00000  0
-0.075  0.000 -1         0.00000  0
-0.075  0.025 -1         0.00000  0
-0.075  0.050 -1         0.00000  0
-0.075  0.075 -1         0.00000  0
-0.075  0.100 -1         0.00000  0
-0.075  0.125 -1         0.00000  0
-0.075  0.150 -1         0.00000  0
-0.075  0.175 -1         0.00000  0
-0.075  0.200 -1         0.00000  0
-0.075  0.225 -1         0.00000  0
-0.075  0.250 -1         0.00000  0
-0.075  0.275 -1         0.00000  0
-0.075  0.300 -1         0.00000  0
-0.075  0.325 -1         0.00000  0
-0.075  0.350 -1         0.00000  0
-0.075  0.375 -1         0.00000  0
-0.075  0.400 -1         0.00000  0
-0.075  0.425 -1         0.00000  0
-0.075  0.450 -1         0.00000  0
-0.075  0.475 -1         0.00000  0
-0.075  0.500 -1         0.00000  0
-0.075  0.525 -1         0.00000  0
-0.075  0.550 -1         0.00000  0
-0.075  0.575  1         0.00000  0
-0.075  0.600  1         0.00000  0
-0.050 -0.075 -1         0.00000  0
-0.050 -0.050 -1         0.00000  0
-0.050 -0.025 -1         0.00000  0
-0.050  0.000 -1         0.00000  0
-0.050  0.025 -1         0.00000  0
-0.050  0.050 -1         0.00000  0
-0.050  0.075 -1         0.00000  0
-0.050  0.100 -1         0.00000  0
-0.050  0.125 -1         0.00000  0
-0.050  0.150 -1         0.00000  0
-0.050  0.175 -1         0.00000  0
-0.050  0.200 -1         0.00000  0
-0.050  0.225 -1         0.00000  0
-0.050  0.250 -1         0.00000  0
-0.050  0.275 -1         0.00000  0
-0.050  0.300 -1         0.00000  0
-0.050  0.325 -1         0.00000  0
-0.050  0.350 -1         0.00000  0
-0.050  0.375 -1         0.00000  0
-0.050  0.400 -1         0.00000  0
-0.050  0.425 -1         0.00000  0
-0.050  0.450 -1         0.00000  0
-0.050  0.475 -1         0.00000  0
-0.050  0.500 -1         0.00000  0
-0.050  0.525 -1         0.00000  0
-0.050  0.550 -1         0.00000  0
-0.050  0.575  1         0.00000  0
-0.050  0.600  1         0.00000  0
-0.025 -0.075 -1         0.00000  0
-0.025 -0.050 -1         0.00000  0
-0.025 -0.025  1         0.00000  0
-0.025  0.000  1         0.00000  0
-0.025  0.025  1         0.00000  0
-0.025  0.050  1         0.00000  0
-0.025  0.075  1         0.00000  0
-0.025  0.100  1         0.00000  0
-0.025  0.125  1         0.00000  0
-0.025  0.150  1         0.00000  0
-0.025  0.175  1         0.00000  0
-0.025  0.200  1         0.00000  0
-0.025  0.225  1         0.00000  0
-0.025  0.250  1         0.00000  0
-0.025  0.275  1         0.00000  0
-0.025  0.300  1         0.00000  0
-0.025  0.325  1         0.00000  0
-0.025  0.350  1         0.00000  0
-0.025  0.375  1         0.00000  0
-0.025  0.400  1         0.00000  0
-0.025  0.425  1         0.00000  0
-0.025  0.450  1         0.00000  0
-0.025  0.475  1         0.00000  0
-0.025  0.500  1         0.00000  0
-0.025  0.525  1         0.00000  0
-0.025  0.550  1         0.00000  0
-0.025  0.575  1         0.00000  0
-0.025  0.600  1         0.00000  0
 0.000 -0.075 -1         0.00000  0
 0.000 -0.050 -1         0.00000  0
 0.000 -0.025  1         0.00000  0
 0.000  0.000  1         0.00000  0
 0.000  0.025  1         0.00000  0
 0.000  0.050  1      1651.91287  0
 0.000  0.075  1      1183.36608  0
 0.000  0.100  1      1243.36487  0
 0.000  0.125  1         0.00000  0
 0.000  0.150  1         0.00000  0
 0.000  0.175  1         0.00000  0
 0.000  0.200  1         0.00000  0
 0.000  0.225  1         0.00000  0
 0.000  0.250  1         0.00000  0
 0.000  0.275  1         0.00000  0
 0.000  0.300  1         0.00000  0
 0.000  0.325  1         0.00000  0
 0.000  0.350  1         0.00000  0
 0.000  0.375  1         0.00000  0
 0.000  0.400  1         0.00000  0
 0.000  0.425  1         0.00000  0
 0.000  0.450  1         0.00000  0
 0.000  0.475  1         0.00000  0
 0.000  0.500  1         0.00000  0
 0.000  0.525  1         0.00000  0
 0.000  0.550  1         0.00000  0
 0.000  0.575  1         0.00000  0
 0.000  0.600  1         0.00000  0
 0.025 -0.075 -1         0.00000  0
 0.025 -0.050 -1         0.00000  0
 0.025 -0.025  1         0.00000  0
 0.025  0.000  1      1479.35377  0
 0.069  0.022  0         0.00000  0
 0.192  0.033  0      1837.92702  0
 0.104  0.022  0       427.79977  0
 0.212  0.079  0      1740.82066  0
 0.029  0.022  0      2273.48622  0
 0.087  0.040  0       877.96136  0
 0.049  0.033  0       965.87393  0
 0.152  0.062  0       423.89758  0
 0.127  0.044  0      1329.74732  0
 0.075  0.068  0       875.47646  0
 0.095  0.079  0       324.41258  0
 0.022  0.047  0       619.02982  0
 0.023  0.078  0         0.00000  0
 0.041  0.122  0         0.00000  0
 0.035  0.096  0      1148.62450  0
 0.084  0.096  0         0.00000  0
 0.065  0.156  0         0.00000  0
 0.084  0.140  0         0.00000  0
 0.102  0.116  0         0.00000  0
 0.021  0.115  0         0.00000  0
 0.050 -0.075 -1         0.00000  0
 0.050 -0.050 -1         0.00000  0
 0.050 -0.025  1         0.00000  0
 0.050  0.000  1         0.00000  0
 0.132  0.022  0       792.70786  0
 0.210  0.025  0      2236.86948  0
 0.244  0.083  0       950.90893  0
 0.213  0.051  0         0.00000  0
 0.168  0.044  0       416.96809  0
 0.183  0.059  0       218.11331  0
 0.191  0.081  0       577.91886  0
 0.224  0.122  0         0.00000  0
 0.101  0.054  0       448.93643  0
 0.131  0.063  0      1285.27844  0
 0.122  0.090  0       859.06074  0
 0.271  0.076  0      1069.19087  0
 0.046  0.056  0       756.73439  0
 0.201  0.122  0         0.00000  0
 0.057  0.073  0       877.14327  0
 0.060  0.110  0         0.00000  0
 0.161  0.109  0         0.00000  0
 0.068  0.132  0         0.00000  0
 0.116  0.123  0         0.00000  0
 0.131  0.113  0       370.55019  0
 0.075 -0.075 -1         0.00000  0
 0.075 -0.050 -1         0.00000  0
 0.075 -0.025  1         0.00000  0
 0.075  0.000  1      1598.99350  0
 0.237  0.022  0      1512.43738  0
 0.165  0.020  0         0.00000  0
 0.403  0.021  0      2231.69198  0
 0.270  0.020  0       796.22426  0
 0.322  0.020  0         0.00000  0
 0.249  0.041  0      1342.56078  0
 0.309  0.039  0      1913.15732  0
 0.231  0.065  0      1643.34704  0
 0.266  0.051  0      1781.85319  0
 0.221  0.101  0       279.93391  0
 0.288  0.038  0      1094.16033  0
 0.146  0.089  0       933.46439  0
 0.319  0.057  0         0.00000  0
 0.251  0.124  0       215.85205  0
 0.173  0.093  0       807.62721  0
 0.186  0.124  0         0.00000  0
 0.309  0.135  0         0.00000  0
 0.154  0.134  0         0.00000  0
 0.258  0.136  0         0.00000  0
 0.189  0.148  0         0.00000  0
 0.100 -0.075 -1         0.00000  0
 0.100 -0.050 -1         0.00000  0
 0.100 -0.025  1         0.00000  0
 0.100  0.000  1      2596.32013  0
 0.526  0.027  0      1538.81780  0
 0.494  0.021  0      1184.40637  0
 0.454  0.021  0      2174.17802  0
 0.355  0.023  0         0.00000  0
 0.433  0.028  0      1449.55843  0
 0.364  0.041  0         0.00000  0
 0.461  0.050  0         0.00000  0
 0.514  0.041  0      1044.41030  0
 0.456  0.095  0         0.00000  0
 0.395  0.037  0       839.12359  0
 0.507  0.062  0         0.00000  0
 0.342  0.048  0         0.00000  0
 0.441  0.054  0      1247.50365  0
 0.382  0.057  0      1100.05808  0
 0.345  0.071  0       790.27840  0
 0.294  0.066  0         0.00000  0
 0.282  0.112  0         0.00000  0
 0.254  0.103  0       683.50080  0
 0.320  0.122  0       275.78206  0
 0.288  0.086  0         0.00000  0
 0.125 -0.075 -1         0.00000  0
 0.125 -0.050 -1         0.00000  0
 0.125 -0.025  1         0.00000  0
 0.125  0.000  1      3602.80343  0
 0.591  0.022  0      1550.76728  0
 0.612  0.046  0       289.05355  0
 0.624  0.022  0      1644.36610  0
 0.481  0.040  0      1115.70040  0
 0.671  0.054  0      2951.75264  0
 0.740  0.022  0       580.57965  0
 0.720  0.036  0         0.00000  0
 0.678  0.032  0        23.63510  0
 0.635  0.068  0         0.00000  0
 0.549  0.021  0       512.81848  0
 0.587  0.040  0       590.79633  0
 0.557  0.043  0       540.13423  0
 0.432  0.094  0         0.00000  0
 0.488  0.095  0         0.00000  0
 0.421  0.051  0       134.30465  0
 0.329  0.087  0      2094.68060  0
 0.385  0.085  0         0.00000  0
 0.310  0.105  0         0.00000  0
 0.345  0.099  0         0.00000  0
 0.343  0.119  0         0.00000  0
 0.150 -0.075 -1         0.00000  0
 0.150 -0.050 -1         0.00000  0
 0.150 -0.025  1         0.00000  0
 0.150  0.000  1      1315.96768  0
 0.935  0.066  0      1131.84979  0
 0.698  0.021  0       546.81452  0
 0.940  0.027  0      1646.31246  0
 0.787  0.062  0         0.00000  0
 0.951  0.130  0         0.00000  0
 0.817  0.024  0         0.00000  0
 0.773  0.021  0         0.00000  0
 0.651  0.023  0         0.00000  0
 0.755  0.042  0         0.00000  0
 0.701  0.076  0         0.00000  0
 0.636  0.046  0       852.32983  0
 0.617  0.072  0       947.52345  0
 0.545  0.062  0         0.00000  0
 0.483  0.107  0         0.00000  0
 0.487  0.064  0         0.00000  0
 0.404  0.070  0      2245.99621  0
 0.456  0.080  0        53.70593  0
 0.410  0.089  0         0.00000  0
 0.387  0.117  0         0.00000  0
 0.367  0.084  0         0.00000  0
 0.175 -0.075 -1         0.00000  0
 0.175 -0.050 -1         0.00000  0
 0.175 -0.025  1         0.00000  0
 0.175  0.000  1      1523.83085  0
 0.984  0.055  0      1761.26987  0
 0.951  0.043  0      1152.22523  0
 0.981  0.108  0       947.16367  0
 0.969  0.158  0      1003.69089  0
 0.963  0.112  0      2065.57657  0
 0.974  0.202  0         0.00000  0
 0.924  0.206  0         0.00000  0
 0.793  0.034  0      2548.47296  0
 0.897  0.032  0         0.00000  0
 0.785  0.079  0         0.00000  0
 0.893  0.062  0      2124.95945  0
 0.860  0.063  0         0.00000  0
 0.806  0.048  0      1916.28715  0
 0.694  0.050  0         0.00000  0
 0.717  0.090  0         0.00000  0
 0.565  0.075  0         0.00000  0
 0.658  0.090  0         0.00000  0
 0.543  0.086  0         0.00000  0
 0.525  0.099  0         0.00000  0
 0.515  0.089  0         0.00000  0
 0.200 -0.075 -1         0.00000  0
 0.200 -0.050 -1         0.00000  0
 0.200 -0.025  1         0.00000  0
 0.200  0.000  1         0.00000  0
 0.997  0.079  0         0.00000  0
 0.994  0.024  0      1757.48746  0
 1.002  0.167  0         0.00000  0
 0.998  0.280  0         0.00000  0
 0.997  0.098  0      2070.04132  0
 0.969  0.022  0       675.14168  0
 0.944  0.195  0         0.00000  0
 0.989  0.348  0         0.00000  0
 0.963  0.252  0         0.00000  0
 0.922  0.106  0         0.00000  0
 0.845  0.051  0      1265.90239  0
 0.917  0.025  0      1255.61288  0
 0.911  0.054  0      1688.64312  0
 0.857  0.028  0         0.00000  0
 0.876  0.085  0         0.00000  0
 0.763  0.075  0         0.00000  0
 0.750  0.094  0         0.00000  0
 0.721  0.108  0         0.00000  0
 0.668  0.072  0         0.00000  0
 0.575  0.060  0         0.00000  0
 0.225 -0.075 -1         0.00000  0
 0.225 -0.050 -1         0.00000  0
 0.225 -0.025  1         0.00000  0
 0.225  0.000  1      1192.34469  0
 1.001  0.236  0         0.00000  0
 0.956  0.401  0       684.12415  1
 0.909  0.626  0         0.00000  0
 0.919  0.554  0         0.00000  0
 1.001  0.343  0         0.00000  0
 1.002  0.199  0         0.00000  0
 1.009  0.524  0         0.00000  0
 0.986  0.148  0         0.00000  0
 0.979  0.180  0      1233.64770  0
 0.967  0.065  0      2144.34340  0
 1.003  0.129  0         0.00000  0
 0.949  0.182  0       140.96471  0
 0.989  0.220  0         0.00000  0
 0.948  0.149  0         0.00000  0
 0.937  0.111  0       876.13588  0
 0.922  0.086  0      1954.96808  0
 0.875  0.022  0      2001.20793  0
 0.832  0.081  0         0.00000  0
 0.744  0.060  0       770.60685  0
 0.608  0.084  0         0.00000  0
 0.250 -0.075 -1         0.00000  0
 0.250 -0.050 -1         0.00000  0
 0.250 -0.025  1         0.00000  0
 0.250  0.000  1      2372.75277  0
 0.965  0.654  0         0.00000  0
 0.991  0.677  0         0.00000  0
 0.936  0.587  0         0.00000  0
 0.974  0.269  0         0.00000  0
 1.003  0.043  0      3489.12080  0
 0.962  0.640  0         0.00000  0
 0.924  0.280  0         0.00000  0
 0.992  0.581  0         0.00000  0
 0.997  0.396  0         0.00000  1
 0.952  0.275  0         0.00000  0
 0.947  0.399  0         0.00000  1
 0.977  0.247  0      2409.61534  0
 0.994  0.444  0         0.00000  0
 0.987  0.393  0         0.00000  1
 0.963  0.366  0         0.00000  0
 0.917  0.183  0         0.00000  0
 0.953  0.079  0         0.00000  0
 0.897  0.082  0         0.00000  0
 0.828  0.054  0         0.00000  0
 0.724  0.059  0         0.00000  0
 0.275 -0.075 -1         0.00000  0
 0.275 -0.050 -1         0.00000  0
 0.275 -0.025  1         0.00000  0
 0.275  0.000  1      1365.23592  0
 0.300 -0.075 -1         0.00000  0
 0.300 -0.050 -1         0.00000  0
 0.300 -0.025  1         0.00000  0
 0.300  0.000  1         0.00000  0
 0.325 -0.075 -1         0.00000  0
 0.325 -0.050 -1         0.00000  0
 0.325 -0.025  1         0.00000  0
 0.325  0.000  1       125.71449  0
 0.350 -0.075 -1         0.00000  0
 0.350 -0.050 -1         0.00000  0
 0.350 -0.025  1         0.00000  0
 0.350  0.000  1         0.00000  0
 0.375 -0.075 -1         0.00000  0
 0.375 -0.050 -1         0.00000  0
 0.375 -0.025  1         0.00000  0
 0.375  0.000  1         0.00000  0
 0.400 -0.075 -1         0.00000  0
 0.400 -0.050 -1         0.00000  0
 0.400 -0.025  1         0.00000  0
 0.400  0.000  1       686.04672  0
 0.425 -0.075 -1         0.00000  0
 0.425 -0.050 -1         0.00000  0
 0.425 -0.025  1         0.00000  0
 0.425  0.000  1       414.62054  0
 0.450 -0.075 -1         0.00000  0
 0.450 -0.050 -1         0.00000  0
 0.450 -0.025  1         0.00000  0
 0.450  0.000  1      1577.48140  0
 0.475 -0.075 -1         0.00000  0
 0.475 -0.050 -1         0.00000  0
 0.475 -0.025  1         0.00000  0
 0.475  0.000  1         0.00000  0
 0.500 -0.075 -1         0.00000  0
 0.500 -0.050 -1         0.00000  0
 0.500 -0.025  1         0.00000  0
 0.500  0.000  1       481.64168  0
 0.525 -0.075 -1         0.00000  0
 0.525 -0.050 -1         0.00000  0
 0.525 -0.025  1         0.00000  0
 0.525  0.000  1       719.78779  0
 0.550 -0.075 -1         0.00000  0
 0.550 -0.050 -1         0.00000  0
 0.550 -0.025  1         0.00000  0
 0.550  0.000  1      2424.55423  0
 0.575 -0.075 -1         0.00000  0
 0.575 -0.050 -1         0.00000  0
 0.575 -0.025  1         0.00000  0
 0.575  0.000  1         0.00000  0
 0.600 -0.075 -1         0.00000  0
 0.600 -0.050 -1         0.00000  0
 0.600 -0.025  1         0.00000  0
 0.600  0.000  1       964.77742  0
 0.625 -0.075 -1         0.00000  0
 0.625 -0.050 -1         0.00000  0
 0.625 -0.025  1         0.00000  0
 0.625  0.000  1      4181.44491  0
 0.650 -0.075 -1         0.00000  0
 0.650 -0.050 -1         0.00000  0
 0.650 -0.025  1         0.00000  0
 0.650  0.000  1       811.97511  0
 0.675 -0.075 -1         0.00000  0
 0.675 -0.050 -1         0.00000  0
 0.675 -0.025  1         0.00000  0
 0.675  0.000  1         0.00000  0
 0.700 -0.075 -1         0.00000  0
 0.700 -0.050 -1         0.00000  0
 0.700 -0.025  1         0.00000  0
 0.700  0.000  1      1753.91858  0
 0.725 -0.075 -1         0.00000  0
 0.725 -0.050 -1         0.00000  0
 0.725 -0.025  1         0.00000  0
 0.725  0.000  1         0.00000  0
 0.750 -0.075 -1         0.00000  0
 0.750 -0.050 -1         0.00000  0
 0.750 -0.025  1         0.00000  0
 0.750  0.000  1      1062.39541  0
 0.775 -0.075 -1         0.00000  0
 0.775 -0.050 -1         0.00000  0
 0.775 -0.025  1         0.00000  0
 0.775  0.000  1      2163.39657  0
 0.800 -0.075 -1         0.00000  0
 0.800 -0.050 -1         0.00000  0
 0.800 -0.025  1         0.00000  0
 0.800  0.000  1         0.00000  0
 0.825 -0.075 -1         0.00000  0
 0.825 -0.050 -1         0.00000  0
 0.825 -0.025  1         0.00000  0
 0.825  0.000  1         0.00000  0
 0.850 -0.075 -1         0.00000  0
 0.850 -0.050 -1         0.00000  0
 0.850 -0.025  1         0.00000  0
 0.850  0.000  1         0.00000  0
 0.875 -0.075 -1         0.00000  0
 0.875 -0.050 -1         0.00000  0
 0.875 -0.025  1         0.00000  0
 0.875  0.000  1      2799.38318  0
 0.900 -0.075 -1         0.00000  0
 0.900 -0.050 -1         0.00000  0
 0.900 -0.025  1         0.00000  0
 0.900  0.000  1         0.00000  0
 0.925 -0.075 -1         0.00000  0
 0.925 -0.050 -1         0.00000  0
 0.925 -0.025  1         0.00000  0
 0.925  0.000  1         0.00000  0
 0.950 -0.075 -1         0.00000  0
 0.950 -0.050 -1         0.00000  0
 0.950 -0.025  1         0.00000  0
 0.950  0.000  1       790.40064  0
 0.975 -0.075 -1         0.00000  0
 0.975 -0.050 -1         0.00000  0
 0.975 -0.025  1         0.00000  0
 0.975  0.000  1      1568.78096  0
 1.000 -0.075 -1         0.00000  0
 1.000 -0.050 -1         0.00000  0
 1.000 -0.025  1         0.00000  0
 1.000  0.000  1         0.00000  0
 1.025 -0.075 -1         0.00000  0
 1.025 -0.050 -1         0.00000  0
 1.025 -0.025  1         0.00000  0
 1.025  0.000  1         0.00000  0
 1.025  0.025  1         0.00000  0
 1.025  0.050  1        43.43919  0
 1.025  0.075  1         0.00000  0
 1.025  0.100  1         0.00000  0
 1.025  0.125  1         0.00000  0
 1.025  0.150  1         0.00000  0
 1.025  0.175  1         0.00000  0
 1.025  0.200  1         0.00000  0
 1.025  0.225  1         0.00000  0
 1.025  0.250  1         0.00000  0
 1.025  0.275  1         0.00000  0
 1.025  0.300  1         0.00000  0
 1.025  0.325  1         0.00000  0
 1.025  0.350  1         0.00000  0
 1.025  0.375  1         0.00000  0
 1.025  0.400  1         0.00000  0
 1.025  0.425  1         0.00000  0
 1.025  0.450  1         0.00000  0
 1.025  0.475  1         0.00000  0
 1.025  0.500  1         0.00000  0
 1.025  0.525  1      2283.81782  0
 1.025  0.550  1         0.00000  0
 1.025  0.575  1         0.00000  0
 1.025  0.600  1         0.00000  0
 1.050 -0.075 -1         0.00000  0
 1.050 -0.050 -1         0.00000  0
 1.050 -0.025  1         0.00000  0
 1.050  0.000  1         0.00000  0
 1.050  0.025  1         0.00000  0
 1.050  0.050  1         0.00000  0
 1.050  0.075  1         0.00000  0
 1.050  0.100  1         0.00000  0
 1.050  0.125  1         0.00000  0
 1.050  0.150  1         0.00000  0
 1.050  0.175  1         0.00000  0
 1.050  0.200  1         0.00000  0
 1.050  0.225  1         0.00000  0
 1.050  0.250  1         0.00000  0
 1.050  0.275  1         0.00000  0
 1.050  0.300  1         0.00000  0
 1.050  0.325  1         0.00000  0
 1.050  0.350  1         0.00000  0
 1.050  0.375  1         0.00000  0
 1.050  0.400  1         0.00000  0
 1.050  0.425  1         0.00000  0
 1.050  0.450  1         0.00000  0
 1.050  0.475  1         0.00000  0
 1.050  0.500  1         0.00000  0
 1.050  0.525  1         0.00000  0
 1.050  0.550  1         0.00000  0
 1.050  0.575  1         0.00000  0
 1.050  0.600  1         0.00000  0
 1.075 -0.075 -1         0.00000  0
 1.075 -0.050 -1         0.00000  0
 1.075 -0.025 -1         0.00000  0
 1.075  0.000 -1         0.00000  0
 1.075  0.025 -1         0.00000  0
 1.075  0.050 -1         0.00000  0
 1.075  0.075 -1         0.00000  0
 1.075  0.100 -1         0.00000  0
 1.075  0.125 -1         0.00000  0
 1.075  0.150 -1         0.00000  0
 1.075  0.175 -1         0.00000  0
 1.075  0.200 -1         0.00000  0
 1.075  0.225 -1         0.00000  0
 1.075  0.250 -1         0.00000  0
 1.075  0.275 -1         0.00000  0
 1.075  0.300 -1         0.00000  0
 1.075  0.325 -1         0.00000  0
 1.075  0.350 -1         0.00000  0
 1.075  0.375 -1         0.00000  0
 1.075  0.400 -1         0.00000  0
 1.075  0.425 -1         0.00000  0
 1.075  0.450 -1         0.00000  0
 1.075  0.475 -1         0.00000  0
 1.075  0.500 -1         0.00000  0
 1.075  0.525 -1         0.00000  0
 1.075  0.550 -1         0.00000  0
 1.075  0.575  1         0.00000  0
 1.075  0.600  1         0.00000  0
 1.100 -0.075 -1         0.00000  0
 1.100 -0.050 -1         0.00000  0
 1.100 -0.025 -1         0.00000  0
 1.100  0.000 -1         0.00000  0
 1.100  0.025 -1         0.00000  0
 1.100  0.050 -1         0.00000  0
 1.100  0.075 -1         0.00000  0
 1.100  0.100 -1         0.00000  0
 1.100  0.125 -1         0.00000  0
 1.100  0.150 -1         0.00000  0
 1.100  0.175 -1         0.00000  0
 1.100  0.200 -1         0.00000  0
 1.100  0.225 -1         0.00000  0
 1.100  0.250 -1         0.00000  0
 1.100  0.275 -1         0.00000  0
 1.100  0.300 -1         0.00000  0
 1.100  0.325 -1         0.00000  0
 1.100  0.350 -1         0.00000  0
 1.100  0.375 -1         0.00000  0
 1.100  0.400 -1         0.00000  0
 1.100  0.425 -1         0.00000  0
 1.100  0.450 -1         0.00000  0
 1.100  0.475 -1         0.00000  0
 1.100  0.500 -1         0.00000  0
 1.100  0.525 -1         0.00000  0
 1.100  0.550 -1         0.00000  0
 1.100  0.575  1         0.00000  0
 1.100  0.600  1         0.00000  0
