-0.075 -0.075 -1         0.00000  0
-0.075 -0.050 -1         0.00000  0
-0.075 -0.025 -1         0.00000  0
-0.075  0.000 -1         0.00000  0
-0.075  0.025 -1         0.00000  0
-0.075  0.050 -1         0.00000  0
-0.075  0.075 -1         0.00000  0
-0.075  0.100 -1         0.00000  0
-0.075  0.125 -1         0.00000  0
-0.075  0.150 -1         0.00000  0
-0.075  0.175 -1         0.00000  0
-0.075  0.200 -1         0.00000  0
-0.075  0.225 -1         0.00000  0
-0.075  0.250 -1         0.00000  0
-0.075  0.275 -1         0.00000  0
-0.075  0.300 -1         0.00000  0
-0.075  0.325 -1         0.00000  0
-0.075  0.350 -1         0.00000  0
-0.075  0.375 -1         0.00000  0
-0.075  0.400 -1         0.00000  0
-0.075  0.425 -1         0.00000  0
-0.075  0.450 -1         0.00000  0
-0.075  0.475 -1         0.00000  0
-0.075  0.500 -1         0.00000  0
-0.075  0.525 -1         0.00000  0
-0.075  0.550 -1         0.00000  0
-0.075  0.575  1         0.00000  0
-0.075  0.600  1         0.00000  0
-0.050 -0.075 -1         0.00000  0
-0.050 -0.050 -1         0.00000  0
-0.050 -0.025 -1         0.00000  0
-0.050  0.000 -1         0.00000  0
-0.050  0.025 -1         0.00000  0
-0.050  0.050 -1         0.00000  0
-0.050  0.075 -1         0.00000  0
-0.050  0.100 -1         0.00000  0
-0.050  0.125 -1         0.00000  0
-0.050  0.150 -1         0.00000  0
-0.050  0.175 -1         0.00000  0
-0.050  0.200 -1         0.00000  0
-0.050  0.225 -1         0.00000  0
-0.050  0.250 -1         0.00000  0
-0.050  0.275 -1         0.00000  0
-0.050  0.300 -1         0.00000  0
-0.050  0.325 -1         0.00000  0
-0.050  0.350 -1         0.00000  0
-0.050  0.375 -1         0.00000  0
-0.050  0.400 -1         0.00000  0
-0.050  0.425 -1         0.00000  0
-0.050  0.450 -1         0.00000  0
-0.050  0.475 -1         0.00000  0
-0.050  0.500 -1         0.00000  0
-0.050  0.525 -1         0.00000  0
-0.050  0.550 -1         0.00000  0
-0.050  0.575  1         0.00000  0
-0.050  0.600  1         0.00000  0
-0.025 -0.075 -1         0.00000  0
-0.025 -0.050 -1         0.00000  0
-0.025 -0.025  1         0.00000  0
-0.025  0.000  1         0.00000  0
-0.025  0.025  1         0.00000  0
-0.025  0.050  1         0.00000  0
-0.025  0.075  1         0.00000  0
-0.025  0.100  1         0.00000  0
-0.025  0.125  1         0.00000  0
-0.025  0.150  1         0.00000  0
-0.025  0.175  1         0.00000  0
-0.025  0.200  1         0.00000  0
-0.025  0.225  1         0.00000  0
-0.025  0.250  1         0.00000  0
-0.025  0.275  1         0.00000  0
-0.025  0.300  1         0.00000  0
-0.025  0.325  1         0.00000  0
-0.025  0.350  1         0.00000  0
-0.025  0.375  1         0.00000  0
-0.025  0.400  1         0.00000  0
-0.025  0.425  1         0.00000  0
-0.025  0.450  1         0.00000  0
-0.025  0.475  1         0.00000  0
-0.025  0.500  1         0.00000  0
-0.025  0.525  1         0.00000  0
-0.025  0.550  1         0.00000  0
-0.025  0.575  1         0.00000  0
-0.025  0.600  1         0.00000  0
 0.000 -0.075 -1         0.00000  0
 0.000 -0.050 -1         0.00000  0
 0.000 -0.025  1         0.00000  0
 0.000  0.000  1      1818.74099  0
 0.000  0.025  1      3363.56674  0
 0.000  0.050  1      2271.76599  0
 0.000  0.075  1      2227.61899  0
 0.000  0.100  1      1893.41724  0
 0.000  0.125  1      1890.43716  0
 0.000  0.150  1      1767.84768  0
 0.000  0.175  1      1725.42067  0
 0.000  0.200  1      1635.76300  0
 0.000  0.225  1      1541.85883  0
 0.000  0.250  1      1402.57319  0
 0.000  0.275  1      1218.49318  0
 0.000  0.300  1       975.83835  0
 0.000  0.325  1       660.05466  0
 0.000  0.350  1       266.71268  0
 0.000  0.375  1         0.00000  0
 0.000  0.400  1         0.00000  0
 0.000  0.425  1         0.00000  0
 0.000  0.450  1         0.00000  0
 0.000  0.475  1         0.00000  0
 0.000  0.500  1         0.00000  0
 0.000  0.525  1         0.00000  0
 0.000  0.550  1         0.00000  0
 0.000  0.575  1         0.00000  0
 0.000  0.600  1         0.00000  0
 0.025 -0.075 -1         0.00000  0
 0.025 -0.050 -1         0.00000  0
 0.025 -0.025  1         0.00000  0
 0.025  0.000  1      3736.24045  0
 0.023  0.023  0      3817.62584  0
 0.025  0.049  0      2397.12086  0
 0.024  0.073  0      2448.15042  0
 0.024  0.099  0      2042.97353  0
 0.024  0.123  0      2096.73322  0
 0.024  0.148  0      1825.43189  0
 0.024  0.173  0      1832.09101  0
 0.024  0.198  0      1706.52528  0
 0.024  0.222  0      1638.55007  0
 0.024  0.247  0      1540.44615  0
 0.024  0.272  0      1438.16115  0
 0.025  0.297  0      1324.93592  0
 0.025  0.322  0      1198.98726  0
 0.025  0.347  0      1040.31536  0
 0.025  0.372  0       803.18334  0
 0.025  0.397  0       414.86256  0
 0.025  0.422  0         0.00000  0
 0.025  0.447  0         0.00000  0
 0.025  0.472  0         0.00000  0
 0.025  0.497  0         0.00000  0
 0.050 -0.075 -1         0.00000  0
 0.050 -0.050 -1         0.00000  0
 0.050 -0.025  1         0.00000  0
 0.050  0.000  1      2775.96324  0
 0.050  0.024  0      2631.16868  0
 0.050  0.049  0      2673.47132  0
 0.050  0.073  0      2291.76938  0
 0.050  0.099  0      1826.82029  0
 0.050  0.123  0      1935.50752  0
 0.050  0.148  0      1451.30666  0
 0.050  0.173  0      1462.52008  0
 0.050  0.198  0      1194.59808  0
 0.050  0.222  0      1034.68994  0
 0.050  0.247  0       825.67099  0
 0.050  0.272  0       640.49971  0
 0.050  0.297  0       496.94808  0
 0.050  0.322  0       451.16829  0
 0.050  0.347  0       521.64506  0
 0.050  0.372  0       639.01045  0
 0.050  0.397  0       644.63232  0
 0.050  0.422  0       355.82879  0
 0.050  0.447  0         0.00000  0
 0.050  0.472  0         0.00000  0
 0.050  0.497  0         0.00000  0
 0.075 -0.075 -1         0.00000  0
 0.075 -0.050 -1         0.00000  0
 0.075 -0.025  1         0.00000  0
 0.075  0.000  1      2810.98233  0
 0.075  0.024  0      2816.47664  0
 0.075  0.049  0      2635.58956  0
 0.075  0.074  0      2073.93712  0
 0.075  0.099  0      2107.36370  0
 0.075  0.123  0      2192.94618  0
 0.075  0.148  0      1759.95511  0
 0.075  0.173  0      1889.69923  0
 0.075  0.198  0      1631.56987  0
 0.075  0.222  0      1496.64328  0
 0.075  0.247  0      1248.37037  0
 0.075  0.272  0       975.57950  0
 0.075  0.297  0       690.23923  0
 0.075  0.322  0       463.02397  0
 0.075  0.347  0       365.92165  0
 0.075  0.372  0       425.55427  0
 0.075  0.397  0       564.59276  0
 0.075  0.422  0       519.63194  0
 0.075  0.447  0       158.02626  0
 0.075  0.472  0         0.00000  0
 0.075  0.497  0         0.00000  0
 0.100 -0.075 -1         0.00000  0
 0.100 -0.050 -1         0.00000  0
 0.100 -0.025  1         0.00000  0
 0.100  0.000  1      2336.64486  0
 0.101  0.024  0      2187.44803  0
 0.101  0.049  0      1900.44443  0
 0.101  0.073  0      1629.47244  0
 0.101  0.099  0      1482.84974  0
 0.101  0.123  0      1524.88579  0
 0.100  0.148  0      1144.80931  0
 0.100  0.173  0      1306.06533  0
 0.100  0.198  0      1112.68188  0
 0.100  0.222  0      1085.56838  0
 0.100  0.247  0       952.43036  0
 0.100  0.272  0       796.07303  0
 0.100  0.297  0       600.60587  0
 0.100  0.322  0       410.86921  0
 0.100  0.347  0       294.38220  0
 0.100  0.372  0       313.25470  0
 0.100  0.397  0       454.27201  0
 0.100  0.422  0       508.36141  0
 0.100  0.447  0       252.53686  0
 0.100  0.472  0         0.00000  0
 0.100  0.497  0         0.00000  0
 0.125 -0.075 -1         0.00000  0
 0.125 -0.050 -1         0.00000  0
 0.125 -0.025  1         0.00000  0
 0.125  0.000  1      2201.23075  0
 0.126  0.024  0      2149.62553  0
 0.126  0.049  0      2168.48032  0
 0.126  0.073  0      1766.37229  0
 0.126  0.099  0      1502.89826  0
 0.126  0.123  0      1570.19497  0
 0.126  0.148  0      1133.35489  0
 0.125  0.173  0      1251.75273  0
 0.125  0.197  0      1037.35762  0
 0.125  0.222  0       992.11404  0
 0.125  0.247  0       848.81899  0
 0.125  0.272  0       693.70918  0
 0.125  0.297  0       508.38757  0
 0.125  0.322  0       335.66214  0
 0.125  0.347  0       236.52788  0
 0.125  0.372  0       267.61269  0
 0.125  0.397  0       417.65914  0
 0.125  0.422  0       484.58205  0
 0.125  0.447  0       246.26521  0
 0.125  0.472  0         0.00000  0
 0.125  0.497  0         0.00000  0
 0.150 -0.075 -1         0.00000  0
 0.150 -0.050 -1         0.00000  0
 0.150 -0.025  1         0.00000  0
 0.150  0.000  1      1822.95293  0
 0.152  0.024  0      1553.74803  0
 0.151  0.049  0      1417.65952  0
 0.151  0.073  0      1124.73801  0
 0.151  0.098  0      1111.69779  0
 0.151  0.123  0      1254.36547  0
 0.151  0.148  0       952.58226  0
 0.151  0.172  0      1153.80378  0
 0.151  0.197  0       976.55253  0
 0.150  0.222  0       927.50625  0
 0.150  0.247  0       756.90081  0
 0.150  0.272  0       568.63494  0
 0.150  0.297  0       368.66090  0
 0.150  0.322  0       220.15474  0
 0.150  0.347  0       179.91745  0
 0.150  0.372  0       274.96585  0
 0.150  0.397  0       452.37891  0
 0.150  0.422  0       463.88979  0
 0.150  0.447  0       158.05106  0
 0.150  0.472  0         0.00000  0
 0.150  0.497  0         0.00000  0
 0.175 -0.075 -1         0.00000  0
 0.175 -0.050 -1         0.00000  0
 0.175 -0.025  1         0.00000  0
 0.175  0.000  1      1833.81343  0
 0.177  0.024  0      1762.76412  0
 0.177  0.049  0      1837.33575  0
 0.177  0.073  0      1307.90981  0
 0.177  0.098  0      1341.53647  0
 0.176  0.123  0      1356.83201  0
 0.176  0.148  0       947.32852  0
 0.176  0.172  0      1020.60757  0
 0.176  0.197  0       731.67171  0
 0.175  0.222  0       588.48860  0
 0.175  0.247  0       381.46416  0
 0.175  0.272  0       218.88933  0
 0.175  0.297  0       108.41098  0
 0.175  0.322  0        95.85295  0
 0.175  0.347  0       195.57354  0
 0.175  0.372  0       364.58601  0
 0.175  0.397  0       483.77038  0
 0.175  0.422  0       337.19157  0
 0.175  0.447  0         0.00000  0
 0.175  0.472  0         0.00000  0
 0.175  0.497  0         0.00000  0
 0.200 -0.075 -1         0.00000  0
 0.200 -0.050 -1         0.00000  0
 0.200 -0.025  1         0.00000  0
 0.200  0.000  1      1281.06300  0
 0.202  0.024  0       783.89083  0
 0.202  0.048  0      1111.97824  0
 0.202  0.073  0       584.35779  0
 0.202  0.098  0       545.60219  0
 0.201  0.122  0       649.37607  0
 0.201  0.147  0       293.25056  0
 0.201  0.172  0       403.31031  0
 0.201  0.197  0       237.13507  0
 0.201  0.222  0       224.03606  0
 0.201  0.247  0       197.29747  0
 0.201  0.272  0       225.33796  0
 0.200  0.297  0       284.56319  0
 0.200  0.322  0       359.83025  0
 0.200  0.347  0       429.06330  0
 0.200  0.372  0       456.76788  0
 0.200  0.397  0       358.70118  0
 0.200  0.422  0        45.96068  0
 0.200  0.447  0         0.00000  0
 0.200  0.472  0         0.00000  0
 0.200  0.497  0         0.00000  0
 0.225 -0.075 -1         0.00000  0
 0.225 -0.050 -1         0.00000  0
 0.225 -0.025  1         0.00000  0
 0.225  0.000  1      1523.66053  0
 0.230  0.024  0      1396.26634  0
 0.228  0.048  0      1042.79677  0
 0.228  0.073  0       788.10254  0
 0.227  0.098  0       611.89103  0
 0.227  0.122  0       715.21919  0
 0.227  0.147  0       459.43909  0
 0.226  0.172  0       545.64482  0
 0.226  0.197  0       456.63555  0
 0.226  0.222  0       465.32459  0
 0.226  0.247  0       450.71437  0
 0.225  0.272  0       432.90864  0
 0.225  0.297  0       377.60777  0
 0.225  0.322  0       251.45108  0
 0.225  0.347  0        49.35796  0
 0.225  0.372  0         0.00000  0
 0.225  0.397  0         0.00000  0
 0.225  0.422  0         0.00000  0
 0.225  0.447  0         0.00000  0
 0.225  0.472  0         0.00000  0
 0.225  0.497  0         0.00000  0
 0.250 -0.075 -1         0.00000  0
 0.250 -0.050 -1         0.00000  0
 0.250 -0.025  1         0.00000  0
 0.250  0.000  1       108.43935  0
 0.254  0.022  0         0.00000  0
 0.253  0.047  0         0.00000  0
 0.252  0.072  0         0.00000  0
 0.252  0.097  0         0.00000  0
 0.251  0.122  0         0.00000  0
 0.251  0.147  0         0.00000  0
 0.251  0.172  0         0.00000  0
 0.250  0.197  0         0.00000  0
 0.250  0.222  0         0.00000  0
 0.250  0.247  0         0.00000  0
 0.250  0.272  0         0.00000  0
 0.250  0.297  0         0.00000  0
 0.250  0.322  0         0.00000  0
 0.250  0.347  0         0.00000  0
 0.250  0.372  0         0.00000  0
 0.250  0.397  0         0.00000  0
 0.250  0.422  0         0.00000  0
 0.250  0.447  0         0.00000  0
 0.250  0.472  0         0.00000  0
 0.250  0.497  0         0.00000  0
 0.275 -0.075 -1         0.00000  0
 0.275 -0.050 -1         0.00000  0
 0.275 -0.025  1         0.00000  0
 0.275  0.000  1         0.00000  0
 0.300 -0.075 -1         0.00000  0
 0.300 -0.050 -1         0.00000  0
 0.300 -0.025  1         0.00000  0
 0.300  0.000  1         0.00000  0
 0.325 -0.075 -1         0.00000  0
 0.325 -0.050 -1         0.00000  0
 0.325 -0.025  1         0.00000  0
 0.325  0.000  1         0.00000  0
 0.350 -0.075 -1         0.00000  0
 0.350 -0.050 -1         0.00000  0
 0.350 -0.025  1         0.00000  0
 0.350  0.000  1         0.00000  0
 0.375 -0.075 -1         0.00000  0
 0.375 -0.050 -1         0.00000  0
 0.375 -0.025  1         0.00000  0
 0.375  0.000  1         0.00000  0
 0.400 -0.075 -1         0.00000  0
 0.400 -0.050 -1         0.00000  0
 0.400 -0.025  1         0.00000  0
 0.400  0.000  1         0.00000  0
 0.425 -0.075 -1         0.00000  0
 0.425 -0.050 -1         0.00000  0
 0.425 -0.025  1         0.00000  0
 0.425  0.000  1         0.00000  0
 0.450 -0.075 -1         0.00000  0
 0.450 -0.050 -1         0.00000  0
 0.450 -0.025  1         0.00000  0
 0.450  0.000  1         0.00000  0
 0.475 -0.075 -1         0.00000  0
 0.475 -0.050 -1         0.00000  0
 0.475 -0.025  1         0.00000  0
 0.475  0.000  1         0.00000  0
 0.500 -0.075 -1         0.00000  0
 0.500 -0.050 -1         0.00000  0
 0.500 -0.025  1         0.00000  0
 0.500  0.000  1         0.00000  0
 0.525 -0.075 -1         0.00000  0
 0.525 -0.050 -1         0.00000  0
 0.525 -0.025  1         0.00000  0
 0.525  0.000  1         0.00000  0
 0.550 -0.075 -1         0.00000  0
 0.550 -0.050 -1         0.00000  0
 0.550 -0.025  1         0.00000  0
 0.550  0.000  1         0.00000  0
 0.575 -0.075 -1         0.00000  0
 0.575 -0.050 -1         0.00000  0
 0.575 -0.025  1         0.00000  0
 0.575  0.000  1         0.00000  0
 0.600 -0.075 -1         0.00000  0
 0.600 -0.050 -1         0.00000  0
 0.600 -0.025  1         0.00000  0
 0.600  0.000  1         0.00000  0
 0.625 -0.075 -1         0.00000  0
 0.625 -0.050 -1         0.00000  0
 0.625 -0.025  1         0.00000  0
 0.625  0.000  1         0.00000  0
 0.650 -0.075 -1         0.00000  0
 0.650 -0.050 -1         0.00000  0
 0.650 -0.025  1         0.00000  0
 0.650  0.000  1         0.00000  0
 0.675 -0.075 -1         0.00000  0
 0.675 -0.050 -1         0.00000  0
 0.675 -0.025  1         0.00000  0
 0.675  0.000  1         0.00000  0
 0.700 -0.075 -1         0.00000  0
 0.700 -0.050 -1         0.00000  0
 0.700 -0.025  1         0.00000  0
 0.700  0.000  1         0.00000  0
 0.725 -0.075 -1         0.00000  0
 0.725 -0.050 -1         0.00000  0
 0.725 -0.025  1         0.00000  0
 0.725  0.000  1         0.00000  0
 0.750 -0.075 -1         0.00000  0
 0.750 -0.050 -1         0.00000  0
 0.750 -0.025  1         0.00000  0
 0.750  0.000  1         0.00000  0
 0.775 -0.075 -1         0.00000  0
 0.775 -0.050 -1         0.00000  0
 0.775 -0.025  1         0.00000  0
 0.775  0.000  1         0.00000  0
 0.800 -0.075 -1         0.00000  0
 0.800 -0.050 -1         0.00000  0
 0.800 -0.025  1         0.00000  0
 0.800  0.000  1         0.00000  0
 0.825 -0.075 -1         0.00000  0
 0.825 -0.050 -1         0.00000  0
 0.825 -0.025  1         0.00000  0
 0.825  0.000  1         0.00000  0
 0.850 -0.075 -1         0.00000  0
 0.850 -0.050 -1         0.00000  0
 0.850 -0.025  1         0.00000  0
 0.850  0.000  1         0.00000  0
 0.875 -0.075 -1         0.00000  0
 0.875 -0.050 -1         0.00000  0
 0.875 -0.025  1         0.00000  0
 0.875  0.000  1         0.00000  0
 0.900 -0.075 -1         0.00000  0
 0.900 -0.050 -1         0.00000  0
 0.900 -0.025  1         0.00000  0
 0.900  0.000  1         0.00000  0
 0.925 -0.075 -1         0.00000  0
 0.925 -0.050 -1         0.00000  0
 0.925 -0.025  1         0.00000  0
 0.925  0.000  1         0.00000  0
 0.950 -0.075 -1         0.00000  0
 0.950 -0.050 -1         0.00000  0
 0.950 -0.025  1         0.00000  0
 0.950  0.000  1         0.00000  0
 0.975 -0.075 -1         0.00000  0
 0.975 -0.050 -1         0.00000  0
 0.975 -0.025  1         0.00000  0
 0.975  0.000  1         0.00000  0
 1.000 -0.075 -1         0.00000  0
 1.000 -0.050 -1         0.00000  0
 1.000 -0.025  1         0.00000  0
 1.000  0.000  1         0.00000  0
 1.025 -0.075 -1         0.00000  0
 1.025 -0.050 -1         0.00000  0
 1.025 -0.025  1         0.00000  0
 1.025  0.000  1         0.00000  0
 1.025  0.025  1         0.00000  0
 1.025  0.050  1         0.00000  0
 1.025  0.075  1         0.00000  0
 1.025  0.100  1         0.00000  0
 1.025  0.125  1         0.00000  0
 1.025  0.150  1         0.00000  0
 1.025  0.175  1         0.00000  0
 1.025  0.200  1         0.00000  0
 1.025  0.225  1         0.00000  0
 1.025  0.250  1         0.00000  0
 1.025  0.275  1         0.00000  0
 1.025  0.300  1         0.00000  0
 1.025  0.325  1         0.00000  0
 1.025  0.350  1         0.00000  0
 1.025  0.375  1         0.00000  0
 1.025  0.400  1         0.00000  0
 1.025  0.425  1         0.00000  0
 1.025  0.450  1         0.00000  0
 1.025  0.475  1         0.00000  0
 1.025  0.500  1         0.00000  0
 1.025  0.525  1         0.00000  0
 1.025  0.550  1         0.00000  0
 1.025  0.575  1         0.00000  0
 1.025  0.600  1         0.00000  0
 1.050 -0.075 -1         0.00000  0
 1.050 -0.050 -1         0.00000  0
 1.050 -0.025  1         0.00000  0
 1.050  0.000  1         0.00000  0
 1.050  0.025  1         0.00000  0
 1.050  0.050  1         0.00000  0
 1.050  0.075  1         0.00000  0
 1.050  0.100  1         0.00000  0
 1.050  0.125  1         0.00000  0
 1.050  0.150  1         0.00000  0
 1.050  0.175  1         0.00000  0
 1.050  0.200  1         0.00000  0
 1.050  0.225  1         0.00000  0
 1.050  0.250  1         0.00000  0
 1.050  0.275  1         0.00000  0
 1.050  0.300  1         0.00000  0
 1.050  0.325  1         0.00000  0
 1.050  0.350  1         0.00000  0
 1.050  0.375  1         0.00000  0
 1.050  0.400  1         0.00000  0
 1.050  0.425  1         0.00000  0
 1.050  0.450  1         0.00000  0
 1.050  0.475  1         0.00000  0
 1.050  0.500  1         0.00000  0
 1.050  0.525  1         0.00000  0
 1.050  0.550  1         0.00000  0
 1.050  0.575  1         0.00000  0
 1.050  0.600  1         0.00000  0
 1.075 -0.075 -1         0.00000  0
 1.075 -0.050 -1         0.00000  0
 1.075 -0.025 -1         0.00000  0
 1.075  0.000 -1         0.00000  0
 1.075  0.025 -1         0.00000  0
 1.075  0.050 -1         0.00000  0
 1.075  0.075 -1         0.00000  0
 1.075  0.100 -1         0.00000  0
 1.075  0.125 -1         0.00000  0
 1.075  0.150 -1         0.00000  0
 1.075  0.175 -1         0.00000  0
 1.075  0.200 -1         0.00000  0
 1.075  0.225 -1         0.00000  0
 1.075  0.250 -1         0.00000  0
 1.075  0.275 -1         0.00000  0
 1.075  0.300 -1         0.00000  0
 1.075  0.325 -1         0.00000  0
 1.075  0.350 -1         0.00000  0
 1.075  0.375 -1         0.00000  0
 1.075  0.400 -1         0.00000  0
 1.075  0.425 -1         0.00000  0
 1.075  0.450 -1         0.00000  0
 1.075  0.475 -1         0.00000  0
 1.075  0.500 -1         0.00000  0
 1.075  0.525 -1         0.00000  0
 1.075  0.550 -1         0.00000  0
 1.075  0.575  1         0.00000  0
 1.075  0.600  1         0.00000  0
 1.100 -0.075 -1         0.00000  0
 1.100 -0.050 -1         0.00000  0
 1.100 -0.025 -1         0.00000  0
 1.100  0.000 -1         0.00000  0
 1.100  0.025 -1         0.00000  0
 1.100  0.050 -1         0.00000  0
 1.100  0.075 -1         0.00000  0
 1.100  0.100 -1         0.00000  0
 1.100  0.125 -1         0.00000  0
 1.100  0.150 -1         0.00000  0
 1.100  0.175 -1         0.00000  0
 1.100  0.200 -1         0.00000  0
 1.100  0.225 -1         0.00000  0
 1.100  0.250 -1         0.00000  0
 1.100  0.275 -1         0.00000  0
 1.100  0.300 -1         0.00000  0
 1.100  0.325 -1         0.00000  0
 1.100  0.350 -1         0.00000  0
 1.100  0.375 -1         0.00000  0
 1.100  0.400 -1         0.00000  0
 1.100  0.425 -1         0.00000  0
 1.100  0.450 -1         0.00000  0
 1.100  0.475 -1         0.00000  0
 1.100  0.500 -1         0.00000  0
 1.100  0.525 -1         0.00000  0
 1.100  0.550 -1         0.00000  0
 1.100  0.575  1         0.00000  0
 1.100  0.600  1         0.00000  0
