-0.075 -0.075 -1         0.00000  0
-0.075 -0.050 -1         0.00000  0
-0.075 -0.025 -1         0.00000  0
-0.075  0.000 -1         0.00000  0
-0.075  0.025 -1         0.00000  0
-0.075  0.050 -1         0.00000  0
-0.075  0.075 -1         0.00000  0
-0.075  0.100 -1         0.00000  0
-0.075  0.125 -1         0.00000  0
-0.075  0.150 -1         0.00000  0
-0.075  0.175 -1         0.00000  0
-0.075  0.200 -1         0.00000  0
-0.075  0.225 -1         0.00000  0
-0.075  0.250 -1         0.00000  0
-0.075  0.275 -1         0.00000  0
-0.075  0.300 -1         0.00000  0
-0.075  0.325 -1         0.00000  0
-0.075  0.350 -1         0.00000  0
-0.075  0.375 -1         0.00000  0
-0.075  0.400 -1         0.00000  0
-0.075  0.425 -1         0.00000  0
-0.075  0.450 -1         0.00000  0
-0.075  0.475 -1         0.00000  0
-0.075  0.500 -1         0.00000  0
-0.075  0.525 -1         0.00000  0
-0.075  0.550 -1         0.00000  0
-0.075  0.575  1         0.00000  0
-0.075  0.600  1         0.00000  0
-0.050 -0.075 -1         0.00000  0
-0.050 -0.050 -1         0.00000  0
-0.050 -0.025 -1         0.00000  0
-0.050  0.000 -1         0.00000  0
-0.050  0.025 -1         0.00000  0
-0.050  0.050 -1         0.00000  0
-0.050  0.075 -1         0.00000  0
-0.050  0.100 -1         0.00000  0
-0.050  0.125 -1         0.00000  0
-0.050  0.150 -1         0.00000  0
-0.050  0.175 -1         0.00000  0
-0.050  0.200 -1         0.00000  0
-0.050  0.225 -1         0.00000  0
-0.050  0.250 -1         0.00000  0
-0.050  0.275 -1         0.00000  0
-0.050  0.300 -1         0.00000  0
-0.050  0.325 -1         0.00000  0
-0.050  0.350 -1         0.00000  0
-0.050  0.375 -1         0.00000  0
-0.050  0.400 -1         0.00000  0
-0.050  0.425 -1         0.00000  0
-0.050  0.450 -1         0.00000  0
-0.050  0.475 -1         0.00000  0
-0.050  0.500 -1         0.00000  0
-0.050  0.525 -1         0.00000  0
-0.050  0.550 -1         0.00000  0
-0.050  0.575  1         0.00000  0
-0.050  0.600  1         0.00000  0
-0.025 -0.075 -1         0.00000  0
-0.025 -0.050 -1         0.00000  0
-0.025 -0.025  1         0.00000  0
-0.025  0.000  1         0.00000  0
-0.025  0.025  1         0.00000  0
-0.025  0.050  1         0.00000  0
-0.025  0.075  1         0.00000  0
-0.025  0.100  1         0.00000  0
-0.025  0.125  1         0.00000  0
-0.025  0.150  1         0.00000  0
-0.025  0.175  1         0.00000  0
-0.025  0.200  1         0.00000  0
-0.025  0.225  1         0.00000  0
-0.025  0.250  1         0.00000  0
-0.025  0.275  1         0.00000  0
-0.025  0.300  1         0.00000  0
-0.025  0.325  1         0.00000  0
-0.025  0.350  1         0.00000  0
-0.025  0.375  1         0.00000  0
-0.025  0.400  1         0.00000  0
-0.025  0.425  1         0.00000  0
-0.025  0.450  1         0.00000  0
-0.025  0.475  1         0.00000  0
-0.025  0.500  1         0.00000  0
-0.025  0.525  1         0.00000  0
-0.025  0.550  1         0.00000  0
-0.025  0.575  1         0.00000  0
-0.025  0.600  1         0.00000  0
 0.000 -0.075 -1         0.00000  0
 0.000 -0.050 -1         0.00000  0
 0.000 -0.025  1         0.00000  0
 0.000  0.000  1         0.00000  0
 0.000  0.025  1         0.00000  0
 0.000  0.050  1         0.00000  0
 0.000  0.075  1         0.00000  0
 0.000  0.100  1         0.00000  0
 0.000  0.125  1         0.00000  0
 0.000  0.150  1         0.00000  0
 0.000  0.175  1         0.00000  0
 0.000  0.200  1         0.00000  0
 0.000  0.225  1         0.00000  0
 0.000  0.250  1         0.00000  0
 0.000  0.275  1         0.00000  0
 0.000  0.300  1         0.00000  0
 0.000  0.325  1         0.00000  0
 0.000  0.350  1         0.00000  0
 0.000  0.375  1         0.00000  0
 0.000  0.400  1         0.00000  0
 0.000  0.425  1         0.00000  0
 0.000  0.450  1         0.00000  0
 0.000  0.475  1         0.00000  0
 0.000  0.500  1         0.00000  0
 0.000  0.525  1         0.00000  0
 0.000  0.550  1         0.00000  0
 0.000  0.575  1         0.00000  0
 0.000  0.600  1         0.00000  0
 0.025 -0.075 -1         0.00000  0
 0.025 -0.050 -1         0.00000  0
 0.025 -0.025  1         0.00000  0
 0.025  0.000  1         0.00000  0
 0.106  0.067  0         0.00000  0
 0.352  0.250  0         0.00000  0
 0.202  0.059  0         0.00000  0
 0.533  0.016  0         0.00000  0
 0.019  0.042  0       177.71832  0
 0.205  0.591  0         0.00000  0
 0.034  0.024  0       424.59539  0
 0.352  0.155  0         0.00000  0
 0.209  0.071  0         0.00000  0
 0.236  0.077  0         0.00000  0
 0.275  0.123  0         0.00000  0
 0.048  0.068  0         0.00000  0
 0.059  0.023  0         0.00000  0
 0.050  0.046  0         0.00000  0
 0.085  0.137  0         0.00000  0
 0.187  0.089  0         0.00000  1
 0.196  0.094  0         0.00000  1
 0.307  0.108  0      1984.87192  1
 0.297  0.107  0         0.00000  1
 0.032  0.074  0         0.00000  0
 0.050 -0.075 -1         0.00000  0
 0.050 -0.050 -1         0.00000  0
 0.050 -0.025  1         0.00000  0
 0.050  0.000  1      1315.46387  0
 0.310  0.038  0         0.00000  0
 0.439  0.272  0         0.00000  0
 0.538  0.061  0         0.00000  0
-0.207 -1.161  0         0.00000  0
 0.353  0.128  0         0.00000  1
 0.365  0.208  0         0.00000  0
 0.471  0.313  0         0.00000  0
 1.811  2.260  0         0.00000  0
 0.256  0.076  0         0.00000  0
 0.282  0.026  0         0.00000  0
 0.344  0.131  0         0.00000  1
 0.129  0.401  0         0.00000  0
 0.058  0.095  0         0.00000  0
 0.540  0.186  0         0.00000  0
 0.101  0.094  0         0.00000  0
 0.082  0.028  0         0.00000  0
 0.327  0.224  0         0.00000  0
 0.165  0.065  0         0.00000  0
 0.321  0.093  0         0.00000  0
 0.293  0.186  0         0.00000  1
 0.075 -0.075 -1         0.00000  0
 0.075 -0.050 -1         0.00000  0
 0.075 -0.025  1         0.00000  0
 0.075  0.000  1         0.00000  0
 0.474  0.035  0         0.00000  0
 0.338  0.046  0         0.00000  0
 0.705  0.086  0         0.00000  0
 0.474  0.043  0         0.00000  0
 0.631  0.034  0         0.00000  0
 0.580  0.041  0         0.00000  0
 1.751  4.616  0         0.00000  0
 0.757  0.176  0         0.00000  0
 0.564  0.039  0         0.00000  0
 0.484  0.355  0         0.00000  0
 0.584  0.084  0         0.00000  0
 0.347  0.088  0         0.00000  0
 0.705  0.044  0         0.00000  0
 0.108  0.537  0         0.00000  0
 0.338  0.059  0         0.00000  0
 0.380  0.266  0         0.00000  0
 0.488  0.140  0         0.00000  0
 0.386  0.087  0         0.00000  0
 0.761  0.038  0         0.00000  0
 0.295  0.194  0         0.00000  1
 0.100 -0.075 -1         0.00000  0
 0.100 -0.050 -1         0.00000  0
 0.100 -0.025  1         0.00000  0
 0.100  0.000  1         0.00000  0
 0.873  0.022  0         0.00000  0
 0.869  0.163  0         0.00000  0
 0.819  0.025  0         0.00000  0
 0.787  0.116  0         0.00000  0
 0.837  0.047  0         0.00000  0
 0.792  0.199  0         0.00000  0
 0.823  0.591  0         0.00000  0
 0.905  0.114  0         0.00000  0
 0.836  0.214  0         0.00000  0
-0.545 -0.506  0         0.00000  0
 0.870  0.095  0         0.00000  0
 0.732  0.044  0         0.00000  0
 0.753  0.019  0         0.00000  0
 0.828  0.159  0         0.00000  0
 0.790  0.134  0      2696.55781  0
****** -5.793  0         0.00000  0
-1.799 -3.130  0         0.00000  0
-1.011 -2.285  0         0.00000  0
 1.441 -4.409  0         0.00000  0
 6.307  0.903  0         0.00000  0
 0.125 -0.075 -1         0.00000  0
 0.125 -0.050 -1         0.00000  0
 0.125 -0.025  1         0.00000  0
 0.125  0.000  1         0.00000  0
 0.821  0.088  0         0.00000  1
 0.914  0.132  0         0.00000  0
 0.939  0.019  0      2659.96771  0
 0.854  0.057  0         0.00000  0
 0.828  0.264  0         0.00000  1
 0.948  0.099  0         0.00000  0
 0.977  0.027  0      1627.86891  0
 0.953  0.039  0       114.44256  0
 0.788  0.159  0      8768.55053  1
 0.920  0.036  0         0.00000  0
 0.898  0.052  0       543.94060  0
 0.603  0.111  0         0.00000  0
 0.815  0.043  0         0.00000  0
 0.881  0.072  0         0.00000  0
 0.626  0.114  0         0.00000  0
-0.063  0.744  0         0.00000  0
 0.670  0.077  0         0.00000  0
 0.612  0.045  0         0.00000  0
 0.843  0.023  0      3076.80144  0
-2.283  1.639  0         0.00000  0
 0.150 -0.075 -1         0.00000  0
 0.150 -0.050 -1         0.00000  0
 0.150 -0.025  1         0.00000  0
 0.150  0.000  1         0.00000  0
 0.987  0.143  0         0.00000  0
 0.829  0.083  0         0.00000  1
 0.969  0.078  0         0.00000  0
 0.892  0.148  0         0.00000  0
 0.528  0.514  0         0.00000  0
 0.843  0.200  0         0.00000  0
 0.972  0.053  0         0.00000  0
 0.932  0.059  0       584.59846  0
 0.914  0.187  0         0.00000  1
 0.872  0.118  0      1834.75763  0
 0.901  0.091  0       399.22493  0
-6.579 -5.787  0         0.00000  0
 0.858  0.120  0         0.00000  0
 0.879  0.049  0       788.32453  0
 0.807  0.670  0         0.00000  0
 0.731  0.235  0         0.00000  0
-5.967 ******  0         0.00000  0
 2.484 -1.720  0         0.00000  0
 0.805  0.107  0         0.00000  0
 0.840  0.147  0         0.00000  0
 0.175 -0.075 -1         0.00000  0
 0.175 -0.050 -1         0.00000  0
 0.175 -0.025  1         0.00000  0
 0.175  0.000  1         0.00000  0
 0.950  0.171  0         0.00000  0
 1.006  0.105  0         0.00000  0
 1.275  0.925  0         0.00000  0
******  8.688  0         0.00000  0
 0.608  0.094  0         0.00000  0
 0.951  0.292  0         0.00000  0
 0.699  0.312  0         0.00000  0
 0.954  0.154  0         0.00000  0
 0.948  0.072  0      1445.23113  0
 0.771  0.269  0         0.00000  0
 0.878  0.236  0         0.00000  0
 0.914  0.200  0         0.00000  1
 0.982  0.161  0         0.00000  0
 0.897  0.188  0         0.00000  0
15.425  6.118  0         0.00000  0
 0.848  0.229  0      5659.54794  0
 0.958  0.132  0        93.40570  0
 0.875  0.196  0         0.00000  0
 0.899  0.025  0         0.00000  0
 0.854  0.151  0      3949.26544  0
 0.200 -0.075 -1         0.00000  0
 0.200 -0.050 -1         0.00000  0
 0.200 -0.025  1         0.00000  0
 0.200  0.000  1         0.00000  0
 0.728  0.275  0         0.00000  0
 0.998  0.063  0         0.00000  0
 0.928  0.282  0         0.00000  0
 0.827  0.332  0         0.00000  0
 0.651  1.066  0         0.00000  0
 0.993  0.030  0         0.00000  0
 0.550  0.071  0         0.00000  0
 0.948  0.218  0         0.00000  0
 8.666  5.832  0         0.00000  0
 0.646  0.991  0         0.00000  0
 0.961  0.267  0         0.00000  0
 0.916  0.078  0       631.20934  0
 0.981  0.114  0         0.00000  0
 0.939  0.131  0         0.00000  0
 0.611  0.076  0         0.00000  0
 0.979  0.215  0         0.00000  0
 0.998  0.169  0         0.00000  0
 0.874  0.219  0      1582.42473  0
 0.816  0.266  0         0.00000  1
 0.755  0.221  0         0.00000  0
 0.225 -0.075 -1         0.00000  0
 0.225 -0.050 -1         0.00000  0
 0.225 -0.025  1         0.00000  0
 0.225  0.000  1         0.00000  0
 1.003  0.265  0         0.00000  0
 0.622  0.173  0         0.00000  0
 0.560  0.651  0         0.00000  0
 0.665  0.420  0         0.00000  0
 0.922  0.255  0         0.00000  0
 0.887  0.306  0         0.00000  0
 0.928  0.569  0         0.00000  0
 0.995  0.213  0         0.00000  0
 1.213  0.940  0         0.00000  0
 0.958  0.225  0         0.00000  0
 0.599  0.041  0      3904.98780  0
 0.511  0.153  0         0.00000  0
 0.981  0.233  0         0.00000  0
 0.814  0.293  0         0.00000  0
 0.427  0.285  0         0.00000  0
 0.750  0.256  0         0.00000  0
 0.927  0.105  0      1574.44057  0
 0.676  0.117  0         0.00000  0
 0.798  0.231  0         0.00000  0
 0.769  0.133  0         0.00000  0
 0.250 -0.075 -1         0.00000  0
 0.250 -0.050 -1         0.00000  0
 0.250 -0.025  1         0.00000  0
 0.250  0.000  1         0.00000  0
 0.814  0.885  0         0.00000  0
 0.882  0.981  0         0.00000  0
 0.742  0.499  0         0.00000  0
 0.641  0.014  0         0.00000  0
 0.981  0.098  0         0.00000  0
 0.638  0.649  0         0.00000  0
 0.717  0.036  0         0.00000  0
 0.835  0.967  0         0.00000  0
 0.644  0.273  0         0.00000  0
 0.703  0.364  0         0.00000  0
 0.657  0.173  0         0.00000  0
 0.859  0.242  0         0.00000  0
 1.131  0.634  0         0.00000  0
 0.933  0.319  0         0.00000  0
 0.924  0.305  0         0.00000  0
 0.783  0.060  0         0.00000  0
 0.776  0.330  0         0.00000  0
 0.775  0.155  0     14459.68351  1
 0.818  0.333  0         0.00000  0
 0.789  0.234  0         0.00000  0
 0.275 -0.075 -1         0.00000  0
 0.275 -0.050 -1         0.00000  0
 0.275 -0.025  1         0.00000  0
 0.275  0.000  1         0.00000  0
 0.300 -0.075 -1         0.00000  0
 0.300 -0.050 -1         0.00000  0
 0.300 -0.025  1         0.00000  0
 0.300  0.000  1         0.00000  0
 0.325 -0.075 -1         0.00000  0
 0.325 -0.050 -1         0.00000  0
 0.325 -0.025  1         0.00000  0
 0.325  0.000  1         0.00000  0
 0.350 -0.075 -1         0.00000  0
 0.350 -0.050 -1         0.00000  0
 0.350 -0.025  1         0.00000  0
 0.350  0.000  1         0.00000  0
 0.375 -0.075 -1         0.00000  0
 0.375 -0.050 -1         0.00000  0
 0.375 -0.025  1         0.00000  0
 0.375  0.000  1         0.00000  0
 0.400 -0.075 -1         0.00000  0
 0.400 -0.050 -1         0.00000  0
 0.400 -0.025  1         0.00000  0
 0.400  0.000  1         0.00000  0
 0.425 -0.075 -1         0.00000  0
 0.425 -0.050 -1         0.00000  0
 0.425 -0.025  1         0.00000  0
 0.425  0.000  1         0.00000  0
 0.450 -0.075 -1         0.00000  0
 0.450 -0.050 -1         0.00000  0
 0.450 -0.025  1         0.00000  0
 0.450  0.000  1         0.00000  0
 0.475 -0.075 -1         0.00000  0
 0.475 -0.050 -1         0.00000  0
 0.475 -0.025  1         0.00000  0
 0.475  0.000  1         0.00000  0
 0.500 -0.075 -1         0.00000  0
 0.500 -0.050 -1         0.00000  0
 0.500 -0.025  1         0.00000  0
 0.500  0.000  1         0.00000  0
 0.525 -0.075 -1         0.00000  0
 0.525 -0.050 -1         0.00000  0
 0.525 -0.025  1         0.00000  0
 0.525  0.000  1         0.00000  0
 0.550 -0.075 -1         0.00000  0
 0.550 -0.050 -1         0.00000  0
 0.550 -0.025  1         0.00000  0
 0.550  0.000  1         0.00000  0
 0.575 -0.075 -1         0.00000  0
 0.575 -0.050 -1         0.00000  0
 0.575 -0.025  1         0.00000  0
 0.575  0.000  1         0.00000  0
 0.600 -0.075 -1         0.00000  0
 0.600 -0.050 -1         0.00000  0
 0.600 -0.025  1         0.00000  0
 0.600  0.000  1         0.00000  0
 0.625 -0.075 -1         0.00000  0
 0.625 -0.050 -1         0.00000  0
 0.625 -0.025  1         0.00000  0
 0.625  0.000  1       325.76515  0
 0.650 -0.075 -1         0.00000  0
 0.650 -0.050 -1         0.00000  0
 0.650 -0.025  1         0.00000  0
 0.650  0.000  1      3830.56341  0
 0.675 -0.075 -1         0.00000  0
 0.675 -0.050 -1         0.00000  0
 0.675 -0.025  1         0.00000  0
 0.675  0.000  1         0.00000  0
 0.700 -0.075 -1         0.00000  0
 0.700 -0.050 -1         0.00000  0
 0.700 -0.025  1         0.00000  0
 0.700  0.000  1         0.00000  0
 0.725 -0.075 -1         0.00000  0
 0.725 -0.050 -1         0.00000  0
 0.725 -0.025  1         0.00000  0
 0.725  0.000  1         0.00000  0
 0.750 -0.075 -1         0.00000  0
 0.750 -0.050 -1         0.00000  0
 0.750 -0.025  1         0.00000  0
 0.750  0.000  1       987.07123  0
 0.775 -0.075 -1         0.00000  0
 0.775 -0.050 -1         0.00000  0
 0.775 -0.025  1         0.00000  0
 0.775  0.000  1         0.00000  0
 0.800 -0.075 -1         0.00000  0
 0.800 -0.050 -1         0.00000  0
 0.800 -0.025  1         0.00000  0
 0.800  0.000  1         0.00000  0
 0.825 -0.075 -1         0.00000  0
 0.825 -0.050 -1         0.00000  0
 0.825 -0.025  1         0.00000  0
 0.825  0.000  1         0.00000  0
 0.850 -0.075 -1         0.00000  0
 0.850 -0.050 -1         0.00000  0
 0.850 -0.025  1         0.00000  0
 0.850  0.000  1      1574.00624  0
 0.875 -0.075 -1         0.00000  0
 0.875 -0.050 -1         0.00000  0
 0.875 -0.025  1         0.00000  0
 0.875  0.000  1      1717.68768  0
 0.900 -0.075 -1         0.00000  0
 0.900 -0.050 -1         0.00000  0
 0.900 -0.025  1         0.00000  0
 0.900  0.000  1         0.00000  0
 0.925 -0.075 -1         0.00000  0
 0.925 -0.050 -1         0.00000  0
 0.925 -0.025  1         0.00000  0
 0.925  0.000  1      1338.71489  0
 0.950 -0.075 -1         0.00000  0
 0.950 -0.050 -1         0.00000  0
 0.950 -0.025  1         0.00000  0
 0.950  0.000  1      2067.85666  0
 0.975 -0.075 -1         0.00000  0
 0.975 -0.050 -1         0.00000  0
 0.975 -0.025  1         0.00000  0
 0.975  0.000  1         0.00000  0
 1.000 -0.075 -1         0.00000  0
 1.000 -0.050 -1         0.00000  0
 1.000 -0.025  1         0.00000  0
 1.000  0.000  1         0.00000  0
 1.025 -0.075 -1         0.00000  0
 1.025 -0.050 -1         0.00000  0
 1.025 -0.025  1         0.00000  0
 1.025  0.000  1         0.00000  0
 1.025  0.025  1         0.00000  0
 1.025  0.050  1         0.00000  0
 1.025  0.075  1         0.00000  0
 1.025  0.100  1        35.37714  0
 1.025  0.125  1         0.00000  0
 1.025  0.150  1         0.00000  0
 1.025  0.175  1         0.00000  0
 1.025  0.200  1         0.00000  0
 1.025  0.225  1         0.00000  0
 1.025  0.250  1         0.00000  0
 1.025  0.275  1         0.00000  0
 1.025  0.300  1         0.00000  0
 1.025  0.325  1         0.00000  0
 1.025  0.350  1         0.00000  0
 1.025  0.375  1         0.00000  0
 1.025  0.400  1         0.00000  0
 1.025  0.425  1         0.00000  0
 1.025  0.450  1         0.00000  0
 1.025  0.475  1         0.00000  0
 1.025  0.500  1         0.00000  0
 1.025  0.525  1         0.00000  0
 1.025  0.550  1         0.00000  0
 1.025  0.575  1         0.00000  0
 1.025  0.600  1         0.00000  0
 1.050 -0.075 -1         0.00000  0
 1.050 -0.050 -1         0.00000  0
 1.050 -0.025  1         0.00000  0
 1.050  0.000  1         0.00000  0
 1.050  0.025  1         0.00000  0
 1.050  0.050  1         0.00000  0
 1.050  0.075  1         0.00000  0
 1.050  0.100  1         0.00000  0
 1.050  0.125  1         0.00000  0
 1.050  0.150  1         0.00000  0
 1.050  0.175  1         0.00000  0
 1.050  0.200  1         0.00000  0
 1.050  0.225  1         0.00000  0
 1.050  0.250  1         0.00000  0
 1.050  0.275  1         0.00000  0
 1.050  0.300  1         0.00000  0
 1.050  0.325  1         0.00000  0
 1.050  0.350  1         0.00000  0
 1.050  0.375  1         0.00000  0
 1.050  0.400  1         0.00000  0
 1.050  0.425  1         0.00000  0
 1.050  0.450  1         0.00000  0
 1.050  0.475  1         0.00000  0
 1.050  0.500  1         0.00000  0
 1.050  0.525  1         0.00000  0
 1.050  0.550  1         0.00000  0
 1.050  0.575  1         0.00000  0
 1.050  0.600  1         0.00000  0
 1.075 -0.075 -1         0.00000  0
 1.075 -0.050 -1         0.00000  0
 1.075 -0.025 -1         0.00000  0
 1.075  0.000 -1         0.00000  0
 1.075  0.025 -1         0.00000  0
 1.075  0.050 -1         0.00000  0
 1.075  0.075 -1         0.00000  0
 1.075  0.100 -1         0.00000  0
 1.075  0.125 -1         0.00000  0
 1.075  0.150 -1         0.00000  0
 1.075  0.175 -1         0.00000  0
 1.075  0.200 -1         0.00000  0
 1.075  0.225 -1         0.00000  0
 1.075  0.250 -1         0.00000  0
 1.075  0.275 -1         0.00000  0
 1.075  0.300 -1         0.00000  0
 1.075  0.325 -1         0.00000  0
 1.075  0.350 -1         0.00000  0
 1.075  0.375 -1         0.00000  0
 1.075  0.400 -1         0.00000  0
 1.075  0.425 -1         0.00000  0
 1.075  0.450 -1         0.00000  0
 1.075  0.475 -1         0.00000  0
 1.075  0.500 -1         0.00000  0
 1.075  0.525 -1         0.00000  0
 1.075  0.550 -1         0.00000  0
 1.075  0.575  1         0.00000  0
 1.075  0.600  1         0.00000  0
 1.100 -0.075 -1         0.00000  0
 1.100 -0.050 -1         0.00000  0
 1.100 -0.025 -1         0.00000  0
 1.100  0.000 -1         0.00000  0
 1.100  0.025 -1         0.00000  0
 1.100  0.050 -1         0.00000  0
 1.100  0.075 -1         0.00000  0
 1.100  0.100 -1         0.00000  0
 1.100  0.125 -1         0.00000  0
 1.100  0.150 -1         0.00000  0
 1.100  0.175 -1         0.00000  0
 1.100  0.200 -1         0.00000  0
 1.100  0.225 -1         0.00000  0
 1.100  0.250 -1         0.00000  0
 1.100  0.275 -1         0.00000  0
 1.100  0.300 -1         0.00000  0
 1.100  0.325 -1         0.00000  0
 1.100  0.350 -1         0.00000  0
 1.100  0.375 -1         0.00000  0
 1.100  0.400 -1         0.00000  0
 1.100  0.425 -1         0.00000  0
 1.100  0.450 -1         0.00000  0
 1.100  0.475 -1         0.00000  0
 1.100  0.500 -1         0.00000  0
 1.100  0.525 -1         0.00000  0
 1.100  0.550 -1         0.00000  0
 1.100  0.575  1         0.00000  0
 1.100  0.600  1         0.00000  0
