-0.060 -0.060 -1         0.00000  0
-0.060 -0.040 -1         0.00000  0
-0.060 -0.020 -1         0.00000  0
-0.060  0.000 -1         0.00000  0
-0.060  0.020 -1         0.00000  0
-0.060  0.040 -1         0.00000  0
-0.060  0.060 -1         0.00000  0
-0.060  0.080 -1         0.00000  0
-0.060  0.100 -1         0.00000  0
-0.060  0.120 -1         0.00000  0
-0.060  0.140 -1         0.00000  0
-0.060  0.160 -1         0.00000  0
-0.060  0.180 -1         0.00000  0
-0.060  0.200 -1         0.00000  0
-0.060  0.220 -1         0.00000  0
-0.060  0.240 -1         0.00000  0
-0.060  0.260 -1         0.00000  0
-0.060  0.280 -1         0.00000  0
-0.060  0.300 -1         0.00000  0
-0.060  0.320 -1         0.00000  0
-0.060  0.340 -1         0.00000  0
-0.060  0.360 -1         0.00000  0
-0.060  0.380 -1         0.00000  0
-0.060  0.400 -1         0.00000  0
-0.060  0.420 -1         0.00000  0
-0.060  0.440 -1         0.00000  0
-0.060  0.460 -1         0.00000  0
-0.060  0.480 -1         0.00000  0
-0.060  0.500 -1         0.00000  0
-0.060  0.520 -1         0.00000  0
-0.060  0.540 -1         0.00000  0
-0.060  0.560 -1         0.00000  0
-0.060  0.580  1         0.00000  0
-0.060  0.600  1         0.00000  0
-0.040 -0.060 -1         0.00000  0
-0.040 -0.040 -1         0.00000  0
-0.040 -0.020 -1         0.00000  0
-0.040  0.000 -1         0.00000  0
-0.040  0.020 -1         0.00000  0
-0.040  0.040 -1         0.00000  0
-0.040  0.060 -1         0.00000  0
-0.040  0.080 -1         0.00000  0
-0.040  0.100 -1         0.00000  0
-0.040  0.120 -1         0.00000  0
-0.040  0.140 -1         0.00000  0
-0.040  0.160 -1         0.00000  0
-0.040  0.180 -1         0.00000  0
-0.040  0.200 -1         0.00000  0
-0.040  0.220 -1         0.00000  0
-0.040  0.240 -1         0.00000  0
-0.040  0.260 -1         0.00000  0
-0.040  0.280 -1         0.00000  0
-0.040  0.300 -1         0.00000  0
-0.040  0.320 -1         0.00000  0
-0.040  0.340 -1         0.00000  0
-0.040  0.360 -1         0.00000  0
-0.040  0.380 -1         0.00000  0
-0.040  0.400 -1         0.00000  0
-0.040  0.420 -1         0.00000  0
-0.040  0.440 -1         0.00000  0
-0.040  0.460 -1         0.00000  0
-0.040  0.480 -1         0.00000  0
-0.040  0.500 -1         0.00000  0
-0.040  0.520 -1         0.00000  0
-0.040  0.540 -1         0.00000  0
-0.040  0.560 -1         0.00000  0
-0.040  0.580  1         0.00000  0
-0.040  0.600  1         0.00000  0
-0.020 -0.060 -1         0.00000  0
-0.020 -0.040 -1         0.00000  0
-0.020 -0.020  1         0.00000  0
-0.020  0.000  1         0.00000  0
-0.020  0.020  1         0.00000  0
-0.020  0.040  1         0.00000  0
-0.020  0.060  1         0.00000  0
-0.020  0.080  1         0.00000  0
-0.020  0.100  1         0.00000  0
-0.020  0.120  1         0.00000  0
-0.020  0.140  1         0.00000  0
-0.020  0.160  1         0.00000  0
-0.020  0.180  1         0.00000  0
-0.020  0.200  1         0.00000  0
-0.020  0.220  1         0.00000  0
-0.020  0.240  1         0.00000  0
-0.020  0.260  1         0.00000  0
-0.020  0.280  1         0.00000  0
-0.020  0.300  1         0.00000  0
-0.020  0.320  1         0.00000  0
-0.020  0.340  1         0.00000  0
-0.020  0.360  1         0.00000  0
-0.020  0.380  1         0.00000  0
-0.020  0.400  1         0.00000  0
-0.020  0.420  1         0.00000  0
-0.020  0.440  1         0.00000  0
-0.020  0.460  1         0.00000  0
-0.020  0.480  1         0.00000  0
-0.020  0.500  1         0.00000  0
-0.020  0.520  1         0.00000  0
-0.020  0.540  1         0.00000  0
-0.020  0.560  1         0.00000  0
-0.020  0.580  1         0.00000  0
-0.020  0.600  1         0.00000  0
 0.000 -0.060 -1         0.00000  0
 0.000 -0.040 -1         0.00000  0
 0.000 -0.020  1         0.00000  0
 0.000  0.000  1         0.00000  0
 0.000  0.020  1         0.00000  0
 0.000  0.040  1         0.00000  0
 0.000  0.060  1         0.00000  0
 0.000  0.080  1         0.00000  0
 0.000  0.100  1         0.00000  0
 0.000  0.120  1         0.00000  0
 0.000  0.140  1         0.00000  0
 0.000  0.160  1         0.00000  0
 0.000  0.180  1         0.00000  0
 0.000  0.200  1         0.00000  0
 0.000  0.220  1         0.00000  0
 0.000  0.240  1         0.00000  0
 0.000  0.260  1         0.00000  0
 0.000  0.280  1         0.00000  0
 0.000  0.300  1         0.00000  0
 0.000  0.320  1         0.00000  0
 0.000  0.340  1         0.00000  0
 0.000  0.360  1         0.00000  0
 0.000  0.380  1         0.00000  0
 0.000  0.400  1         0.00000  0
 0.000  0.420  1         0.00000  0
 0.000  0.440  1         0.00000  0
 0.000  0.460  1         0.00000  0
 0.000  0.480  1         0.00000  0
 0.000  0.500  1         0.00000  0
 0.000  0.520  1         0.00000  0
 0.000  0.540  1         0.00000  0
 0.000  0.560  1         0.00000  0
 0.000  0.580  1         0.00000  0
 0.000  0.600  1         0.00000  0
 0.020 -0.060 -1         0.00000  0
 0.020 -0.040 -1         0.00000  0
 0.020 -0.020  1         0.00000  0
 0.020  0.000  1         0.00000  0
 0.373  0.022  0         0.00000  0
 0.163  0.033  0         0.00000  0
 0.189  0.093  0         0.00000  0
 0.520  0.045  0      2324.23628  0
 0.109  0.079  0         0.00000  0
 0.091  0.059  0         0.00000  0
 0.414  0.085  0       648.30706  0
 0.732  0.082  0         0.00000  0
 0.423  0.019  0      1330.25310  0
 0.047  0.018  0      1013.39975  0
 0.094  0.111  0         0.00000  0
 0.415  0.057  0       995.09452  0
 0.068  0.071  0         0.00000  0
 0.124  0.091  0         0.00000  0
 0.089  0.085  0         0.00000  0
 0.523  0.061  0      1008.70290  0
 0.398  0.101  0         0.00000  0
 0.022  0.040  0       183.31463  0
 0.103  0.050  0         0.00000  0
 0.019  0.019  0         0.00000  0
 0.134  0.021  0       121.32314  0
 0.156  0.073  0         0.00000  0
 0.118  0.021  0         5.60911  0
 0.260  0.045  0         0.00000  0
 0.373  0.067  0         0.00000  0
 0.040 -0.060 -1         0.00000  0
 0.040 -0.040 -1         0.00000  0
 0.040 -0.020  1         0.00000  0
 0.040  0.000  1         0.00000  0
 0.301  0.018  0      1073.73439  0
 0.394  0.116  0         0.00000  0
 0.446  0.075  0       988.15443  0
 0.433  0.047  0      1280.11668  0
 0.028  0.107  0         0.00000  0
 0.323  0.115  0         0.00000  0
 0.383  0.046  0      1478.08455  0
 0.359  0.058  0         0.00000  0
 0.505  0.059  0       245.86296  0
 0.215  0.033  0         0.00000  0
 0.285  0.095  0         0.00000  0
 0.134  0.057  0       559.38696  0
 0.812  0.153  0         0.00000  0
 0.364  0.083  0         0.00000  0
 0.438  0.022  0         0.00000  0
 0.314  0.041  0         0.00000  0
 0.460  0.070  0       108.11233  0
 0.210  0.017  0       310.99004  0
 0.281  0.022  0         0.00000  0
 0.037  0.087  0         0.00000  0
 0.258  0.059  0         0.00000  0
 0.242  0.082  0         0.00000  0
 0.233  0.066  0         0.00000  0
 0.044  0.057  0         0.00000  0
 0.241  0.033  0         0.00000  0
 0.060 -0.060 -1         0.00000  0
 0.060 -0.040 -1         0.00000  0
 0.060 -0.020  1         0.00000  0
 0.060  0.000  1       700.82038  0
 0.345  0.096  0         0.00000  0
 0.243  0.018  0         0.00000  0
 0.317  0.022  0         0.00000  0
 0.485  0.068  0       889.44007  0
 0.485  0.020  0         0.00000  0
 0.713  0.032  0      1905.29003  0
 0.651  0.021  0         0.00000  0
 1.003  0.102  0         0.00000  0
 0.650  0.064  0         0.00000  0
 0.125  0.043  0         0.00000  0
 0.135  0.076  0         0.00000  0
 0.258  0.106  0         0.00000  0
 0.461  0.034  0      1132.72486  0
 0.682  0.153  0         0.00000  0
 0.363  0.096  0         0.00000  0
 0.428  0.075  0         0.00000  0
 0.297  0.090  0      2169.30922  0
 0.448  0.048  0      1386.04157  0
 0.312  0.107  0         0.00000  0
 0.028  0.059  0       682.81166  0
 0.038  0.033  0       236.40675  0
 0.180  0.036  0      1147.98033  0
 0.258  0.082  0         0.00000  0
 0.155  0.018  0       136.76241  0
 0.324  0.079  0         0.00000  0
 0.080 -0.060 -1         0.00000  0
 0.080 -0.040 -1         0.00000  0
 0.080 -0.020  1         0.00000  0
 0.080  0.000  1       665.07085  0
 0.746  0.092  0      1141.30955  0
 0.630  0.076  0         0.00000  0
 0.100  0.035  0      1398.44224  0
 0.062  0.033  0         0.00000  0
 0.718  0.145  0         0.00000  0
 0.681  0.117  0         0.00000  0
 0.528  0.022  0      2351.27347  0
 0.810  0.093  0      2303.87946  0
 0.759  0.167  0         0.00000  0
 0.695  0.136  0         0.00000  0
 0.180  0.071  0         0.00000  0
 0.837  0.103  0         0.00000  0
 0.077  0.043  0         0.00000  0
 0.048  0.098  0         0.00000  0
 0.516  0.086  0       686.47990  0
 0.499  0.036  0         0.00000  0
 0.569  0.017  0      3157.15869  0
 0.762  0.135  0         0.00000  0
 0.146  0.046  0       244.04354  0
 0.774  0.202  0         0.00000  0
 0.226  0.095  0         0.00000  0
 0.072  0.019  0       707.37602  0
 0.367  0.034  0         0.00000  0
 0.545  0.060  0         0.00000  0
 0.017  0.099  0         0.00000  0
 0.100 -0.060 -1         0.00000  0
 0.100 -0.040 -1         0.00000  0
 0.100 -0.020  1         0.00000  0
 0.100  0.000  1      4615.12724  0
 0.743  0.019  0         0.00000  0
 0.832  0.040  0      1127.67147  0
 0.695  0.091  0         0.00000  0
 0.805  0.076  0         0.00000  0
 0.056  0.083  0         0.00000  0
 0.303  0.051  0         0.00000  0
 0.674  0.092  0         0.00000  0
 0.909  0.098  0         0.00000  0
 0.764  0.080  0      2218.27984  0
 0.675  0.056  0       825.29571  0
 0.339  0.045  0         0.00000  0
 0.213  0.056  0         0.00000  0
 0.800  0.138  0         0.00000  0
 0.538  0.037  0      1260.46810  0
 0.509  0.017  0      3579.31907  0
 0.729  0.047  0       638.83875  0
 0.338  0.030  0       333.40855  0
 0.210  0.073  0         0.00000  0
 0.570  0.051  0      3728.27360  0
 0.207  0.093  0         0.00000  0
 0.393  0.016  0         0.00000  0
 0.547  0.022  0      3296.07963  0
 0.462  0.018  0      1972.47745  0
 0.201  0.105  0         0.00000  0
 0.264  0.020  0         0.00000  0
 0.120 -0.060 -1         0.00000  0
 0.120 -0.040 -1         0.00000  0
 0.120 -0.020  1         0.00000  0
 0.120  0.000  1       698.57124  0
 0.858  0.204  0         0.00000  0
 0.833  0.079  0         0.00000  0
 0.980  0.020  0         0.00000  0
 0.989  0.036  0      1466.71046  0
 0.961  0.050  0      3112.69984  0
 0.793  0.041  0         0.00000  0
 0.865  0.052  0       637.89973  0
 0.756  0.123  0         0.00000  0
 0.326  0.067  0         0.00000  0
 0.546  0.115  0         0.00000  0
 0.745  0.048  0      2597.08717  0
 0.598  0.035  0      2358.81408  0
 0.703  0.075  0      1205.18975  0
 0.617  0.051  0      1750.94544  0
 0.483  0.039  0      3393.32167  0
 0.645  0.078  0         0.00000  0
 0.786  0.139  0         0.00000  0
 0.329  0.101  0         0.00000  0
 0.094  0.017  0         0.00000  0
 0.197  0.038  0         0.00000  0
 0.283  0.040  0         0.00000  0
 0.398  0.040  0        73.60390  0
 0.493  0.079  0         0.00000  0
 0.556  0.083  0       256.68360  0
 0.452  0.099  0         0.00000  0
 0.140 -0.060 -1         0.00000  0
 0.140 -0.040 -1         0.00000  0
 0.140 -0.020  1         0.00000  0
 0.140  0.000  1      1484.87355  0
 0.870  0.090  0         0.00000  0
 0.970  0.036  0      2288.61254  0
 0.957  0.153  0         0.00000  0
 0.787  0.021  0      2192.27913  0
 0.772  0.062  0         4.15402  0
 0.895  0.081  0         0.00000  0
 0.782  0.165  0         0.00000  0
 0.944  0.153  0         0.00000  0
 0.723  0.018  0       269.36201  0
 0.767  0.177  0         0.00000  0
 0.938  0.104  0       461.31909  0
 0.923  0.040  0      1036.18120  0
 0.688  0.064  0      1693.47066  0
 0.602  0.090  0         0.00000  0
 0.672  0.040  0      1584.25676  0
 0.814  0.047  0       273.56338  0
 0.819  0.130  0         0.00000  0
 0.753  0.150  0         0.00000  0
 0.677  0.128  0         0.00000  0
 0.823  0.206  0         0.00000  0
 0.472  0.056  0         0.00000  0
 0.401  0.079  0         0.00000  0
 0.698  0.036  0       569.00895  0
 0.249  0.113  0         0.00000  0
 0.431  0.100  0         0.00000  0
 0.160 -0.060 -1         0.00000  0
 0.160 -0.040 -1         0.00000  0
 0.160 -0.020  1         0.00000  0
 0.160  0.000  1      1464.26816  0
 0.233  0.049  0         0.00000  0
 0.887  0.019  0      2309.90718  0
 0.642  0.137  0         0.00000  0
 0.852  0.120  0      3821.08907  0
 0.893  0.054  0      1970.40347  0
 0.852  0.137  0         0.00000  0
 0.950  0.068  0      1163.24910  0
 0.734  0.107  0         0.00000  0
 0.964  0.122  0         0.00000  0
 0.636  0.125  0         0.00000  0
 0.975  0.081  0       949.21293  0
 0.929  0.087  0       558.89957  0
 0.393  0.064  0         0.00000  0
 0.608  0.016  0      1964.36186  0
 0.982  0.106  0      2009.64241  0
 1.001  0.019  0      3171.48476  0
 0.824  0.021  0      1386.40358  0
 0.785  0.076  0       567.59378  0
 0.925  0.128  0       959.07357  0
 0.864  0.110  0         0.00000  0
 0.707  0.146  0         0.00000  0
 0.700  0.107  0         0.00000  0
 0.925  0.166  0         0.00000  0
 0.294  0.122  0         0.00000  0
 0.611  0.078  0         0.00000  0
 0.180 -0.060 -1         0.00000  0
 0.180 -0.040 -1         0.00000  0
 0.180 -0.020  1         0.00000  0
 0.180  0.000  1       435.93707  0
 0.638  0.100  0         0.00000  0
 1.004  0.050  0      3733.84496  0
 0.967  0.094  0      1046.94799  0
 0.780  0.096  0         0.00000  0
 1.004  0.131  0       690.29639  0
 0.923  0.063  0      1029.75953  0
 0.799  0.059  0      3786.81525  0
 0.887  0.157  0         0.00000  0
 0.621  0.035  0      3743.29930  0
 0.755  0.033  0       777.67464  0
 0.348  0.016  0         0.00000  0
 0.977  0.062  0       729.73920  0
 0.869  0.138  0         0.00000  0
 0.904  0.022  0      2441.09803  0
 0.415  0.038  0       486.90077  0
 0.284  0.061  0         0.00000  0
 0.738  0.145  0         0.00000  0
 0.848  0.089  0      1239.33244  0
 0.063  0.057  0       909.82352  0
 0.970  0.142  0       525.73983  0
 0.768  0.019  0      2386.48039  0
 0.637  0.047  0         0.00000  0
 0.949  0.116  0       201.59127  0
 0.652  0.131  0       441.96043  0
 0.783  0.185  0         0.00000  0
 0.200 -0.060 -1         0.00000  0
 0.200 -0.040 -1         0.00000  0
 0.200 -0.020  1         0.00000  0
 0.200  0.000  1      1065.56462  0
 0.563  0.038  0         0.00000  0
 0.788  0.121  0      1221.71706  0
 0.995  0.066  0       715.47467  0
 0.860  0.072  0       268.42497  0
 0.940  0.051  0      3743.54031  0
 0.879  0.072  0      2332.39246  0
 0.986  0.122  0      1672.37227  0
 0.589  0.113  0         0.00000  0
 0.535  0.103  0         0.00000  0
 0.625  0.108  0         0.00000  0
 0.818  0.107  0         0.00000  0
 0.714  0.108  0         0.00000  0
 0.503  0.094  0         0.00000  0
 0.843  0.020  0      1799.40525  0
 0.952  0.016  0      1932.28880  0
 0.763  0.102  0         0.00000  0
 0.924  0.019  0      3497.94671  0
 0.843  0.054  0         0.00000  0
 0.588  0.057  0         0.00000  0
 0.796  0.108  0       462.14348  0
 0.888  0.104  0       793.34843  0
 0.916  0.116  0      4197.80519  0
 0.599  0.109  0         0.00000  0
 0.775  0.043  0         0.00000  0
 0.672  0.019  0      2328.62106  0
 0.220 -0.060 -1         0.00000  0
 0.220 -0.040 -1         0.00000  0
 0.220 -0.020  1         0.00000  0
 0.220  0.000  1         0.00000  0
 0.692  0.019  0         0.00000  0
 0.896  0.114  0         0.00000  0
 0.722  0.070  0      2433.58202  0
 0.837  0.155  0         0.00000  0
 0.988  0.143  0         0.00000  0
 0.441  0.118  0         0.00000  0
 0.995  0.084  0       720.21363  0
 0.911  0.073  0      1841.43300  0
 1.004  0.163  0         0.00000  0
 0.974  0.166  0         0.00000  0
 0.585  0.026  0      1874.06035  0
 0.879  0.042  0         0.00000  0
 0.298  0.070  0         0.00000  0
 0.938  0.137  0      2637.93436  0
 0.577  0.107  0       493.91734  0
 0.833  0.131  0         0.00000  0
 0.908  0.150  0         0.00000  0
 0.825  0.064  0      1153.42508  0
 0.733  0.122  0         0.00000  0
 0.728  0.166  0         0.00000  0
 0.577  0.085  0         0.00000  0
 0.750  0.066  0         0.00000  0
 0.650  0.112  0         0.00000  0
 0.867  0.019  0      2058.41257  0
 0.945  0.084  0      1136.26383  0
 0.240 -0.060 -1         0.00000  0
 0.240 -0.040 -1         0.00000  0
 0.240 -0.020  1         0.00000  0
 0.240  0.000  1         0.00000  0
 0.655  0.042  0      3093.59319  0
 0.806  0.020  0      1707.80523  0
 0.190  0.062  0         0.00000  0
 0.889  0.136  0         0.00000  0
 0.904  0.043  0       988.04181  0
 0.795  0.184  0         0.00000  0
 0.709  0.055  0       574.61730  0
 0.942  0.031  0       306.65195  0
 0.870  0.156  0         0.00000  0
 0.185  0.018  0       550.86468  0
 0.066  0.103  0         0.00000  0
 0.345  0.066  0         0.00000  0
 0.529  0.083  0         0.00000  0
 0.601  0.063  0      4104.18321  0
 0.016  0.069  0         0.00000  0
 0.671  0.081  0         0.00000  0
 0.563  0.070  0         0.00000  0
 0.275  0.082  0         0.00000  0
 0.108  0.093  0         0.00000  0
 0.561  0.102  0         0.00000  0
 0.857  0.034  0      2254.47292  0
 0.164  0.056  0         0.00000  0
 0.633  0.019  0      1988.45526  0
 0.149  0.087  0         0.00000  0
 0.464  0.094  0         0.00000  0
 0.260 -0.060 -1         0.00000  0
 0.260 -0.040 -1         0.00000  0
 0.260 -0.020  1         0.00000  0
 0.260  0.000  1      1511.05988  0
 0.280 -0.060 -1         0.00000  0
 0.280 -0.040 -1         0.00000  0
 0.280 -0.020  1         0.00000  0
 0.280  0.000  1         0.00000  0
 0.300 -0.060 -1         0.00000  0
 0.300 -0.040 -1         0.00000  0
 0.300 -0.020  1         0.00000  0
 0.300  0.000  1      1642.13084  0
 0.320 -0.060 -1         0.00000  0
 0.320 -0.040 -1         0.00000  0
 0.320 -0.020  1         0.00000  0
 0.320  0.000  1         0.00000  0
 0.340 -0.060 -1         0.00000  0
 0.340 -0.040 -1         0.00000  0
 0.340 -0.020  1         0.00000  0
 0.340  0.000  1         0.00000  0
 0.360 -0.060 -1         0.00000  0
 0.360 -0.040 -1         0.00000  0
 0.360 -0.020  1         0.00000  0
 0.360  0.000  1       906.15575  0
 0.380 -0.060 -1         0.00000  0
 0.380 -0.040 -1         0.00000  0
 0.380 -0.020  1         0.00000  0
 0.380  0.000  1       718.92296  0
 0.400 -0.060 -1         0.00000  0
 0.400 -0.040 -1         0.00000  0
 0.400 -0.020  1         0.00000  0
 0.400  0.000  1       150.07430  0
 0.420 -0.060 -1         0.00000  0
 0.420 -0.040 -1         0.00000  0
 0.420 -0.020  1         0.00000  0
 0.420  0.000  1         0.00000  0
 0.440 -0.060 -1         0.00000  0
 0.440 -0.040 -1         0.00000  0
 0.440 -0.020  1         0.00000  0
 0.440  0.000  1         0.00000  0
 0.460 -0.060 -1         0.00000  0
 0.460 -0.040 -1         0.00000  0
 0.460 -0.020  1         0.00000  0
 0.460  0.000  1      2897.81830  0
 0.480 -0.060 -1         0.00000  0
 0.480 -0.040 -1         0.00000  0
 0.480 -0.020  1         0.00000  0
 0.480  0.000  1        96.41558  0
 0.500 -0.060 -1         0.00000  0
 0.500 -0.040 -1         0.00000  0
 0.500 -0.020  1         0.00000  0
 0.500  0.000  1      2320.02935  0
 0.520 -0.060 -1         0.00000  0
 0.520 -0.040 -1         0.00000  0
 0.520 -0.020  1         0.00000  0
 0.520  0.000  1      1274.34538  0
 0.540 -0.060 -1         0.00000  0
 0.540 -0.040 -1         0.00000  0
 0.540 -0.020  1         0.00000  0
 0.540  0.000  1         0.00000  0
 0.560 -0.060 -1         0.00000  0
 0.560 -0.040 -1         0.00000  0
 0.560 -0.020  1         0.00000  0
 0.560  0.000  1       477.30499  0
 0.580 -0.060 -1         0.00000  0
 0.580 -0.040 -1         0.00000  0
 0.580 -0.020  1         0.00000  0
 0.580  0.000  1         0.00000  0
 0.600 -0.060 -1         0.00000  0
 0.600 -0.040 -1         0.00000  0
 0.600 -0.020  1         0.00000  0
 0.600  0.000  1      3134.98092  0
 0.620 -0.060 -1         0.00000  0
 0.620 -0.040 -1         0.00000  0
 0.620 -0.020  1         0.00000  0
 0.620  0.000  1      2202.34367  0
 0.640 -0.060 -1         0.00000  0
 0.640 -0.040 -1         0.00000  0
 0.640 -0.020  1         0.00000  0
 0.640  0.000  1      1220.38887  0
 0.660 -0.060 -1         0.00000  0
 0.660 -0.040 -1         0.00000  0
 0.660 -0.020  1         0.00000  0
 0.660  0.000  1       401.96277  0
 0.680 -0.060 -1         0.00000  0
 0.680 -0.040 -1         0.00000  0
 0.680 -0.020  1         0.00000  0
 0.680  0.000  1      1895.74131  0
 0.700 -0.060 -1         0.00000  0
 0.700 -0.040 -1         0.00000  0
 0.700 -0.020  1         0.00000  0
 0.700  0.000  1         0.00000  0
 0.720 -0.060 -1         0.00000  0
 0.720 -0.040 -1         0.00000  0
 0.720 -0.020  1         0.00000  0
 0.720  0.000  1      1712.13977  0
 0.740 -0.060 -1         0.00000  0
 0.740 -0.040 -1         0.00000  0
 0.740 -0.020  1         0.00000  0
 0.740  0.000  1      2240.27650  0
 0.760 -0.060 -1         0.00000  0
 0.760 -0.040 -1         0.00000  0
 0.760 -0.020  1         0.00000  0
 0.760  0.000  1       626.41464  0
 0.780 -0.060 -1         0.00000  0
 0.780 -0.040 -1         0.00000  0
 0.780 -0.020  1         0.00000  0
 0.780  0.000  1         0.00000  0
 0.800 -0.060 -1         0.00000  0
 0.800 -0.040 -1         0.00000  0
 0.800 -0.020  1         0.00000  0
 0.800  0.000  1      2372.64825  0
 0.820 -0.060 -1         0.00000  0
 0.820 -0.040 -1         0.00000  0
 0.820 -0.020  1         0.00000  0
 0.820  0.000  1       766.71290  0
 0.840 -0.060 -1         0.00000  0
 0.840 -0.040 -1         0.00000  0
 0.840 -0.020  1         0.00000  0
 0.840  0.000  1      1105.08030  0
 0.860 -0.060 -1         0.00000  0
 0.860 -0.040 -1         0.00000  0
 0.860 -0.020  1         0.00000  0
 0.860  0.000  1      2376.37907  0
 0.880 -0.060 -1         0.00000  0
 0.880 -0.040 -1         0.00000  0
 0.880 -0.020  1         0.00000  0
 0.880  0.000  1      1964.29708  0
 0.900 -0.060 -1         0.00000  0
 0.900 -0.040 -1         0.00000  0
 0.900 -0.020  1         0.00000  0
 0.900  0.000  1      1355.18353  0
 0.920 -0.060 -1         0.00000  0
 0.920 -0.040 -1         0.00000  0
 0.920 -0.020  1         0.00000  0
 0.920  0.000  1      1697.79165  0
 0.940 -0.060 -1         0.00000  0
 0.940 -0.040 -1         0.00000  0
 0.940 -0.020  1         0.00000  0
 0.940  0.000  1      2879.60565  0
 0.960 -0.060 -1         0.00000  0
 0.960 -0.040 -1         0.00000  0
 0.960 -0.020  1         0.00000  0
 0.960  0.000  1      2208.57006  0
 0.980 -0.060 -1         0.00000  0
 0.980 -0.040 -1         0.00000  0
 0.980 -0.020  1         0.00000  0
 0.980  0.000  1       802.27810  0
 1.000 -0.060 -1         0.00000  0
 1.000 -0.040 -1         0.00000  0
 1.000 -0.020  1         0.00000  0
 1.000  0.000  1      5104.34357  0
 1.020 -0.060 -1         0.00000  0
 1.020 -0.040 -1         0.00000  0
 1.020 -0.020  1         0.00000  0
 1.020  0.000  1       610.56940  0
 1.020  0.020  1      1137.10047  0
 1.020  0.040  1      2232.86506  0
 1.020  0.060  1         0.00000  0
 1.020  0.080  1         0.00000  0
 1.020  0.100  1      2827.68120  0
 1.020  0.120  1      1234.37197  0
 1.020  0.140  1       822.75835  0
 1.020  0.160  1         0.00000  0
 1.020  0.180  1         0.00000  0
 1.020  0.200  1         0.00000  0
 1.020  0.220  1         0.00000  0
 1.020  0.240  1         0.00000  0
 1.020  0.260  1         0.00000  0
 1.020  0.280  1         0.00000  0
 1.020  0.300  1         0.00000  0
 1.020  0.320  1         0.00000  0
 1.020  0.340  1         0.00000  0
 1.020  0.360  1         0.00000  0
 1.020  0.380  1         0.00000  0
 1.020  0.400  1         0.00000  0
 1.020  0.420  1         0.00000  0
 1.020  0.440  1         0.00000  0
 1.020  0.460  1         0.00000  0
 1.020  0.480  1         0.00000  0
 1.020  0.500  1         0.00000  0
 1.020  0.520  1         0.00000  0
 1.020  0.540  1         0.00000  0
 1.020  0.560  1         0.00000  0
 1.020  0.580  1         0.00000  0
 1.020  0.600  1         0.00000  0
 1.040 -0.060 -1         0.00000  0
 1.040 -0.040 -1         0.00000  0
 1.040 -0.020  1         0.00000  0
 1.040  0.000  1         0.00000  0
 1.040  0.020  1         0.00000  0
 1.040  0.040  1         0.00000  0
 1.040  0.060  1         0.00000  0
 1.040  0.080  1         0.00000  0
 1.040  0.100  1         0.00000  0
 1.040  0.120  1         0.00000  0
 1.040  0.140  1         0.00000  0
 1.040  0.160  1         0.00000  0
 1.040  0.180  1         0.00000  0
 1.040  0.200  1         0.00000  0
 1.040  0.220  1         0.00000  0
 1.040  0.240  1         0.00000  0
 1.040  0.260  1         0.00000  0
 1.040  0.280  1         0.00000  0
 1.040  0.300  1         0.00000  0
 1.040  0.320  1         0.00000  0
 1.040  0.340  1         0.00000  0
 1.040  0.360  1         0.00000  0
 1.040  0.380  1         0.00000  0
 1.040  0.400  1         0.00000  0
 1.040  0.420  1         0.00000  0
 1.040  0.440  1         0.00000  0
 1.040  0.460  1         0.00000  0
 1.040  0.480  1         0.00000  0
 1.040  0.500  1         0.00000  0
 1.040  0.520  1         0.00000  0
 1.040  0.540  1         0.00000  0
 1.040  0.560  1         0.00000  0
 1.040  0.580  1         0.00000  0
 1.040  0.600  1         0.00000  0
 1.060 -0.060 -1         0.00000  0
 1.060 -0.040 -1         0.00000  0
 1.060 -0.020 -1         0.00000  0
 1.060  0.000 -1         0.00000  0
 1.060  0.020 -1         0.00000  0
 1.060  0.040 -1         0.00000  0
 1.060  0.060 -1         0.00000  0
 1.060  0.080 -1         0.00000  0
 1.060  0.100 -1         0.00000  0
 1.060  0.120 -1         0.00000  0
 1.060  0.140 -1         0.00000  0
 1.060  0.160 -1         0.00000  0
 1.060  0.180 -1         0.00000  0
 1.060  0.200 -1         0.00000  0
 1.060  0.220 -1         0.00000  0
 1.060  0.240 -1         0.00000  0
 1.060  0.260 -1         0.00000  0
 1.060  0.280 -1         0.00000  0
 1.060  0.300 -1         0.00000  0
 1.060  0.320 -1         0.00000  0
 1.060  0.340 -1         0.00000  0
 1.060  0.360 -1         0.00000  0
 1.060  0.380 -1         0.00000  0
 1.060  0.400 -1         0.00000  0
 1.060  0.420 -1         0.00000  0
 1.060  0.440 -1         0.00000  0
 1.060  0.460 -1         0.00000  0
 1.060  0.480 -1         0.00000  0
 1.060  0.500 -1         0.00000  0
 1.060  0.520 -1         0.00000  0
 1.060  0.540 -1         0.00000  0
 1.060  0.560 -1         0.00000  0
 1.060  0.580  1         0.00000  0
 1.060  0.600  1         0.00000  0
 1.080 -0.060 -1         0.00000  0
 1.080 -0.040 -1         0.00000  0
 1.080 -0.020 -1         0.00000  0
 1.080  0.000 -1         0.00000  0
 1.080  0.020 -1         0.00000  0
 1.080  0.040 -1         0.00000  0
 1.080  0.060 -1         0.00000  0
 1.080  0.080 -1         0.00000  0
 1.080  0.100 -1         0.00000  0
 1.080  0.120 -1         0.00000  0
 1.080  0.140 -1         0.00000  0
 1.080  0.160 -1         0.00000  0
 1.080  0.180 -1         0.00000  0
 1.080  0.200 -1         0.00000  0
 1.080  0.220 -1         0.00000  0
 1.080  0.240 -1         0.00000  0
 1.080  0.260 -1         0.00000  0
 1.080  0.280 -1         0.00000  0
 1.080  0.300 -1         0.00000  0
 1.080  0.320 -1         0.00000  0
 1.080  0.340 -1         0.00000  0
 1.080  0.360 -1         0.00000  0
 1.080  0.380 -1         0.00000  0
 1.080  0.400 -1         0.00000  0
 1.080  0.420 -1         0.00000  0
 1.080  0.440 -1         0.00000  0
 1.080  0.460 -1         0.00000  0
 1.080  0.480 -1         0.00000  0
 1.080  0.500 -1         0.00000  0
 1.080  0.520 -1         0.00000  0
 1.080  0.540 -1         0.00000  0
 1.080  0.560 -1         0.00000  0
 1.080  0.580  1         0.00000  0
 1.080  0.600  1         0.00000  0
