-0.075 -0.075 -1         0.00000  0
-0.075 -0.050 -1         0.00000  0
-0.075 -0.025 -1         0.00000  0
-0.075  0.000 -1         0.00000  0
-0.075  0.025 -1         0.00000  0
-0.075  0.050 -1         0.00000  0
-0.075  0.075 -1         0.00000  0
-0.075  0.100 -1         0.00000  0
-0.075  0.125 -1         0.00000  0
-0.075  0.150 -1         0.00000  0
-0.075  0.175 -1         0.00000  0
-0.075  0.200 -1         0.00000  0
-0.075  0.225 -1         0.00000  0
-0.075  0.250 -1         0.00000  0
-0.075  0.275 -1         0.00000  0
-0.075  0.300 -1         0.00000  0
-0.075  0.325 -1         0.00000  0
-0.075  0.350 -1         0.00000  0
-0.075  0.375 -1         0.00000  0
-0.075  0.400 -1         0.00000  0
-0.075  0.425 -1         0.00000  0
-0.075  0.450 -1         0.00000  0
-0.075  0.475 -1         0.00000  0
-0.075  0.500 -1         0.00000  0
-0.075  0.525 -1         0.00000  0
-0.075  0.550 -1         0.00000  0
-0.075  0.575  1         0.00000  0
-0.075  0.600  1         0.00000  0
-0.050 -0.075 -1         0.00000  0
-0.050 -0.050 -1         0.00000  0
-0.050 -0.025 -1         0.00000  0
-0.050  0.000 -1         0.00000  0
-0.050  0.025 -1         0.00000  0
-0.050  0.050 -1         0.00000  0
-0.050  0.075 -1         0.00000  0
-0.050  0.100 -1         0.00000  0
-0.050  0.125 -1         0.00000  0
-0.050  0.150 -1         0.00000  0
-0.050  0.175 -1         0.00000  0
-0.050  0.200 -1         0.00000  0
-0.050  0.225 -1         0.00000  0
-0.050  0.250 -1         0.00000  0
-0.050  0.275 -1         0.00000  0
-0.050  0.300 -1         0.00000  0
-0.050  0.325 -1         0.00000  0
-0.050  0.350 -1         0.00000  0
-0.050  0.375 -1         0.00000  0
-0.050  0.400 -1         0.00000  0
-0.050  0.425 -1         0.00000  0
-0.050  0.450 -1         0.00000  0
-0.050  0.475 -1         0.00000  0
-0.050  0.500 -1         0.00000  0
-0.050  0.525 -1         0.00000  0
-0.050  0.550 -1         0.00000  0
-0.050  0.575  1         0.00000  0
-0.050  0.600  1         0.00000  0
-0.025 -0.075 -1         0.00000  0
-0.025 -0.050 -1         0.00000  0
-0.025 -0.025  1         0.00000  0
-0.025  0.000  1         0.00000  0
-0.025  0.025  1         0.00000  0
-0.025  0.050  1         0.00000  0
-0.025  0.075  1         0.00000  0
-0.025  0.100  1         0.00000  0
-0.025  0.125  1         0.00000  0
-0.025  0.150  1         0.00000  0
-0.025  0.175  1         0.00000  0
-0.025  0.200  1         0.00000  0
-0.025  0.225  1         0.00000  0
-0.025  0.250  1         0.00000  0
-0.025  0.275  1         0.00000  0
-0.025  0.300  1         0.00000  0
-0.025  0.325  1         0.00000  0
-0.025  0.350  1         0.00000  0
-0.025  0.375  1         0.00000  0
-0.025  0.400  1         0.00000  0
-0.025  0.425  1         0.00000  0
-0.025  0.450  1         0.00000  0
-0.025  0.475  1         0.00000  0
-0.025  0.500  1         0.00000  0
-0.025  0.525  1         0.00000  0
-0.025  0.550  1         0.00000  0
-0.025  0.575  1         0.00000  0
-0.025  0.600  1         0.00000  0
 0.000 -0.075 -1         0.00000  0
 0.000 -0.050 -1         0.00000  0
 0.000 -0.025  1         0.00000  0
 0.000  0.000  1         0.00000  0
 0.000  0.025  1         0.00000  0
 0.000  0.050  1      1055.19951  0
 0.000  0.075  1         0.00000  0
 0.000  0.100  1         0.00000  0
 0.000  0.125  1         0.00000  0
 0.000  0.150  1         0.00000  0
 0.000  0.175  1         0.00000  0
 0.000  0.200  1         0.00000  0
 0.000  0.225  1         0.00000  0
 0.000  0.250  1         0.00000  0
 0.000  0.275  1         0.00000  0
 0.000  0.300  1         0.00000  0
 0.000  0.325  1         0.00000  0
 0.000  0.350  1         0.00000  0
 0.000  0.375  1         0.00000  0
 0.000  0.400  1         0.00000  0
 0.000  0.425  1         0.00000  0
 0.000  0.450  1         0.00000  0
 0.000  0.475  1         0.00000  0
 0.000  0.500  1         0.00000  0
 0.000  0.525  1         0.00000  0
 0.000  0.550  1         0.00000  0
 0.000  0.575  1         0.00000  0
 0.000  0.600  1         0.00000  0
 0.025 -0.075 -1         0.00000  0
 0.025 -0.050 -1         0.00000  0
 0.025 -0.025  1         0.00000  0
 0.025  0.000  1       274.25872  0
 0.105  0.024  0      1067.35929  0
 0.436  0.023  0         0.00000  0
 0.187  0.023  0       837.64371  0
 0.548  0.054  0         0.00000  0
 0.024  0.048  0         0.00000  0
 0.142  0.020  0      2209.94412  0
 0.027  0.023  0         0.00000  0
 0.407  0.026  0         0.00000  0
 0.212  0.029  0         0.00000  0
 0.209  0.054  0         0.00000  0
 0.247  0.041  0         0.00000  0
 0.062  0.057  0         0.00000  0
 0.064  0.018  0      1879.40434  0
 0.048  0.040  0         0.00000  0
 0.139  0.041  0         0.00000  0
 0.187  0.042  0         0.00000  0
 0.203  0.069  0         0.00000  0
 0.265  0.046  0         0.00000  0
 0.239  0.024  0       691.65276  0
 0.025  0.069  0         0.00000  0
 0.050 -0.075 -1         0.00000  0
 0.050 -0.050 -1         0.00000  0
 0.050 -0.025  1         0.00000  0
 0.050  0.000  1       430.22713  0
 0.270  0.022  0         0.00000  0
 0.493  0.047  0         0.00000  0
 0.581  0.068  0         0.00000  0
 0.523  0.061  0         0.00000  0
 0.476  0.021  0       422.05763  0
 0.399  0.045  0         0.00000  0
 0.453  0.052  0         0.00000  0
 0.554  0.079  0      1311.69665  0
 0.227  0.073  0         0.00000  0
 0.303  0.023  0       694.56188  0
 0.306  0.041  0       573.80766  0
 0.566  0.117  0         0.00000  0
 0.077  0.052  0         0.00000  0
 0.464  0.035  0         0.00000  0
 0.119  0.037  0         0.00000  0
 0.087  0.041  0       387.67172  0
 0.420  0.057  0         0.00000  0
 0.165  0.044  0         0.00000  0
 0.291  0.055  0         0.00000  0
 0.320  0.061  0         0.00000  0
 0.075 -0.075 -1         0.00000  0
 0.075 -0.050 -1         0.00000  0
 0.075 -0.025  1         0.00000  0
 0.075  0.000  1       389.57371  0
 0.521  0.026  0      1038.96780  0
 0.376  0.023  0         0.00000  0
 0.780  0.023  0      2005.05432  0
 0.547  0.025  0      3650.23506  0
 0.640  0.020  0         0.00000  0
 0.587  0.030  0      2872.79313  0
 0.601  0.104  0         0.00000  0
 0.510  0.041  0       677.74053  0
 0.564  0.030  0      3942.20998  0
 0.554  0.246  0         0.00000  0
 0.607  0.034  0      3663.62625  0
 0.336  0.021  0       688.88194  0
 0.722  0.054  0         0.00000  0
 0.552  0.123  0         0.00000  0
 0.336  0.059  0         0.00000  0
 0.432  0.049  0      1758.45262  0
 0.741  0.088  0      4587.98348  0
 0.352  0.032  0         0.00000  0
 0.751  0.058  0         0.00000  0
 0.383  0.054  0         0.00000  0
 0.100 -0.075 -1         0.00000  0
 0.100 -0.050 -1         0.00000  0
 0.100 -0.025  1         0.00000  0
 0.100  0.000  1         0.00000  0
 0.865  0.030  0       805.38961  0
 0.845  0.149  0      2714.33582  0
 0.809  0.023  0      1933.20284  0
 0.755  0.025  0      2821.77854  0
 0.828  0.042  0         0.00000  0
 0.783  0.103  0       584.10427  0
 0.886  0.166  0         0.00000  0
 0.896  0.143  0      1786.37018  0
 0.828  0.133  0         0.00000  0
 0.723  0.122  0         0.00000  0
 0.839  0.102  0      2747.95333  0
 0.737  0.034  0      2586.37478  0
 0.795  0.041  0      2829.73159  0
 0.821  0.112  0      1666.20633  0
 0.797  0.114  0      1847.39405  0
 0.585  0.097  0         0.00000  0
 0.664  0.068  0         0.00000  0
 0.541  0.079  0         0.00000  0
 0.764  0.075  0       532.46171  0
 0.620  0.119  0         0.00000  0
 0.125 -0.075 -1         0.00000  0
 0.125 -0.050 -1         0.00000  0
 0.125 -0.025  1         0.00000  0
 0.125  0.000  1      2072.33321  0
 0.840  0.066  0      2047.68770  0
 0.913  0.110  0       725.96214  0
 0.938  0.030  0      3087.46852  0
 0.855  0.051  0      3068.68750  0
 0.878  0.221  0      2679.21379  0
 0.962  0.095  0      1311.43013  0
 0.961  0.021  0      3201.21683  0
 0.963  0.054  0      1244.81242  0
 0.782  0.134  0       655.63344  0
 0.916  0.026  0      2168.04784  0
 0.904  0.049  0      2590.97481  0
 0.662  0.085  0         0.00000  0
 0.807  0.065  0      1049.03827  0
 0.874  0.093  0      1996.86721  0
 0.736  0.136  0         0.00000  0
 0.592  0.152  0         0.00000  0
 0.754  0.106  0         0.00000  0
 0.674  0.023  0         0.00000  0
 0.840  0.022  0      2833.13035  0
 0.711  0.078  0         0.00000  0
 0.150 -0.075 -1         0.00000  0
 0.150 -0.050 -1         0.00000  0
 0.150 -0.025  1         0.00000  0
 0.150  0.000  1       559.18757  0
 1.003  0.133  0      2656.11622  0
 0.863  0.078  0      1363.50346  0
 0.980  0.067  0      2349.15204  0
 0.938  0.158  0       866.32848  0
 0.776  0.189  0         0.00000  0
 0.854  0.168  0      4150.40396  0
 0.981  0.034  0      2629.00251  0
 0.931  0.052  0      1707.18111  0
 0.917  0.164  0       998.70171  0
 0.906  0.094  0      2377.48862  0
 0.895  0.071  0      1358.80492  0
 0.766  0.131  0         0.00000  0
 0.854  0.126  0      1209.40498  0
 0.882  0.052  0      1810.72396  0
 0.766  0.167  0         0.00000  0
 0.792  0.156  0         0.00000  0
 0.657  0.140  0         0.00000  0
 0.700  0.144  0         0.00000  0
 0.776  0.056  0      2483.13671  0
 0.794  0.079  0       568.92149  0
 0.175 -0.075 -1         0.00000  0
 0.175 -0.050 -1         0.00000  0
 0.175 -0.025  1         0.00000  0
 0.175  0.000  1         0.00000  0
 0.997  0.180  0      1907.84415  0
 0.999  0.102  0      1589.55243  0
 0.623  0.150  0         0.00000  0
 0.663  0.108  0         0.00000  0
 0.646  0.069  0      3857.89995  0
 0.977  0.223  0         0.00000  0
 0.791  0.196  0      1464.05208  0
 0.962  0.164  0         0.00000  0
 0.949  0.074  0      1330.03102  0
 0.820  0.227  0         0.00000  0
 0.885  0.190  0      1678.85037  0
 0.944  0.186  0      1250.15256  0
 0.979  0.137  0      2413.25453  0
 0.917  0.135  0      2744.49343  0
 0.647  0.127  0      1038.46858  0
 0.866  0.186  0         0.00000  0
 0.958  0.132  0      1502.62482  0
 0.878  0.137  0      1219.03979  0
 0.889  0.019  0      2936.45956  0
 0.876  0.114  0       588.72691  0
 0.200 -0.075 -1         0.00000  0
 0.200 -0.050 -1         0.00000  0
 0.200 -0.025  1         0.00000  0
 0.200  0.000  1         0.00000  0
 0.776  0.266  0         0.00000  0
 1.000  0.053  0      1764.64520  0
 0.940  0.234  0         0.00000  0
 0.870  0.246  0         0.00000  0
 0.713  0.177  0         0.00000  0
 1.002  0.024  0      3278.93820  0
 0.588  0.054  0       904.02889  0
 0.901  0.207  0       883.21797  0
 0.729  0.174  0         0.00000  0
 0.609  0.140  0         0.00000  0
 0.980  0.206  0      1357.58934  0
 0.924  0.075  0      3129.73646  0
 0.980  0.111  0      1287.87111  0
 0.938  0.128  0      2573.29061  0
 0.641  0.049  0         0.00000  0
 0.977  0.180  0      2038.22744  0
 0.998  0.157  0       400.11692  0
 0.921  0.186  0      2412.12098  0
 0.834  0.208  0         0.00000  0
 0.831  0.168  0         0.00000  0
 0.225 -0.075 -1         0.00000  0
 0.225 -0.050 -1         0.00000  0
 0.225 -0.025  1         0.00000  0
 0.225  0.000  1         0.00000  0
 1.002  0.267  0         0.00000  0
 0.663  0.341  0         0.00000  0
 0.603  0.788  0         0.00000  0
 0.696  0.577  0         0.00000  0
 0.926  0.209  0       598.75662  0
 0.926  0.241  0         0.00000  0
 0.938  0.704  0         0.00000  0
 1.006  0.209  0      1327.19130  0
 0.752  0.181  0         0.00000  0
 0.950  0.209  0         0.00000  0
 0.625  0.038  0      2994.19707  0
 0.725  0.094  0         0.00000  0
 0.997  0.241  0         0.00000  0
 0.831  0.254  0         0.00000  0
 0.589  0.195  0         0.00000  0
 0.800  0.170  0         0.00000  0
 0.942  0.097  0      1549.39258  0
 0.614  0.083  0         0.00000  0
 0.830  0.190  0         0.00000  0
 0.825  0.085  0       540.38074  0
 0.250 -0.075 -1         0.00000  0
 0.250 -0.050 -1         0.00000  0
 0.250 -0.025  1         0.00000  0
 0.250  0.000  1       840.54378  0
 0.832  0.997  0         0.00000  0
 0.888  1.073  0         0.00000  0
 0.766  0.650  0         0.00000  0
 0.686  0.033  0         0.00000  0
 1.001  0.080  0      1963.42341  0
 0.678  0.789  0         0.00000  0
 0.702  0.047  0         0.00000  0
 0.854  1.061  0         0.00000  0
 0.746  0.233  0         0.00000  0
 0.651  0.154  0         0.00000  0
 0.729  0.153  0       457.50596  0
 0.906  0.291  0         0.00000  0
 1.080  0.622  0         0.00000  0
 0.941  0.468  0         0.00000  0
 0.893  0.231  0         0.00000  0
 0.716  0.021  0      2090.41724  0
 0.796  0.235  0         0.00000  0
 0.628  0.092  0         0.00000  0
 0.859  0.230  0         0.00000  0
 0.807  0.209  0         0.00000  0
 0.275 -0.075 -1         0.00000  0
 0.275 -0.050 -1         0.00000  0
 0.275 -0.025  1         0.00000  0
 0.275  0.000  1       787.56153  0
 0.300 -0.075 -1         0.00000  0
 0.300 -0.050 -1         0.00000  0
 0.300 -0.025  1         0.00000  0
 0.300  0.000  1      1313.63221  0
 0.325 -0.075 -1         0.00000  0
 0.325 -0.050 -1         0.00000  0
 0.325 -0.025  1         0.00000  0
 0.325  0.000  1      1229.73904  0
 0.350 -0.075 -1         0.00000  0
 0.350 -0.050 -1         0.00000  0
 0.350 -0.025  1         0.00000  0
 0.350  0.000  1       372.57892  0
 0.375 -0.075 -1         0.00000  0
 0.375 -0.050 -1         0.00000  0
 0.375 -0.025  1         0.00000  0
 0.375  0.000  1         0.00000  0
 0.400 -0.075 -1         0.00000  0
 0.400 -0.050 -1         0.00000  0
 0.400 -0.025  1         0.00000  0
 0.400  0.000  1         0.00000  0
 0.425 -0.075 -1         0.00000  0
 0.425 -0.050 -1         0.00000  0
 0.425 -0.025  1         0.00000  0
 0.425  0.000  1         0.00000  0
 0.450 -0.075 -1         0.00000  0
 0.450 -0.050 -1         0.00000  0
 0.450 -0.025  1         0.00000  0
 0.450  0.000  1         0.00000  0
 0.475 -0.075 -1         0.00000  0
 0.475 -0.050 -1         0.00000  0
 0.475 -0.025  1         0.00000  0
 0.475  0.000  1         0.00000  0
 0.500 -0.075 -1         0.00000  0
 0.500 -0.050 -1         0.00000  0
 0.500 -0.025  1         0.00000  0
 0.500  0.000  1         0.00000  0
 0.525 -0.075 -1         0.00000  0
 0.525 -0.050 -1         0.00000  0
 0.525 -0.025  1         0.00000  0
 0.525  0.000  1         0.00000  0
 0.550 -0.075 -1         0.00000  0
 0.550 -0.050 -1         0.00000  0
 0.550 -0.025  1         0.00000  0
 0.550  0.000  1         4.91345  0
 0.575 -0.075 -1         0.00000  0
 0.575 -0.050 -1         0.00000  0
 0.575 -0.025  1         0.00000  0
 0.575  0.000  1         0.00000  0
 0.600 -0.075 -1         0.00000  0
 0.600 -0.050 -1         0.00000  0
 0.600 -0.025  1         0.00000  0
 0.600  0.000  1         0.00000  0
 0.625 -0.075 -1         0.00000  0
 0.625 -0.050 -1         0.00000  0
 0.625 -0.025  1         0.00000  0
 0.625  0.000  1         0.00000  0
 0.650 -0.075 -1         0.00000  0
 0.650 -0.050 -1         0.00000  0
 0.650 -0.025  1         0.00000  0
 0.650  0.000  1      1738.08232  0
 0.675 -0.075 -1         0.00000  0
 0.675 -0.050 -1         0.00000  0
 0.675 -0.025  1         0.00000  0
 0.675  0.000  1      1406.94501  0
 0.700 -0.075 -1         0.00000  0
 0.700 -0.050 -1         0.00000  0
 0.700 -0.025  1         0.00000  0
 0.700  0.000  1       101.81148  0
 0.725 -0.075 -1         0.00000  0
 0.725 -0.050 -1         0.00000  0
 0.725 -0.025  1         0.00000  0
 0.725  0.000  1       696.87067  0
 0.750 -0.075 -1         0.00000  0
 0.750 -0.050 -1         0.00000  0
 0.750 -0.025  1         0.00000  0
 0.750  0.000  1      1845.49448  0
 0.775 -0.075 -1         0.00000  0
 0.775 -0.050 -1         0.00000  0
 0.775 -0.025  1         0.00000  0
 0.775  0.000  1      3192.89366  0
 0.800 -0.075 -1         0.00000  0
 0.800 -0.050 -1         0.00000  0
 0.800 -0.025  1         0.00000  0
 0.800  0.000  1      2762.96233  0
 0.825 -0.075 -1         0.00000  0
 0.825 -0.050 -1         0.00000  0
 0.825 -0.025  1         0.00000  0
 0.825  0.000  1      2175.58215  0
 0.850 -0.075 -1         0.00000  0
 0.850 -0.050 -1         0.00000  0
 0.850 -0.025  1         0.00000  0
 0.850  0.000  1      2217.35408  0
 0.875 -0.075 -1         0.00000  0
 0.875 -0.050 -1         0.00000  0
 0.875 -0.025  1         0.00000  0
 0.875  0.000  1      2283.26684  0
 0.900 -0.075 -1         0.00000  0
 0.900 -0.050 -1         0.00000  0
 0.900 -0.025  1         0.00000  0
 0.900  0.000  1      4170.37795  0
 0.925 -0.075 -1         0.00000  0
 0.925 -0.050 -1         0.00000  0
 0.925 -0.025  1         0.00000  0
 0.925  0.000  1       771.05041  0
 0.950 -0.075 -1         0.00000  0
 0.950 -0.050 -1         0.00000  0
 0.950 -0.025  1         0.00000  0
 0.950  0.000  1      2286.43033  0
 0.975 -0.075 -1         0.00000  0
 0.975 -0.050 -1         0.00000  0
 0.975 -0.025  1         0.00000  0
 0.975  0.000  1      1797.29766  0
 1.000 -0.075 -1         0.00000  0
 1.000 -0.050 -1         0.00000  0
 1.000 -0.025  1         0.00000  0
 1.000  0.000  1      1771.45598  0
 1.025 -0.075 -1         0.00000  0
 1.025 -0.050 -1         0.00000  0
 1.025 -0.025  1         0.00000  0
 1.025  0.000  1       962.00817  0
 1.025  0.025  1      3097.80911  0
 1.025  0.050  1      1384.84670  0
 1.025  0.075  1      2002.26101  0
 1.025  0.100  1       317.85760  0
 1.025  0.125  1      1747.59950  0
 1.025  0.150  1       823.09005  0
 1.025  0.175  1         0.00000  0
 1.025  0.200  1      1370.05046  0
 1.025  0.225  1         0.00000  0
 1.025  0.250  1         0.00000  0
 1.025  0.275  1         0.00000  0
 1.025  0.300  1         0.00000  0
 1.025  0.325  1         0.00000  0
 1.025  0.350  1         0.00000  0
 1.025  0.375  1         0.00000  0
 1.025  0.400  1         0.00000  0
 1.025  0.425  1         0.00000  0
 1.025  0.450  1         0.00000  0
 1.025  0.475  1         0.00000  0
 1.025  0.500  1         0.00000  0
 1.025  0.525  1         0.00000  0
 1.025  0.550  1         0.00000  0
 1.025  0.575  1         0.00000  0
 1.025  0.600  1         0.00000  0
 1.050 -0.075 -1         0.00000  0
 1.050 -0.050 -1         0.00000  0
 1.050 -0.025  1         0.00000  0
 1.050  0.000  1         0.00000  0
 1.050  0.025  1         0.00000  0
 1.050  0.050  1         0.00000  0
 1.050  0.075  1         0.00000  0
 1.050  0.100  1         0.00000  0
 1.050  0.125  1         0.00000  0
 1.050  0.150  1         0.00000  0
 1.050  0.175  1         0.00000  0
 1.050  0.200  1         0.00000  0
 1.050  0.225  1         0.00000  0
 1.050  0.250  1         0.00000  0
 1.050  0.275  1         0.00000  0
 1.050  0.300  1         0.00000  0
 1.050  0.325  1         0.00000  0
 1.050  0.350  1         0.00000  0
 1.050  0.375  1         0.00000  0
 1.050  0.400  1         0.00000  0
 1.050  0.425  1         0.00000  0
 1.050  0.450  1         0.00000  0
 1.050  0.475  1         0.00000  0
 1.050  0.500  1         0.00000  0
 1.050  0.525  1         0.00000  0
 1.050  0.550  1         0.00000  0
 1.050  0.575  1         0.00000  0
 1.050  0.600  1         0.00000  0
 1.075 -0.075 -1         0.00000  0
 1.075 -0.050 -1         0.00000  0
 1.075 -0.025 -1         0.00000  0
 1.075  0.000 -1         0.00000  0
 1.075  0.025 -1         0.00000  0
 1.075  0.050 -1         0.00000  0
 1.075  0.075 -1         0.00000  0
 1.075  0.100 -1         0.00000  0
 1.075  0.125 -1         0.00000  0
 1.075  0.150 -1         0.00000  0
 1.075  0.175 -1         0.00000  0
 1.075  0.200 -1         0.00000  0
 1.075  0.225 -1         0.00000  0
 1.075  0.250 -1         0.00000  0
 1.075  0.275 -1         0.00000  0
 1.075  0.300 -1         0.00000  0
 1.075  0.325 -1         0.00000  0
 1.075  0.350 -1         0.00000  0
 1.075  0.375 -1         0.00000  0
 1.075  0.400 -1         0.00000  0
 1.075  0.425 -1         0.00000  0
 1.075  0.450 -1         0.00000  0
 1.075  0.475 -1         0.00000  0
 1.075  0.500 -1         0.00000  0
 1.075  0.525 -1         0.00000  0
 1.075  0.550 -1         0.00000  0
 1.075  0.575  1         0.00000  0
 1.075  0.600  1         0.00000  0
 1.100 -0.075 -1         0.00000  0
 1.100 -0.050 -1         0.00000  0
 1.100 -0.025 -1         0.00000  0
 1.100  0.000 -1         0.00000  0
 1.100  0.025 -1         0.00000  0
 1.100  0.050 -1         0.00000  0
 1.100  0.075 -1         0.00000  0
 1.100  0.100 -1         0.00000  0
 1.100  0.125 -1         0.00000  0
 1.100  0.150 -1         0.00000  0
 1.100  0.175 -1         0.00000  0
 1.100  0.200 -1         0.00000  0
 1.100  0.225 -1         0.00000  0
 1.100  0.250 -1         0.00000  0
 1.100  0.275 -1         0.00000  0
 1.100  0.300 -1         0.00000  0
 1.100  0.325 -1         0.00000  0
 1.100  0.350 -1         0.00000  0
 1.100  0.375 -1         0.00000  0
 1.100  0.400 -1         0.00000  0
 1.100  0.425 -1         0.00000  0
 1.100  0.450 -1         0.00000  0
 1.100  0.475 -1         0.00000  0
 1.100  0.500 -1         0.00000  0
 1.100  0.525 -1         0.00000  0
 1.100  0.550 -1         0.00000  0
 1.100  0.575  1         0.00000  0
 1.100  0.600  1         0.00000  0
