-0.075 -0.075 -1         0.00000  0
-0.075 -0.050 -1         0.00000  0
-0.075 -0.025 -1         0.00000  0
-0.075  0.000 -1         0.00000  0
-0.075  0.025 -1         0.00000  0
-0.075  0.050 -1         0.00000  0
-0.075  0.075 -1         0.00000  0
-0.075  0.100 -1         0.00000  0
-0.075  0.125 -1         0.00000  0
-0.075  0.150 -1         0.00000  0
-0.075  0.175 -1         0.00000  0
-0.075  0.200 -1         0.00000  0
-0.075  0.225 -1         0.00000  0
-0.075  0.250 -1         0.00000  0
-0.075  0.275 -1         0.00000  0
-0.075  0.300 -1         0.00000  0
-0.075  0.325 -1         0.00000  0
-0.075  0.350 -1         0.00000  0
-0.075  0.375 -1         0.00000  0
-0.075  0.400 -1         0.00000  0
-0.075  0.425 -1         0.00000  0
-0.075  0.450 -1         0.00000  0
-0.075  0.475 -1         0.00000  0
-0.075  0.500 -1         0.00000  0
-0.075  0.525 -1         0.00000  0
-0.075  0.550 -1         0.00000  0
-0.075  0.575  1         0.00000  0
-0.075  0.600  1         0.00000  0
-0.050 -0.075 -1         0.00000  0
-0.050 -0.050 -1         0.00000  0
-0.050 -0.025 -1         0.00000  0
-0.050  0.000 -1         0.00000  0
-0.050  0.025 -1         0.00000  0
-0.050  0.050 -1         0.00000  0
-0.050  0.075 -1         0.00000  0
-0.050  0.100 -1         0.00000  0
-0.050  0.125 -1         0.00000  0
-0.050  0.150 -1         0.00000  0
-0.050  0.175 -1         0.00000  0
-0.050  0.200 -1         0.00000  0
-0.050  0.225 -1         0.00000  0
-0.050  0.250 -1         0.00000  0
-0.050  0.275 -1         0.00000  0
-0.050  0.300 -1         0.00000  0
-0.050  0.325 -1         0.00000  0
-0.050  0.350 -1         0.00000  0
-0.050  0.375 -1         0.00000  0
-0.050  0.400 -1         0.00000  0
-0.050  0.425 -1         0.00000  0
-0.050  0.450 -1         0.00000  0
-0.050  0.475 -1         0.00000  0
-0.050  0.500 -1         0.00000  0
-0.050  0.525 -1         0.00000  0
-0.050  0.550 -1         0.00000  0
-0.050  0.575  1         0.00000  0
-0.050  0.600  1         0.00000  0
-0.025 -0.075 -1         0.00000  0
-0.025 -0.050 -1         0.00000  0
-0.025 -0.025  1         0.00000  0
-0.025  0.000  1         0.00000  0
-0.025  0.025  1         0.00000  0
-0.025  0.050  1         0.00000  0
-0.025  0.075  1         0.00000  0
-0.025  0.100  1         0.00000  0
-0.025  0.125  1         0.00000  0
-0.025  0.150  1         0.00000  0
-0.025  0.175  1         0.00000  0
-0.025  0.200  1         0.00000  0
-0.025  0.225  1         0.00000  0
-0.025  0.250  1         0.00000  0
-0.025  0.275  1         0.00000  0
-0.025  0.300  1         0.00000  0
-0.025  0.325  1         0.00000  0
-0.025  0.350  1         0.00000  0
-0.025  0.375  1         0.00000  0
-0.025  0.400  1         0.00000  0
-0.025  0.425  1         0.00000  0
-0.025  0.450  1         0.00000  0
-0.025  0.475  1         0.00000  0
-0.025  0.500  1         0.00000  0
-0.025  0.525  1         0.00000  0
-0.025  0.550  1         0.00000  0
-0.025  0.575  1         0.00000  0
-0.025  0.600  1         0.00000  0
 0.000 -0.075 -1         0.00000  0
 0.000 -0.050 -1         0.00000  0
 0.000 -0.025  1         0.00000  0
 0.000  0.000  1      1288.10121  0
 0.000  0.025  1      3796.50846  0
 0.000  0.050  1         0.00000  0
 0.000  0.075  1      2858.70555  0
 0.000  0.100  1      1134.71885  0
 0.000  0.125  1         0.00000  0
 0.000  0.150  1       121.55015  0
 0.000  0.175  1      3066.83417  0
 0.000  0.200  1       682.17451  0
 0.000  0.225  1         0.00000  0
 0.000  0.250  1         0.00000  0
 0.000  0.275  1         0.00000  0
 0.000  0.300  1         0.00000  0
 0.000  0.325  1         0.00000  0
 0.000  0.350  1         0.00000  0
 0.000  0.375  1         0.00000  0
 0.000  0.400  1         0.00000  0
 0.000  0.425  1         0.00000  0
 0.000  0.450  1         0.00000  0
 0.000  0.475  1         0.00000  0
 0.000  0.500  1         0.00000  0
 0.000  0.525  1         0.00000  0
 0.000  0.550  1         0.00000  0
 0.000  0.575  1         0.00000  0
 0.000  0.600  1         0.00000  0
 0.025 -0.075 -1         0.00000  0
 0.025 -0.050 -1         0.00000  0
 0.025 -0.025  1         0.00000  0
 0.025  0.000  1      2183.44695  0
 0.020  0.026  0      3087.54435  0
 0.069  0.043  0      2507.47466  0
 0.039  0.039  0      2857.02318  0
 0.090  0.040  0      2138.58758  0
 0.036  0.061  0      3185.78606  0
 0.060  0.064  0      2322.92895  0
 0.021  0.077  0      4600.20675  0
 0.065  0.093  0      1930.45761  0
 0.038  0.092  0      1898.35474  0
 0.020  0.115  0       942.89199  0
 0.049  0.137  0      2270.45977  0
 0.026  0.146  0         0.00000  0
 0.021  0.173  0       353.07042  0
 0.038  0.193  0         0.00000  0
 0.022  0.212  0         0.00000  0
 0.032  0.232  0         0.00000  0
 0.030  0.250  0         0.00000  0
 0.027  0.273  0       332.17019  0
 0.038  0.292  0         0.00000  0
 0.022  0.302  0         0.00000  0
 0.050 -0.075 -1         0.00000  0
 0.050 -0.050 -1         0.00000  0
 0.050 -0.025  1         0.00000  0
 0.050  0.000  1      4395.52862  0
 0.055  0.019  0      4043.89704  0
 0.124  0.028  0      1601.29826  0
 0.103  0.069  0      2927.17053  0
 0.118  0.054  0       177.35583  0
 0.082  0.074  0       781.96746  0
 0.105  0.092  0      1600.38473  0
 0.076  0.111  0      1083.86394  0
 0.102  0.118  0      1611.87989  0
 0.047  0.114  0      1344.54344  0
 0.078  0.134  0       853.37458  0
 0.076  0.161  0       555.45787  0
 0.116  0.179  0         0.00000  0
 0.047  0.158  0      1016.18652  0
 0.085  0.178  0         0.00000  0
 0.056  0.183  0      1169.61056  0
 0.063  0.208  0       780.07507  0
 0.066  0.229  0       111.73002  0
 0.061  0.250  0       339.37100  0
 0.059  0.272  0         0.00000  0
 0.063  0.297  0         0.00000  0
 0.075 -0.075 -1         0.00000  0
 0.075 -0.050 -1         0.00000  0
 0.075 -0.025  1         0.00000  0
 0.075  0.000  1         0.00000  0
 0.145  0.020  0      2961.04439  0
 0.098  0.022  0      1911.55248  0
 0.187  0.023  0       838.01277  0
 0.146  0.050  0      2386.86654  0
 0.172  0.037  0       600.58680  0
 0.141  0.069  0      1976.93898  0
 0.155  0.094  0        22.91382  0
 0.125  0.096  0       456.56471  0
 0.130  0.118  0      1294.69006  0
 0.116  0.138  0      1567.19247  0
 0.148  0.132  0         0.00000  0
 0.097  0.148  0         0.00000  0
 0.130  0.165  0       296.08619  0
 0.112  0.204  0         0.00000  0
 0.085  0.203  0       285.50309  0
 0.095  0.225  0        39.81664  0
 0.107  0.244  0       662.73321  0
 0.084  0.256  0         0.00000  0
 0.100  0.279  0         0.00000  0
 0.086  0.283  0         0.00000  0
 0.100 -0.075 -1         0.00000  0
 0.100 -0.050 -1         0.00000  0
 0.100 -0.025  1         0.00000  0
 0.100  0.000  1      2253.09205  0
 0.239  0.026  0      1583.55383  0
 0.216  0.021  0      3257.23257  0
 0.216  0.050  0      1371.31361  0
 0.194  0.053  0      1765.43479  0
 0.201  0.075  0      2471.10010  0
 0.167  0.063  0      2048.96356  0
 0.232  0.073  0      1826.56943  0
 0.221  0.091  0      1876.60651  0
 0.221  0.113  0      2408.83784  0
 0.182  0.084  0        49.38816  0
 0.196  0.115  0         0.00000  0
 0.167  0.106  0      1398.02729  0
 0.183  0.130  0      1206.96101  0
 0.160  0.147  0       709.38816  0
 0.154  0.167  0         0.00000  0
 0.139  0.188  0       854.66421  0
 0.135  0.211  0       200.45052  0
 0.129  0.232  0         0.00000  0
 0.126  0.259  0         0.00000  0
 0.123  0.284  0         0.00000  0
 0.125 -0.075 -1         0.00000  0
 0.125 -0.050 -1         0.00000  0
 0.125 -0.025  1         0.00000  0
 0.125  0.000  1      2541.91652  0
 0.269  0.021  0      3851.32915  0
 0.260  0.044  0      5510.35608  0
 0.296  0.025  0      3228.34734  0
 0.243  0.053  0      4964.40398  0
 0.298  0.044  0      2929.82660  0
 0.331  0.040  0      3055.58037  0
 0.340  0.080  0      3115.65767  0
 0.283  0.059  0      1789.61825  0
 0.278  0.079  0      2313.33237  0
 0.254  0.088  0       771.61525  0
 0.262  0.106  0      2499.49675  0
 0.242  0.122  0         0.00000  0
 0.219  0.139  0      1188.77162  0
 0.196  0.149  0       910.37573  0
 0.186  0.171  0       817.10086  0
 0.172  0.189  0         0.00000  0
 0.175  0.213  0       732.93074  0
 0.160  0.226  0         0.00000  0
 0.163  0.252  0         0.00000  0
 0.147  0.261  0         0.00000  0
 0.150 -0.075 -1         0.00000  0
 0.150 -0.050 -1         0.00000  0
 0.150 -0.025  1         0.00000  0
 0.150  0.000  1      3425.28232  0
 0.455  0.021  0         0.00000  0
 0.330  0.020  0      5046.66847  0
 0.422  0.021  0      5354.19368  0
 0.373  0.020  0      4458.45542  0
 0.438  0.039  0      1804.68917  0
 0.355  0.040  0      3208.96031  0
 0.379  0.046  0      4058.35453  0
 0.314  0.080  0      1906.25672  0
 0.325  0.063  0      2513.43921  0
 0.317  0.110  0      2179.68159  0
 0.295  0.094  0      2192.72146  0
 0.279  0.117  0       527.49286  0
 0.248  0.144  0      1165.11570  0
 0.235  0.165  0         0.00000  0
 0.214  0.168  0      1435.51313  0
 0.220  0.191  0         0.00000  0
 0.196  0.194  0         0.00000  0
 0.209  0.220  0       361.79137  0
 0.192  0.239  0         0.00000  0
 0.181  0.250  0         0.00000  0
 0.175 -0.075 -1         0.00000  0
 0.175 -0.050 -1         0.00000  0
 0.175 -0.025  1         0.00000  0
 0.175  0.000  1         0.00000  0
 0.539  0.022  0         0.00000  0
 0.498  0.020  0         0.00000  0
 0.585  0.021  0      1466.91119  0
 0.468  0.043  0       164.83867  0
 0.487  0.047  0      2036.70584  0
 0.479  0.070  0      1440.90155  0
 0.446  0.063  0      2570.59167  0
 0.400  0.028  0      3537.60820  0
 0.412  0.052  0      2986.64515  0
 0.363  0.062  0      1664.17751  0
 0.381  0.084  0      2074.18780  0
 0.354  0.095  0      3060.90279  0
 0.339  0.117  0       329.75181  0
 0.302  0.126  0      1872.57759  0
 0.288  0.150  0       454.76267  0
 0.267  0.153  0      1176.08000  0
 0.267  0.178  0      1791.01840  0
 0.246  0.194  0      1502.48161  0
 0.238  0.223  0         0.00000  0
 0.219  0.234  0         0.00000  0
 0.200 -0.075 -1         0.00000  0
 0.200 -0.050 -1         0.00000  0
 0.200 -0.025  1         0.00000  0
 0.200  0.000  1      2825.02296  0
 0.692  0.022  0       496.72327  0
 0.622  0.024  0         0.00000  0
 0.650  0.023  0       912.44378  0
 0.635  0.045  0      2421.43421  0
 0.600  0.036  0         0.00000  0
 0.520  0.031  0       476.92297  0
 0.509  0.055  0         0.00000  0
 0.566  0.072  0       995.88072  0
 0.495  0.085  0         0.00000  0
 0.453  0.084  0       734.21713  0
 0.395  0.068  0      4010.34180  0
 0.425  0.072  0      2112.93749  0
 0.414  0.091  0      1537.61785  0
 0.389  0.107  0      1881.53862  0
 0.366  0.115  0      1364.20790  0
 0.347  0.138  0      1861.82206  0
 0.317  0.143  0      2076.43232  0
 0.300  0.170  0         0.00000  0
 0.287  0.191  0         0.00000  0
 0.257  0.214  0         0.00000  0
 0.225 -0.075 -1         0.00000  0
 0.225 -0.050 -1         0.00000  0
 0.225 -0.025  1         0.00000  0
 0.225  0.000  1      4223.37835  0
 0.716  0.027  0       733.53045  0
 0.744  0.048  0         0.00000  0
 0.772  0.034  0         0.00000  0
 0.715  0.053  0         0.00000  0
 0.679  0.051  0         0.00000  0
 0.672  0.032  0       512.87650  0
 0.653  0.065  0         0.00000  0
 0.563  0.033  0         0.00000  0
 0.572  0.052  0       811.98377  0
 0.535  0.054  0       964.04437  0
 0.588  0.085  0         0.00000  0
 0.526  0.076  0       919.91043  0
 0.511  0.105  0         0.00000  0
 0.464  0.109  0       316.24378  0
 0.432  0.109  0       318.44828  0
 0.408  0.127  0       117.90086  0
 0.385  0.135  0      1793.89464  0
 0.353  0.161  0         0.00000  0
 0.319  0.172  0         0.00000  0
 0.271  0.204  0         0.00000  0
 0.250 -0.075 -1         0.00000  0
 0.250 -0.050 -1         0.00000  0
 0.250 -0.025  1         0.00000  0
 0.250  0.000  1      2076.70633  0
 0.840  0.030  0         0.00000  0
 0.823  0.039  0         0.00000  0
 0.821  0.022  0         0.00000  0
 0.739  0.026  0         0.00000  0
 0.775  0.021  0       627.07662  0
 0.726  0.062  0         0.00000  0
 0.687  0.075  0         0.00000  0
 0.679  0.090  0         0.00000  0
 0.665  0.082  0         0.00000  0
 0.637  0.099  0         0.00000  0
 0.626  0.061  0       187.08467  0
 0.605  0.066  0      1519.36035  0
 0.601  0.085  0         0.00000  0
 0.548  0.075  0         0.00000  0
 0.533  0.100  0         0.00000  0
 0.478  0.097  0      1693.18895  0
 0.465  0.126  0         0.00000  0
 0.423  0.123  0       962.25621  0
 0.378  0.147  0         0.00000  0
 0.337  0.164  0         0.00000  0
 0.275 -0.075 -1         0.00000  0
 0.275 -0.050 -1         0.00000  0
 0.275 -0.025  1         0.00000  0
 0.275  0.000  1      3907.74306  0
 0.300 -0.075 -1         0.00000  0
 0.300 -0.050 -1         0.00000  0
 0.300 -0.025  1         0.00000  0
 0.300  0.000  1      1945.37780  0
 0.325 -0.075 -1         0.00000  0
 0.325 -0.050 -1         0.00000  0
 0.325 -0.025  1         0.00000  0
 0.325  0.000  1      4068.59051  0
 0.350 -0.075 -1         0.00000  0
 0.350 -0.050 -1         0.00000  0
 0.350 -0.025  1         0.00000  0
 0.350  0.000  1      1778.40557  0
 0.375 -0.075 -1         0.00000  0
 0.375 -0.050 -1         0.00000  0
 0.375 -0.025  1         0.00000  0
 0.375  0.000  1      5451.96017  0
 0.400 -0.075 -1         0.00000  0
 0.400 -0.050 -1         0.00000  0
 0.400 -0.025  1         0.00000  0
 0.400  0.000  1      3068.28186  0
 0.425 -0.075 -1         0.00000  0
 0.425 -0.050 -1         0.00000  0
 0.425 -0.025  1         0.00000  0
 0.425  0.000  1      6751.82984  0
 0.450 -0.075 -1         0.00000  0
 0.450 -0.050 -1         0.00000  0
 0.450 -0.025  1         0.00000  0
 0.450  0.000  1      3180.00561  0
 0.475 -0.075 -1         0.00000  0
 0.475 -0.050 -1         0.00000  0
 0.475 -0.025  1         0.00000  0
 0.475  0.000  1         0.00000  0
 0.500 -0.075 -1         0.00000  0
 0.500 -0.050 -1         0.00000  0
 0.500 -0.025  1         0.00000  0
 0.500  0.000  1      1776.62496  0
 0.525 -0.075 -1         0.00000  0
 0.525 -0.050 -1         0.00000  0
 0.525 -0.025  1         0.00000  0
 0.525  0.000  1       749.87498  0
 0.550 -0.075 -1         0.00000  0
 0.550 -0.050 -1         0.00000  0
 0.550 -0.025  1         0.00000  0
 0.550  0.000  1         0.00000  0
 0.575 -0.075 -1         0.00000  0
 0.575 -0.050 -1         0.00000  0
 0.575 -0.025  1         0.00000  0
 0.575  0.000  1         0.00000  0
 0.600 -0.075 -1         0.00000  0
 0.600 -0.050 -1         0.00000  0
 0.600 -0.025  1         0.00000  0
 0.600  0.000  1         0.00000  0
 0.625 -0.075 -1         0.00000  0
 0.625 -0.050 -1         0.00000  0
 0.625 -0.025  1         0.00000  0
 0.625  0.000  1      1067.98528  0
 0.650 -0.075 -1         0.00000  0
 0.650 -0.050 -1         0.00000  0
 0.650 -0.025  1         0.00000  0
 0.650  0.000  1      2441.52529  0
 0.675 -0.075 -1         0.00000  0
 0.675 -0.050 -1         0.00000  0
 0.675 -0.025  1         0.00000  0
 0.675  0.000  1       309.16743  0
 0.700 -0.075 -1         0.00000  0
 0.700 -0.050 -1         0.00000  0
 0.700 -0.025  1         0.00000  0
 0.700  0.000  1      1206.40414  0
 0.725 -0.075 -1         0.00000  0
 0.725 -0.050 -1         0.00000  0
 0.725 -0.025  1         0.00000  0
 0.725  0.000  1         0.00000  0
 0.750 -0.075 -1         0.00000  0
 0.750 -0.050 -1         0.00000  0
 0.750 -0.025  1         0.00000  0
 0.750  0.000  1         0.00000  0
 0.775 -0.075 -1         0.00000  0
 0.775 -0.050 -1         0.00000  0
 0.775 -0.025  1         0.00000  0
 0.775  0.000  1       417.41432  0
 0.800 -0.075 -1         0.00000  0
 0.800 -0.050 -1         0.00000  0
 0.800 -0.025  1         0.00000  0
 0.800  0.000  1         0.00000  0
 0.825 -0.075 -1         0.00000  0
 0.825 -0.050 -1         0.00000  0
 0.825 -0.025  1         0.00000  0
 0.825  0.000  1      1497.01819  0
 0.850 -0.075 -1         0.00000  0
 0.850 -0.050 -1         0.00000  0
 0.850 -0.025  1         0.00000  0
 0.850  0.000  1         0.00000  0
 0.875 -0.075 -1         0.00000  0
 0.875 -0.050 -1         0.00000  0
 0.875 -0.025  1         0.00000  0
 0.875  0.000  1         0.00000  0
 0.900 -0.075 -1         0.00000  0
 0.900 -0.050 -1         0.00000  0
 0.900 -0.025  1         0.00000  0
 0.900  0.000  1         0.00000  0
 0.925 -0.075 -1         0.00000  0
 0.925 -0.050 -1         0.00000  0
 0.925 -0.025  1         0.00000  0
 0.925  0.000  1         0.00000  0
 0.950 -0.075 -1         0.00000  0
 0.950 -0.050 -1         0.00000  0
 0.950 -0.025  1         0.00000  0
 0.950  0.000  1         0.00000  0
 0.975 -0.075 -1         0.00000  0
 0.975 -0.050 -1         0.00000  0
 0.975 -0.025  1         0.00000  0
 0.975  0.000  1         0.00000  0
 1.000 -0.075 -1         0.00000  0
 1.000 -0.050 -1         0.00000  0
 1.000 -0.025  1         0.00000  0
 1.000  0.000  1         0.00000  0
 1.025 -0.075 -1         0.00000  0
 1.025 -0.050 -1         0.00000  0
 1.025 -0.025  1         0.00000  0
 1.025  0.000  1         0.00000  0
 1.025  0.025  1         0.00000  0
 1.025  0.050  1         0.00000  0
 1.025  0.075  1         0.00000  0
 1.025  0.100  1         0.00000  0
 1.025  0.125  1         0.00000  0
 1.025  0.150  1         0.00000  0
 1.025  0.175  1         0.00000  0
 1.025  0.200  1         0.00000  0
 1.025  0.225  1         0.00000  0
 1.025  0.250  1         0.00000  0
 1.025  0.275  1         0.00000  0
 1.025  0.300  1         0.00000  0
 1.025  0.325  1         0.00000  0
 1.025  0.350  1         0.00000  0
 1.025  0.375  1         0.00000  0
 1.025  0.400  1         0.00000  0
 1.025  0.425  1         0.00000  0
 1.025  0.450  1         0.00000  0
 1.025  0.475  1         0.00000  0
 1.025  0.500  1         0.00000  0
 1.025  0.525  1         0.00000  0
 1.025  0.550  1         0.00000  0
 1.025  0.575  1         0.00000  0
 1.025  0.600  1         0.00000  0
 1.050 -0.075 -1         0.00000  0
 1.050 -0.050 -1         0.00000  0
 1.050 -0.025  1         0.00000  0
 1.050  0.000  1         0.00000  0
 1.050  0.025  1         0.00000  0
 1.050  0.050  1         0.00000  0
 1.050  0.075  1         0.00000  0
 1.050  0.100  1         0.00000  0
 1.050  0.125  1         0.00000  0
 1.050  0.150  1         0.00000  0
 1.050  0.175  1         0.00000  0
 1.050  0.200  1         0.00000  0
 1.050  0.225  1         0.00000  0
 1.050  0.250  1         0.00000  0
 1.050  0.275  1         0.00000  0
 1.050  0.300  1         0.00000  0
 1.050  0.325  1         0.00000  0
 1.050  0.350  1         0.00000  0
 1.050  0.375  1         0.00000  0
 1.050  0.400  1         0.00000  0
 1.050  0.425  1         0.00000  0
 1.050  0.450  1         0.00000  0
 1.050  0.475  1         0.00000  0
 1.050  0.500  1         0.00000  0
 1.050  0.525  1         0.00000  0
 1.050  0.550  1         0.00000  0
 1.050  0.575  1         0.00000  0
 1.050  0.600  1         0.00000  0
 1.075 -0.075 -1         0.00000  0
 1.075 -0.050 -1         0.00000  0
 1.075 -0.025 -1         0.00000  0
 1.075  0.000 -1         0.00000  0
 1.075  0.025 -1         0.00000  0
 1.075  0.050 -1         0.00000  0
 1.075  0.075 -1         0.00000  0
 1.075  0.100 -1         0.00000  0
 1.075  0.125 -1         0.00000  0
 1.075  0.150 -1         0.00000  0
 1.075  0.175 -1         0.00000  0
 1.075  0.200 -1         0.00000  0
 1.075  0.225 -1         0.00000  0
 1.075  0.250 -1         0.00000  0
 1.075  0.275 -1         0.00000  0
 1.075  0.300 -1         0.00000  0
 1.075  0.325 -1         0.00000  0
 1.075  0.350 -1         0.00000  0
 1.075  0.375 -1         0.00000  0
 1.075  0.400 -1         0.00000  0
 1.075  0.425 -1         0.00000  0
 1.075  0.450 -1         0.00000  0
 1.075  0.475 -1         0.00000  0
 1.075  0.500 -1         0.00000  0
 1.075  0.525 -1         0.00000  0
 1.075  0.550 -1         0.00000  0
 1.075  0.575  1         0.00000  0
 1.075  0.600  1         0.00000  0
 1.100 -0.075 -1         0.00000  0
 1.100 -0.050 -1         0.00000  0
 1.100 -0.025 -1         0.00000  0
 1.100  0.000 -1         0.00000  0
 1.100  0.025 -1         0.00000  0
 1.100  0.050 -1         0.00000  0
 1.100  0.075 -1         0.00000  0
 1.100  0.100 -1         0.00000  0
 1.100  0.125 -1         0.00000  0
 1.100  0.150 -1         0.00000  0
 1.100  0.175 -1         0.00000  0
 1.100  0.200 -1         0.00000  0
 1.100  0.225 -1         0.00000  0
 1.100  0.250 -1         0.00000  0
 1.100  0.275 -1         0.00000  0
 1.100  0.300 -1         0.00000  0
 1.100  0.325 -1         0.00000  0
 1.100  0.350 -1         0.00000  0
 1.100  0.375 -1         0.00000  0
 1.100  0.400 -1         0.00000  0
 1.100  0.425 -1         0.00000  0
 1.100  0.450 -1         0.00000  0
 1.100  0.475 -1         0.00000  0
 1.100  0.500 -1         0.00000  0
 1.100  0.525 -1         0.00000  0
 1.100  0.550 -1         0.00000  0
 1.100  0.575  1         0.00000  0
 1.100  0.600  1         0.00000  0
