-0.075 -0.075 -1         0.00000  0
-0.075 -0.050 -1         0.00000  0
-0.075 -0.025 -1         0.00000  0
-0.075  0.000 -1         0.00000  0
-0.075  0.025 -1         0.00000  0
-0.075  0.050 -1         0.00000  0
-0.075  0.075 -1         0.00000  0
-0.075  0.100 -1         0.00000  0
-0.075  0.125 -1         0.00000  0
-0.075  0.150 -1         0.00000  0
-0.075  0.175 -1         0.00000  0
-0.075  0.200 -1         0.00000  0
-0.075  0.225 -1         0.00000  0
-0.075  0.250 -1         0.00000  0
-0.075  0.275 -1         0.00000  0
-0.075  0.300 -1         0.00000  0
-0.075  0.325 -1         0.00000  0
-0.075  0.350 -1         0.00000  0
-0.075  0.375 -1         0.00000  0
-0.075  0.400 -1         0.00000  0
-0.075  0.425 -1         0.00000  0
-0.075  0.450 -1         0.00000  0
-0.075  0.475 -1         0.00000  0
-0.075  0.500 -1         0.00000  0
-0.075  0.525 -1         0.00000  0
-0.075  0.550 -1         0.00000  0
-0.075  0.575  1         0.00000  0
-0.075  0.600  1         0.00000  0
-0.050 -0.075 -1         0.00000  0
-0.050 -0.050 -1         0.00000  0
-0.050 -0.025 -1         0.00000  0
-0.050  0.000 -1         0.00000  0
-0.050  0.025 -1         0.00000  0
-0.050  0.050 -1         0.00000  0
-0.050  0.075 -1         0.00000  0
-0.050  0.100 -1         0.00000  0
-0.050  0.125 -1         0.00000  0
-0.050  0.150 -1         0.00000  0
-0.050  0.175 -1         0.00000  0
-0.050  0.200 -1         0.00000  0
-0.050  0.225 -1         0.00000  0
-0.050  0.250 -1         0.00000  0
-0.050  0.275 -1         0.00000  0
-0.050  0.300 -1         0.00000  0
-0.050  0.325 -1         0.00000  0
-0.050  0.350 -1         0.00000  0
-0.050  0.375 -1         0.00000  0
-0.050  0.400 -1         0.00000  0
-0.050  0.425 -1         0.00000  0
-0.050  0.450 -1         0.00000  0
-0.050  0.475 -1         0.00000  0
-0.050  0.500 -1         0.00000  0
-0.050  0.525 -1         0.00000  0
-0.050  0.550 -1         0.00000  0
-0.050  0.575  1         0.00000  0
-0.050  0.600  1         0.00000  0
-0.025 -0.075 -1         0.00000  0
-0.025 -0.050 -1         0.00000  0
-0.025 -0.025  1         0.00000  0
-0.025  0.000  1         0.00000  0
-0.025  0.025  1         0.00000  0
-0.025  0.050  1         0.00000  0
-0.025  0.075  1         0.00000  0
-0.025  0.100  1         0.00000  0
-0.025  0.125  1         0.00000  0
-0.025  0.150  1         0.00000  0
-0.025  0.175  1         0.00000  0
-0.025  0.200  1         0.00000  0
-0.025  0.225  1         0.00000  0
-0.025  0.250  1         0.00000  0
-0.025  0.275  1         0.00000  0
-0.025  0.300  1         0.00000  0
-0.025  0.325  1         0.00000  0
-0.025  0.350  1         0.00000  0
-0.025  0.375  1         0.00000  0
-0.025  0.400  1         0.00000  0
-0.025  0.425  1         0.00000  0
-0.025  0.450  1         0.00000  0
-0.025  0.475  1         0.00000  0
-0.025  0.500  1         0.00000  0
-0.025  0.525  1         0.00000  0
-0.025  0.550  1         0.00000  0
-0.025  0.575  1         0.00000  0
-0.025  0.600  1         0.00000  0
 0.000 -0.075 -1         0.00000  0
 0.000 -0.050 -1         0.00000  0
 0.000 -0.025  1         0.00000  0
 0.000  0.000  1      8805.40561  0
 0.000  0.025  1         0.00000  0
 0.000  0.050  1         0.00000  0
 0.000  0.075  1         0.00000  0
 0.000  0.100  1         0.00000  0
 0.000  0.125  1         0.00000  0
 0.000  0.150  1         0.00000  0
 0.000  0.175  1         0.00000  0
 0.000  0.200  1         0.00000  0
 0.000  0.225  1         0.00000  0
 0.000  0.250  1         0.00000  0
 0.000  0.275  1         0.00000  0
 0.000  0.300  1         0.00000  0
 0.000  0.325  1         0.00000  0
 0.000  0.350  1         0.00000  0
 0.000  0.375  1         0.00000  0
 0.000  0.400  1         0.00000  0
 0.000  0.425  1         0.00000  0
 0.000  0.450  1         0.00000  0
 0.000  0.475  1         0.00000  0
 0.000  0.500  1         0.00000  0
 0.000  0.525  1         0.00000  0
 0.000  0.550  1         0.00000  0
 0.000  0.575  1         0.00000  0
 0.000  0.600  1         0.00000  0
 0.025 -0.075 -1         0.00000  0
 0.025 -0.050 -1         0.00000  0
 0.025 -0.025  1         0.00000  0
 0.025  0.000  1     19307.42267  0
 0.136  0.044  0         0.00000  0
-0.125  1.071  0         0.00000  0
****** ******  0         0.00000  0
 3.535  8.080  0         0.00000  0
 0.048  0.016  0     12589.92961  0
 0.514  3.269  0         0.00000  0
-1.520 -4.449  0         0.00000  0
 0.508  0.903  0         0.00000  0
******  1.606  0         0.00000  0
13.132 ******  0         0.00000  0
-3.994 ******  0         0.00000  0
-7.511 -2.653  0         0.00000  0
 0.249  0.015  0         0.00000  0
 9.159  3.225  0         0.00000  0
 0.169  0.190  0         0.00000  0
 0.021  0.019  0      8660.72168  0
 0.448  0.361  0         0.00000  0
****** ******  0         0.00000  0
14.208 -6.717  0         0.00000  0
-5.178  7.980  0         0.00000  0
 0.050 -0.075 -1         0.00000  0
 0.050 -0.050 -1         0.00000  0
 0.050 -0.025  1         0.00000  0
 0.050  0.000  1     21278.45390  0
****** 46.277  0         0.00000  0
 0.253  1.052  0         0.00000  0
13.552 -3.085  0         0.00000  0
-4.588 -9.189  0         0.00000  0
-0.970 -3.880  0         0.00000  0
 0.155  0.764  0         0.00000  0
-2.471  3.656  0         0.00000  0
 8.055 12.588  0         0.00000  0
 0.020  0.158  0         0.00000  0
-8.337  0.311  0         0.00000  0
 0.539  0.764  0         0.00000  0
12.422  6.947  0         0.00000  0
 0.086  0.120  0         0.00000  0
 0.085  1.303  0         0.00000  0
 0.036  0.203  0         0.00000  0
****** 39.431  0         0.00000  0
-0.161  0.808  0         0.00000  0
 0.321  2.169  0         0.00000  0
 1.600  0.993  0         0.00000  0
 0.104  0.562  0         0.00000  0
 0.075 -0.075 -1         0.00000  0
 0.075 -0.050 -1         0.00000  0
 0.075 -0.025  1         0.00000  0
 0.075  0.000  1         0.00000  0
 1.582 -1.919  0         0.00000  0
****** ******  0         0.00000  0
-2.731 -3.468  0         0.00000  0
 2.146  2.108  0         0.00000  0
-1.950  6.899  0         0.00000  0
-1.577  2.173  0         0.00000  0
 6.940 26.926  0         0.00000  0
****** 48.567  0         0.00000  0
 0.021  0.302  0         0.00000  0
 0.254  0.442  0         0.00000  0
 0.016  0.111  0         0.00000  0
 0.405  0.222  0         0.00000  0
****** 21.489  0         0.00000  0
-1.911  2.129  0         0.00000  0
 1.475 -2.253  0         0.00000  0
 0.067  1.112  0         0.00000  0
 3.308 19.370  0         0.00000  0
****** ******  0         0.00000  0
 0.964  0.319  0         0.00000  0
****** ******  0         0.00000  0
 0.100 -0.075 -1         0.00000  0
 0.100 -0.050 -1         0.00000  0
 0.100 -0.025  1         0.00000  0
 0.100  0.000  1         0.00000  0
 0.771  0.104  0         0.00000  0
****** 35.584  0         0.00000  0
14.364  4.073  0         0.00000  0
 0.744  0.540  0         0.00000  0
34.841 ******  0         0.00000  0
 8.603  5.934  0         0.00000  0
 0.560  2.298  0         0.00000  0
 0.500  0.023  0         0.00000  0
-2.883  4.783  0         0.00000  0
****** -6.049  0         0.00000  0
 0.044  5.335  0         0.00000  0
 6.563  1.471  0         0.00000  0
-7.687 -4.011  0         0.00000  0
-5.936  2.779  0         0.00000  0
-6.831 12.622  0         0.00000  0
****** ******  0         0.00000  0
****** ******  0         0.00000  0
-8.506 ******  0         0.00000  0
 4.859 ******  0         0.00000  0
32.157  4.229  0         0.00000  0
 0.125 -0.075 -1         0.00000  0
 0.125 -0.050 -1         0.00000  0
 0.125 -0.025  1         0.00000  0
 0.125  0.000  1         0.00000  0
 1.339 -4.815  0         0.00000  0
-5.667 ******  0         0.00000  0
****** 85.058  0         0.00000  0
 0.745  0.121  0         0.00000  0
 6.347 22.594  0         0.00000  0
 0.841  0.097  0         0.00000  0
32.412 ******  0         0.00000  0
****** ******  0         0.00000  0
 2.477  9.640  0         0.00000  0
 0.766  0.272  0         0.00000  0
 0.996  0.163  0         0.00000  0
 2.830 -1.096  0         0.00000  0
****** ******  0         0.00000  0
27.960 ******  0         0.00000  0
 0.301  0.404  0         0.00000  0
-1.722  3.442  0         0.00000  0
 4.841  7.058  0         0.00000  0
 2.195 -7.241  0         0.00000  0
-1.715 -4.280  0         0.00000  0
******  8.244  0         0.00000  0
 0.150 -0.075 -1         0.00000  0
 0.150 -0.050 -1         0.00000  0
 0.150 -0.025  1         0.00000  0
 0.150  0.000  1         0.00000  0
 0.983  0.508  0         0.00000  0
13.008 ******  0         0.00000  0
-3.514 ******  0         0.00000  0
 0.073  0.998  0         0.00000  0
-0.643  2.027  0         0.00000  0
19.417 ******  0         0.00000  0
****** 43.739  0         0.00000  0
 1.631 -2.291  0         0.00000  0
****** 19.719  0         0.00000  0
******  1.190  0         0.00000  0
 0.635  6.661  0         0.00000  0
****** ******  0         0.00000  0
 0.799  0.241  0         0.00000  0
****** ******  0         0.00000  0
 1.202  3.133  0         0.00000  0
-2.311  2.328  0         0.00000  0
****** ******  0         0.00000  0
10.207 -9.841  0         0.00000  0
 0.709  0.121  0         0.00000  0
 1.188 -5.545  0         0.00000  0
 0.175 -0.075 -1         0.00000  0
 0.175 -0.050 -1         0.00000  0
 0.175 -0.025  1         0.00000  0
 0.175  0.000  1         0.00000  0
****** 79.641  0         0.00000  0
34.776 ******  0         0.00000  0
 4.790  4.437  0         0.00000  0
****** 52.912  0         0.00000  0
 0.600  0.778  0         0.00000  0
****** ******  0         0.00000  0
 0.347  0.681  0         0.00000  0
 1.912  0.885  0         0.00000  0
-6.693 -3.902  0         0.00000  0
****** ******  0         0.00000  0
******  3.420  0         0.00000  0
 0.448  0.663  0         0.00000  0
 0.146  1.045  0         0.00000  0
****** ******  0         0.00000  0
84.485 33.859  0         0.00000  0
28.893 ******  0         0.00000  0
 0.694  0.299  0         0.00000  0
 0.548  0.873  0         0.00000  0
 0.561  0.035  0         0.00000  0
 0.964  0.197  0         0.00000  0
 0.200 -0.075 -1         0.00000  0
 0.200 -0.050 -1         0.00000  0
 0.200 -0.025  1         0.00000  0
 0.200  0.000  1         0.00000  0
-5.800  0.051  0         0.00000  0
****** ******  0         0.00000  0
 0.966  0.696  0         0.00000  0
 7.732 15.502  0         0.00000  0
 0.542  4.509  0         0.00000  0
-6.797 -0.018  0         0.00000  0
 0.053  0.043  0         0.00000  0
 5.311 40.912  0         0.00000  0
52.731 36.955  0         0.00000  0
 1.864  7.092  0         0.00000  0
 0.549  0.238  0         0.00000  0
17.076  1.646  0         0.00000  0
-8.740 -3.363  0         0.00000  0
-0.902  0.764  0         0.00000  0
-6.285  2.484  0         0.00000  0
 0.683  0.286  0         0.00000  0
52.979 19.167  0         0.00000  0
-0.954  4.424  0         0.00000  0
88.429 15.019  0         0.00000  0
****** ******  0         0.00000  0
 0.225 -0.075 -1         0.00000  0
 0.225 -0.050 -1         0.00000  0
 0.225 -0.025  1         0.00000  0
 0.225  0.000  1         0.00000  0
 0.723  0.797  0         0.00000  0
****** ******  0         0.00000  0
 0.437  0.022  0         0.00000  0
 0.703  3.577  0         0.00000  0
13.650 -2.495  0         0.00000  0
 0.396  1.348  0         0.00000  0
 3.194 13.940  0         0.00000  0
-0.353 -2.425  0         0.00000  0
 6.247  7.084  0         0.00000  0
 0.165  5.110  0         0.00000  0
 0.184  0.193  0         0.00000  0
 0.072  0.389  0         0.00000  0
-1.167 ******  0         0.00000  0
****** ******  0         0.00000  0
 0.053  0.287  0         0.00000  0
 0.463  1.770  0         0.00000  0
 1.003  0.464  0         0.00000  0
******  0.031  0         0.00000  0
 8.944 -0.638  0         0.00000  0
 4.657 -9.485  0         0.00000  0
 0.250 -0.075 -1         0.00000  0
 0.250 -0.050 -1         0.00000  0
 0.250 -0.025  1         0.00000  0
 0.250  0.000  1      5265.82944  0
 1.879  4.005  0         0.00000  0
 0.851  0.463  0         0.00000  0
-0.167  0.016  0         0.00000  0
 1.008  0.644  0         0.00000  0
 0.865  0.700  0         0.00000  0
 0.191  0.061  0         0.00000  0
****** 12.745  0         0.00000  0
 0.710  0.774  0         0.00000  0
 0.364  2.145  0         0.00000  0
 4.599 ******  0         0.00000  0
****** ******  0         0.00000  0
****** -8.139  0         0.00000  0
 1.298  0.402  0         0.00000  0
 1.084 -0.344  0         0.00000  0
17.646  8.689  0         0.00000  0
****** ******  0         0.00000  0
 0.807  0.734  0         0.00000  0
 0.990  0.629  0         0.00000  0
 1.063  0.668  0         0.00000  0
****** ******  0         0.00000  0
 0.275 -0.075 -1         0.00000  0
 0.275 -0.050 -1         0.00000  0
 0.275 -0.025  1         0.00000  0
 0.275  0.000  1         0.00000  0
 0.300 -0.075 -1         0.00000  0
 0.300 -0.050 -1         0.00000  0
 0.300 -0.025  1         0.00000  0
 0.300  0.000  1         0.00000  0
 0.325 -0.075 -1         0.00000  0
 0.325 -0.050 -1         0.00000  0
 0.325 -0.025  1         0.00000  0
 0.325  0.000  1         0.00000  0
 0.350 -0.075 -1         0.00000  0
 0.350 -0.050 -1         0.00000  0
 0.350 -0.025  1         0.00000  0
 0.350  0.000  1         0.00000  0
 0.375 -0.075 -1         0.00000  0
 0.375 -0.050 -1         0.00000  0
 0.375 -0.025  1         0.00000  0
 0.375  0.000  1         0.00000  0
 0.400 -0.075 -1         0.00000  0
 0.400 -0.050 -1         0.00000  0
 0.400 -0.025  1         0.00000  0
 0.400  0.000  1         0.00000  0
 0.425 -0.075 -1         0.00000  0
 0.425 -0.050 -1         0.00000  0
 0.425 -0.025  1         0.00000  0
 0.425  0.000  1         0.00000  0
 0.450 -0.075 -1         0.00000  0
 0.450 -0.050 -1         0.00000  0
 0.450 -0.025  1         0.00000  0
 0.450  0.000  1         0.00000  0
 0.475 -0.075 -1         0.00000  0
 0.475 -0.050 -1         0.00000  0
 0.475 -0.025  1         0.00000  0
 0.475  0.000  1         0.00000  0
 0.500 -0.075 -1         0.00000  0
 0.500 -0.050 -1         0.00000  0
 0.500 -0.025  1         0.00000  0
 0.500  0.000  1         0.00000  0
 0.525 -0.075 -1         0.00000  0
 0.525 -0.050 -1         0.00000  0
 0.525 -0.025  1         0.00000  0
 0.525  0.000  1         0.00000  0
 0.550 -0.075 -1         0.00000  0
 0.550 -0.050 -1         0.00000  0
 0.550 -0.025  1         0.00000  0
 0.550  0.000  1         0.00000  0
 0.575 -0.075 -1         0.00000  0
 0.575 -0.050 -1         0.00000  0
 0.575 -0.025  1         0.00000  0
 0.575  0.000  1         0.00000  0
 0.600 -0.075 -1         0.00000  0
 0.600 -0.050 -1         0.00000  0
 0.600 -0.025  1         0.00000  0
 0.600  0.000  1         0.00000  0
 0.625 -0.075 -1         0.00000  0
 0.625 -0.050 -1         0.00000  0
 0.625 -0.025  1         0.00000  0
 0.625  0.000  1         0.00000  0
 0.650 -0.075 -1         0.00000  0
 0.650 -0.050 -1         0.00000  0
 0.650 -0.025  1         0.00000  0
 0.650  0.000  1         0.00000  0
 0.675 -0.075 -1         0.00000  0
 0.675 -0.050 -1         0.00000  0
 0.675 -0.025  1         0.00000  0
 0.675  0.000  1         0.00000  0
 0.700 -0.075 -1         0.00000  0
 0.700 -0.050 -1         0.00000  0
 0.700 -0.025  1         0.00000  0
 0.700  0.000  1         0.00000  0
 0.725 -0.075 -1         0.00000  0
 0.725 -0.050 -1         0.00000  0
 0.725 -0.025  1         0.00000  0
 0.725  0.000  1         0.00000  0
 0.750 -0.075 -1         0.00000  0
 0.750 -0.050 -1         0.00000  0
 0.750 -0.025  1         0.00000  0
 0.750  0.000  1         0.00000  0
 0.775 -0.075 -1         0.00000  0
 0.775 -0.050 -1         0.00000  0
 0.775 -0.025  1         0.00000  0
 0.775  0.000  1         0.00000  0
 0.800 -0.075 -1         0.00000  0
 0.800 -0.050 -1         0.00000  0
 0.800 -0.025  1         0.00000  0
 0.800  0.000  1         0.00000  0
 0.825 -0.075 -1         0.00000  0
 0.825 -0.050 -1         0.00000  0
 0.825 -0.025  1         0.00000  0
 0.825  0.000  1         0.00000  0
 0.850 -0.075 -1         0.00000  0
 0.850 -0.050 -1         0.00000  0
 0.850 -0.025  1         0.00000  0
 0.850  0.000  1         0.00000  0
 0.875 -0.075 -1         0.00000  0
 0.875 -0.050 -1         0.00000  0
 0.875 -0.025  1         0.00000  0
 0.875  0.000  1         0.00000  0
 0.900 -0.075 -1         0.00000  0
 0.900 -0.050 -1         0.00000  0
 0.900 -0.025  1         0.00000  0
 0.900  0.000  1         0.00000  0
 0.925 -0.075 -1         0.00000  0
 0.925 -0.050 -1         0.00000  0
 0.925 -0.025  1         0.00000  0
 0.925  0.000  1         0.00000  0
 0.950 -0.075 -1         0.00000  0
 0.950 -0.050 -1         0.00000  0
 0.950 -0.025  1         0.00000  0
 0.950  0.000  1         0.00000  0
 0.975 -0.075 -1         0.00000  0
 0.975 -0.050 -1         0.00000  0
 0.975 -0.025  1         0.00000  0
 0.975  0.000  1         0.00000  0
 1.000 -0.075 -1         0.00000  0
 1.000 -0.050 -1         0.00000  0
 1.000 -0.025  1         0.00000  0
 1.000  0.000  1         0.00000  0
 1.025 -0.075 -1         0.00000  0
 1.025 -0.050 -1         0.00000  0
 1.025 -0.025  1         0.00000  0
 1.025  0.000  1         0.00000  0
 1.025  0.025  1         0.00000  0
 1.025  0.050  1         0.00000  0
 1.025  0.075  1         0.00000  0
 1.025  0.100  1         0.00000  0
 1.025  0.125  1         0.00000  0
 1.025  0.150  1         0.00000  0
 1.025  0.175  1         0.00000  0
 1.025  0.200  1         0.00000  0
 1.025  0.225  1         0.00000  0
 1.025  0.250  1         0.00000  0
 1.025  0.275  1         0.00000  0
 1.025  0.300  1         0.00000  0
 1.025  0.325  1         0.00000  0
 1.025  0.350  1         0.00000  0
 1.025  0.375  1         0.00000  0
 1.025  0.400  1         0.00000  0
 1.025  0.425  1         0.00000  0
 1.025  0.450  1         0.00000  0
 1.025  0.475  1         0.00000  0
 1.025  0.500  1         0.00000  0
 1.025  0.525  1         0.00000  0
 1.025  0.550  1         0.00000  0
 1.025  0.575  1         0.00000  0
 1.025  0.600  1         0.00000  0
 1.050 -0.075 -1         0.00000  0
 1.050 -0.050 -1         0.00000  0
 1.050 -0.025  1         0.00000  0
 1.050  0.000  1         0.00000  0
 1.050  0.025  1         0.00000  0
 1.050  0.050  1         0.00000  0
 1.050  0.075  1         0.00000  0
 1.050  0.100  1         0.00000  0
 1.050  0.125  1         0.00000  0
 1.050  0.150  1         0.00000  0
 1.050  0.175  1         0.00000  0
 1.050  0.200  1         0.00000  0
 1.050  0.225  1         0.00000  0
 1.050  0.250  1         0.00000  0
 1.050  0.275  1         0.00000  0
 1.050  0.300  1         0.00000  0
 1.050  0.325  1         0.00000  0
 1.050  0.350  1         0.00000  0
 1.050  0.375  1         0.00000  0
 1.050  0.400  1         0.00000  0
 1.050  0.425  1         0.00000  0
 1.050  0.450  1         0.00000  0
 1.050  0.475  1         0.00000  0
 1.050  0.500  1         0.00000  0
 1.050  0.525  1         0.00000  0
 1.050  0.550  1         0.00000  0
 1.050  0.575  1         0.00000  0
 1.050  0.600  1         0.00000  0
 1.075 -0.075 -1         0.00000  0
 1.075 -0.050 -1         0.00000  0
 1.075 -0.025 -1         0.00000  0
 1.075  0.000 -1         0.00000  0
 1.075  0.025 -1         0.00000  0
 1.075  0.050 -1         0.00000  0
 1.075  0.075 -1         0.00000  0
 1.075  0.100 -1         0.00000  0
 1.075  0.125 -1         0.00000  0
 1.075  0.150 -1         0.00000  0
 1.075  0.175 -1         0.00000  0
 1.075  0.200 -1         0.00000  0
 1.075  0.225 -1         0.00000  0
 1.075  0.250 -1         0.00000  0
 1.075  0.275 -1         0.00000  0
 1.075  0.300 -1         0.00000  0
 1.075  0.325 -1         0.00000  0
 1.075  0.350 -1         0.00000  0
 1.075  0.375 -1         0.00000  0
 1.075  0.400 -1         0.00000  0
 1.075  0.425 -1         0.00000  0
 1.075  0.450 -1         0.00000  0
 1.075  0.475 -1         0.00000  0
 1.075  0.500 -1         0.00000  0
 1.075  0.525 -1         0.00000  0
 1.075  0.550 -1         0.00000  0
 1.075  0.575  1         0.00000  0
 1.075  0.600  1         0.00000  0
 1.100 -0.075 -1         0.00000  0
 1.100 -0.050 -1         0.00000  0
 1.100 -0.025 -1         0.00000  0
 1.100  0.000 -1         0.00000  0
 1.100  0.025 -1         0.00000  0
 1.100  0.050 -1         0.00000  0
 1.100  0.075 -1         0.00000  0
 1.100  0.100 -1         0.00000  0
 1.100  0.125 -1         0.00000  0
 1.100  0.150 -1         0.00000  0
 1.100  0.175 -1         0.00000  0
 1.100  0.200 -1         0.00000  0
 1.100  0.225 -1         0.00000  0
 1.100  0.250 -1         0.00000  0
 1.100  0.275 -1         0.00000  0
 1.100  0.300 -1         0.00000  0
 1.100  0.325 -1         0.00000  0
 1.100  0.350 -1         0.00000  0
 1.100  0.375 -1         0.00000  0
 1.100  0.400 -1         0.00000  0
 1.100  0.425 -1         0.00000  0
 1.100  0.450 -1         0.00000  0
 1.100  0.475 -1         0.00000  0
 1.100  0.500 -1         0.00000  0
 1.100  0.525 -1         0.00000  0
 1.100  0.550 -1         0.00000  0
 1.100  0.575  1         0.00000  0
 1.100  0.600  1         0.00000  0
