  -7.5000001117587090E-002  -7.5000001117587090E-002  -1.0000000000000000     
  -7.5000001117587090E-002  -5.0000000745058060E-002  -1.0000000000000000     
  -7.5000001117587090E-002  -2.5000000372529030E-002  -1.0000000000000000     
  -7.5000001117587090E-002   0.0000000000000000       -1.0000000000000000     
  -7.5000001117587090E-002   2.5000000372529030E-002  -1.0000000000000000     
  -7.5000001117587090E-002   5.0000000745058060E-002  -1.0000000000000000     
  -7.5000001117587090E-002   7.5000001117587090E-002  -1.0000000000000000     
  -7.5000001117587090E-002  0.10000000149011612       -1.0000000000000000     
  -7.5000001117587090E-002  0.12500000186264515       -1.0000000000000000     
  -7.5000001117587090E-002  0.15000000223517418       -1.0000000000000000     
  -7.5000001117587090E-002  0.17500000260770321       -1.0000000000000000     
  -7.5000001117587090E-002  0.20000000298023224       -1.0000000000000000     
  -7.5000001117587090E-002  0.22500000335276127       -1.0000000000000000     
  -7.5000001117587090E-002  0.25000000372529030       -1.0000000000000000     
  -7.5000001117587090E-002  0.27500000409781933       -1.0000000000000000     
  -7.5000001117587090E-002  0.30000000447034836       -1.0000000000000000     
  -7.5000001117587090E-002  0.32500000484287739       -1.0000000000000000     
  -7.5000001117587090E-002  0.35000000521540642       -1.0000000000000000     
  -7.5000001117587090E-002  0.37500000558793545       -1.0000000000000000     
  -7.5000001117587090E-002  0.40000000596046448       -1.0000000000000000     
  -7.5000001117587090E-002  0.42500000633299351       -1.0000000000000000     
  -7.5000001117587090E-002  0.45000000670552254       -1.0000000000000000     
  -7.5000001117587090E-002  0.47500000707805157       -1.0000000000000000     
  -7.5000001117587090E-002  0.50000000745058060       -1.0000000000000000     
  -7.5000001117587090E-002  0.52500000782310963       -1.0000000000000000     
  -7.5000001117587090E-002  0.55000000819563866       -1.0000000000000000     
  -7.5000001117587090E-002  0.57500000856816769        1.0000000000000000     
  -7.5000001117587090E-002  0.60000000894069672        1.0000000000000000     
  -5.0000000745058060E-002  -7.5000001117587090E-002  -1.0000000000000000     
  -5.0000000745058060E-002  -5.0000000745058060E-002  -1.0000000000000000     
  -5.0000000745058060E-002  -2.5000000372529030E-002  -1.0000000000000000     
  -5.0000000745058060E-002   0.0000000000000000       -1.0000000000000000     
  -5.0000000745058060E-002   2.5000000372529030E-002  -1.0000000000000000     
  -5.0000000745058060E-002   5.0000000745058060E-002  -1.0000000000000000     
  -5.0000000745058060E-002   7.5000001117587090E-002  -1.0000000000000000     
  -5.0000000745058060E-002  0.10000000149011612       -1.0000000000000000     
  -5.0000000745058060E-002  0.12500000186264515       -1.0000000000000000     
  -5.0000000745058060E-002  0.15000000223517418       -1.0000000000000000     
  -5.0000000745058060E-002  0.17500000260770321       -1.0000000000000000     
  -5.0000000745058060E-002  0.20000000298023224       -1.0000000000000000     
  -5.0000000745058060E-002  0.22500000335276127       -1.0000000000000000     
  -5.0000000745058060E-002  0.25000000372529030       -1.0000000000000000     
  -5.0000000745058060E-002  0.27500000409781933       -1.0000000000000000     
  -5.0000000745058060E-002  0.30000000447034836       -1.0000000000000000     
  -5.0000000745058060E-002  0.32500000484287739       -1.0000000000000000     
  -5.0000000745058060E-002  0.35000000521540642       -1.0000000000000000     
  -5.0000000745058060E-002  0.37500000558793545       -1.0000000000000000     
  -5.0000000745058060E-002  0.40000000596046448       -1.0000000000000000     
  -5.0000000745058060E-002  0.42500000633299351       -1.0000000000000000     
  -5.0000000745058060E-002  0.45000000670552254       -1.0000000000000000     
  -5.0000000745058060E-002  0.47500000707805157       -1.0000000000000000     
  -5.0000000745058060E-002  0.50000000745058060       -1.0000000000000000     
  -5.0000000745058060E-002  0.52500000782310963       -1.0000000000000000     
  -5.0000000745058060E-002  0.55000000819563866       -1.0000000000000000     
  -5.0000000745058060E-002  0.57500000856816769        1.0000000000000000     
  -5.0000000745058060E-002  0.60000000894069672        1.0000000000000000     
  -2.5000000372529030E-002  -7.5000001117587090E-002  -1.0000000000000000     
  -2.5000000372529030E-002  -5.0000000745058060E-002  -1.0000000000000000     
  -2.5000000372529030E-002  -2.5000000372529030E-002   1.0000000000000000     
  -2.5000000372529030E-002   0.0000000000000000        1.0000000000000000     
  -2.5000000372529030E-002   2.5000000372529030E-002   1.0000000000000000     
  -2.5000000372529030E-002   5.0000000745058060E-002   1.0000000000000000     
  -2.5000000372529030E-002   7.5000001117587090E-002   1.0000000000000000     
  -2.5000000372529030E-002  0.10000000149011612        1.0000000000000000     
  -2.5000000372529030E-002  0.12500000186264515        1.0000000000000000     
  -2.5000000372529030E-002  0.15000000223517418        1.0000000000000000     
  -2.5000000372529030E-002  0.17500000260770321        1.0000000000000000     
  -2.5000000372529030E-002  0.20000000298023224        1.0000000000000000     
  -2.5000000372529030E-002  0.22500000335276127        1.0000000000000000     
  -2.5000000372529030E-002  0.25000000372529030        1.0000000000000000     
  -2.5000000372529030E-002  0.27500000409781933        1.0000000000000000     
  -2.5000000372529030E-002  0.30000000447034836        1.0000000000000000     
  -2.5000000372529030E-002  0.32500000484287739        1.0000000000000000     
  -2.5000000372529030E-002  0.35000000521540642        1.0000000000000000     
  -2.5000000372529030E-002  0.37500000558793545        1.0000000000000000     
  -2.5000000372529030E-002  0.40000000596046448        1.0000000000000000     
  -2.5000000372529030E-002  0.42500000633299351        1.0000000000000000     
  -2.5000000372529030E-002  0.45000000670552254        1.0000000000000000     
  -2.5000000372529030E-002  0.47500000707805157        1.0000000000000000     
  -2.5000000372529030E-002  0.50000000745058060        1.0000000000000000     
  -2.5000000372529030E-002  0.52500000782310963        1.0000000000000000     
  -2.5000000372529030E-002  0.55000000819563866        1.0000000000000000     
  -2.5000000372529030E-002  0.57500000856816769        1.0000000000000000     
  -2.5000000372529030E-002  0.60000000894069672        1.0000000000000000     
   0.0000000000000000       -7.5000001117587090E-002  -1.0000000000000000     
   0.0000000000000000       -5.0000000745058060E-002  -1.0000000000000000     
   0.0000000000000000       -2.5000000372529030E-002   1.0000000000000000     
   0.0000000000000000        0.0000000000000000        1.0000000000000000     
   0.0000000000000000        2.5000000372529030E-002   1.0000000000000000     
   0.0000000000000000        5.0000000745058060E-002   1.0000000000000000     
   0.0000000000000000        7.5000001117587090E-002   1.0000000000000000     
   0.0000000000000000       0.10000000149011612        1.0000000000000000     
   0.0000000000000000       0.12500000186264515        1.0000000000000000     
   0.0000000000000000       0.15000000223517418        1.0000000000000000     
   0.0000000000000000       0.17500000260770321        1.0000000000000000     
   0.0000000000000000       0.20000000298023224        1.0000000000000000     
   0.0000000000000000       0.22500000335276127        1.0000000000000000     
   0.0000000000000000       0.25000000372529030        1.0000000000000000     
   0.0000000000000000       0.27500000409781933        1.0000000000000000     
   0.0000000000000000       0.30000000447034836        1.0000000000000000     
   0.0000000000000000       0.32500000484287739        1.0000000000000000     
   0.0000000000000000       0.35000000521540642        1.0000000000000000     
   0.0000000000000000       0.37500000558793545        1.0000000000000000     
   0.0000000000000000       0.40000000596046448        1.0000000000000000     
   0.0000000000000000       0.42500000633299351        1.0000000000000000     
   0.0000000000000000       0.45000000670552254        1.0000000000000000     
   0.0000000000000000       0.47500000707805157        1.0000000000000000     
   0.0000000000000000       0.50000000745058060        1.0000000000000000     
   0.0000000000000000       0.52500000782310963        1.0000000000000000     
   0.0000000000000000       0.55000000819563866        1.0000000000000000     
   0.0000000000000000       0.57500000856816769        1.0000000000000000     
   0.0000000000000000       0.60000000894069672        1.0000000000000000     
   2.5000000372529030E-002  -7.5000001117587090E-002  -1.0000000000000000     
   2.5000000372529030E-002  -5.0000000745058060E-002  -1.0000000000000000     
   2.5000000372529030E-002  -2.5000000372529030E-002   1.0000000000000000     
   2.5000000372529030E-002   0.0000000000000000        1.0000000000000000     
   5.2505654549269233E-002   2.5170364225506576E-002   0.0000000000000000     
   2.4471855886609779E-002   2.3999439387426189E-002   0.0000000000000000     
   4.6433800885699615E-002   4.7924318439209641E-002   0.0000000000000000     
   2.3706289064021665E-002   5.1897432993270945E-002   0.0000000000000000     
   5.9423121461847375E-002   6.6895982892477335E-002   0.0000000000000000     
   2.5656315149088792E-002   7.6040685621182436E-002   0.0000000000000000     
   4.2947619129657139E-002   8.8814162715709091E-002   0.0000000000000000     
   2.6130528073162008E-002  0.10586193721871553        0.0000000000000000     
   4.9375315596210556E-002  0.12115838071907456        0.0000000000000000     
   2.5264102839694314E-002  0.12799851986147767        0.0000000000000000     
   2.4316519399886272E-002  0.15349595405650582        0.0000000000000000     
   3.1549134787482960E-002  0.17517891042157266        0.0000000000000000     
   2.2152100746808467E-002  0.19511498763025964        0.0000000000000000     
   3.3588029944525789E-002  0.21601802478863913        0.0000000000000000     
   2.6440977018413615E-002  0.23551022397555282        0.0000000000000000     
   2.5410067969846167E-002  0.25915202627739026        0.0000000000000000     
   2.7684240526575060E-002  0.28000642276258692        0.0000000000000000     
   2.4475423963155281E-002  0.30109943675457579        0.0000000000000000     
   2.8325376855480124E-002  0.32721585333867781        0.0000000000000000     
   2.5388936799742787E-002  0.34295898092904215        0.0000000000000000     
   5.0000000745058060E-002  -7.5000001117587090E-002  -1.0000000000000000     
   5.0000000745058060E-002  -5.0000000745058060E-002  -1.0000000000000000     
   5.0000000745058060E-002  -2.5000000372529030E-002   1.0000000000000000     
   5.0000000745058060E-002   0.0000000000000000        1.0000000000000000     
  0.10152129606943247        2.4413205681484688E-002   0.0000000000000000     
   7.4981001497945662E-002   2.5214642849303508E-002   0.0000000000000000     
  0.11197243695468878        4.3517713222972619E-002   0.0000000000000000     
   8.0171364998675249E-002   5.0257900402449984E-002   0.0000000000000000     
   9.6299766823946614E-002   6.5441042577104633E-002   0.0000000000000000     
   7.7361925142991422E-002   8.1636543058637698E-002   0.0000000000000000     
   9.7980435529078438E-002  0.10409234479794846        0.0000000000000000     
   6.8978799201046659E-002  0.10318507162873915        0.0000000000000000     
   7.4742600308295923E-002  0.12575293184980485        0.0000000000000000     
   5.2749805138695850E-002  0.14627847269678987        0.0000000000000000     
   7.9549005720554941E-002  0.15636438389504834        0.0000000000000000     
   5.3676971963668836E-002  0.16863468241642124        0.0000000000000000     
   6.7339348041327268E-002  0.18597522545509687        0.0000000000000000     
   6.7953495056510008E-002  0.20496308948424682        0.0000000000000000     
   5.4433356765418391E-002  0.22271855898820656        0.0000000000000000     
   6.3358915963957679E-002  0.24290720137894856        0.0000000000000000     
   5.5519741640383008E-002  0.26302547679394206        0.0000000000000000     
   6.0060855677789779E-002  0.28270499418413947        0.0000000000000000     
   5.4775689832183928E-002  0.30687986937305228        0.0000000000000000     
   5.6834951436235084E-002  0.32824678018214420        0.0000000000000000     
   7.5000001117587090E-002  -7.5000001117587090E-002  -1.0000000000000000     
   7.5000001117587090E-002  -5.0000000745058060E-002  -1.0000000000000000     
   7.5000001117587090E-002  -2.5000000372529030E-002   1.0000000000000000     
   7.5000001117587090E-002   0.0000000000000000        1.0000000000000000     
  0.15791612140377156        2.2526977136992130E-002   0.0000000000000000     
  0.13056343692660813        2.4896413029866699E-002   0.0000000000000000     
  0.14720868312525143        4.5211572470901851E-002   0.0000000000000000     
  0.12529745691584199        6.4833258100272698E-002   0.0000000000000000     
  0.15214388960188718        6.6148786858593142E-002   0.0000000000000000     
  0.11156757496102283        8.6457642128273268E-002   0.0000000000000000     
  0.14249323126226540        8.6584392187988676E-002   0.0000000000000000     
  0.11479899104488656       0.11938643466261009        0.0000000000000000     
  0.13702011877676462       0.10695753192327379        0.0000000000000000     
   9.5722075974932777E-002  0.13575654238229742        0.0000000000000000     
  0.12257612804998258       0.14316105671196702        0.0000000000000000     
   9.8137404452218732E-002  0.16350895284517600        0.0000000000000000     
  0.10302579476998909       0.18470864163422579        0.0000000000000000     
   9.6840212869705858E-002  0.20467371149310826        0.0000000000000000     
   9.2484240298779261E-002  0.22560198405434448        0.0000000000000000     
   8.9784472930953624E-002  0.24677402456014097        0.0000000000000000     
   8.8222456643175948E-002  0.26888398550196219        0.0000000000000000     
   8.3966981407340574E-002  0.29074253668858585        0.0000000000000000     
   8.2614991679673955E-002  0.31715580940757027        0.0000000000000000     
   7.2835274489230870E-002  0.33320463827399971        0.0000000000000000     
  0.10000000149011612       -7.5000001117587090E-002  -1.0000000000000000     
  0.10000000149011612       -5.0000000745058060E-002  -1.0000000000000000     
  0.10000000149011612       -2.5000000372529030E-002   1.0000000000000000     
  0.10000000149011612        0.0000000000000000        1.0000000000000000     
  0.19270572426757268        2.1130750316036465E-002   0.0000000000000000     
  0.17478268998233401        4.0075991400640894E-002   0.0000000000000000     
  0.20504220395616135        4.1867895703153038E-002   0.0000000000000000     
  0.18329286017278065        6.3138577795805242E-002   0.0000000000000000     
  0.21150102040647037        6.3311007644696493E-002   0.0000000000000000     
  0.17628731824216762        8.5213890440257845E-002   0.0000000000000000     
  0.20217390099685395        8.5440381216717029E-002   0.0000000000000000     
  0.16341970826614505       0.10639185171456227        0.0000000000000000     
  0.18448823104590939       0.11658429036381099        0.0000000000000000     
  0.14402277569478247       0.13716618481490034        0.0000000000000000     
  0.16902662620379402       0.13203919978010473        0.0000000000000000     
  0.13771542335162085       0.16025955356025401        0.0000000000000000     
  0.14120056857655586       0.18091376166935794        0.0000000000000000     
  0.12473692772803668       0.19544025641656529        0.0000000000000000     
  0.13141344968747609       0.21801205734386217        0.0000000000000000     
  0.11942362823615560       0.23702838492639966        0.0000000000000000     
  0.12115568427536683       0.25900359881071600        0.0000000000000000     
  0.11551751944764159       0.28044638650858966        0.0000000000000000     
  0.10989685007517731       0.30290563050808522        0.0000000000000000     
  0.10887825418606592       0.32624176222388951        0.0000000000000000     
  0.12500000186264515       -7.5000001117587090E-002  -1.0000000000000000     
  0.12500000186264515       -5.0000000745058060E-002  -1.0000000000000000     
  0.12500000186264515       -2.5000000372529030E-002   1.0000000000000000     
  0.12500000186264515        0.0000000000000000        1.0000000000000000     
  0.24343340400309807        2.1745475907797972E-002   0.0000000000000000     
  0.22573194533859822        3.3021569419034710E-002   0.0000000000000000     
  0.26141800445283864        4.0785559442703206E-002   0.0000000000000000     
  0.23666463140046717        5.8860924713665011E-002   0.0000000000000000     
  0.28200302820338902        4.7864413634105832E-002   0.0000000000000000     
  0.23783941147258505        8.9461891597064788E-002   0.0000000000000000     
  0.25246107698314568        6.9557731953675178E-002   0.0000000000000000     
  0.20911905574776993       0.10370806490188446        0.0000000000000000     
  0.24007685797607170       0.11131821868423111        0.0000000000000000     
  0.20686843493722260       0.12876839294717163        0.0000000000000000     
  0.20266605533562101       0.15925019413090016        0.0000000000000000     
  0.17138505803470000       0.15279122093423925        0.0000000000000000     
  0.17648562659495806       0.17334173896726585        0.0000000000000000     
  0.16226850887478234       0.19236336546430402        0.0000000000000000     
  0.16091212622079737       0.21277571362842707        0.0000000000000000     
  0.15241459152602160       0.23239323098966591        0.0000000000000000     
  0.15074880317054967       0.25405002175649555        0.0000000000000000     
  0.14320925262716422       0.27490472741306665        0.0000000000000000     
  0.14253869962280472       0.30161930696038347        0.0000000000000000     
  0.12990466799109168       0.31779576692412881        0.0000000000000000     
  0.15000000223517418       -7.5000001117587090E-002  -1.0000000000000000     
  0.15000000223517418       -5.0000000745058060E-002  -1.0000000000000000     
  0.15000000223517418       -2.5000000372529030E-002   1.0000000000000000     
  0.15000000223517418        0.0000000000000000        1.0000000000000000     
  0.32513448493248437        2.1420034817998080E-002   0.0000000000000000     
  0.27872844750996761        2.3941826162876951E-002   0.0000000000000000     
  0.34674749905894869        3.3787126400644615E-002   0.0000000000000000     
  0.30396479094242262        3.0163593079411122E-002   0.0000000000000000     
  0.34258296557682388        5.9174795648404027E-002   0.0000000000000000     
  0.31991081323815340        5.1196049880415727E-002   0.0000000000000000     
  0.29326252504524786        6.6044749616995496E-002   0.0000000000000000     
  0.28410803318637140        8.6123441577939996E-002   0.0000000000000000     
  0.26049544128265034        9.5374987298318600E-002   0.0000000000000000     
  0.25597640269369099       0.13351534810471111        0.0000000000000000     
  0.22626287081403679       0.13317084838676282        0.0000000000000000     
  0.23016142985385279       0.15570654800155839        0.0000000000000000     
  0.21371177595643348       0.17488577759839499        0.0000000000000000     
  0.19459082235464153       0.18824522640691865        0.0000000000000000     
  0.20224046242985483       0.20871497592498861        0.0000000000000000     
  0.19156610734036003       0.22622936024519591        0.0000000000000000     
  0.18279979940210106       0.24449304219023857        0.0000000000000000     
  0.17938932589431270       0.26609459920567097        0.0000000000000000     
  0.16970712308746691       0.28630276686505030        0.0000000000000000     
  0.16123369254897571       0.30983795257411945        0.0000000000000000     
  0.17500000260770321       -7.5000001117587090E-002  -1.0000000000000000     
  0.17500000260770321       -5.0000000745058060E-002  -1.0000000000000000     
  0.17500000260770321       -2.5000000372529030E-002   1.0000000000000000     
  0.17500000260770321        0.0000000000000000        1.0000000000000000     
  0.43155106322057596        2.3485727897245040E-002   0.0000000000000000     
  0.36864037343756068        2.2433403205867272E-002   0.0000000000000000     
  0.40791420184660410        2.4339099328951681E-002   0.0000000000000000     
  0.38975659033677540        3.5489725415964408E-002   0.0000000000000000     
  0.39823123300003666        5.9679533271921638E-002   0.0000000000000000     
  0.37206585619627147        4.9873552174969658E-002   0.0000000000000000     
  0.35822127689117217        7.6033380049409988E-002   0.0000000000000000     
  0.32302230522174069        7.2711882864599953E-002   0.0000000000000000     
  0.31536275613159798        9.4568654552327464E-002   0.0000000000000000     
  0.29024158829804525       0.10462346695143888        0.0000000000000000     
  0.27640312973049430       0.12069603030305487        0.0000000000000000     
  0.27552917945431898       0.14366161619557438        0.0000000000000000     
  0.25851844274980307       0.16020168108384564        0.0000000000000000     
  0.25061817241844897       0.17917949511306941        0.0000000000000000     
  0.24168000799691045       0.19550587731780081        0.0000000000000000     
  0.22987122200066623       0.21292271807965704        0.0000000000000000     
  0.22175862692633619       0.23264827473795846        0.0000000000000000     
  0.20904548576642276       0.25209848395019341        0.0000000000000000     
  0.20500088990584361       0.28044728898714683        0.0000000000000000     
  0.18749095632996882       0.29868261148360442        0.0000000000000000     
  0.20000000298023224       -7.5000001117587090E-002  -1.0000000000000000     
  0.20000000298023224       -5.0000000745058060E-002  -1.0000000000000000     
  0.20000000298023224       -2.5000000372529030E-002   1.0000000000000000     
  0.20000000298023224        0.0000000000000000        1.0000000000000000     
  0.57796146270300264        3.7379315643052496E-002   0.0000000000000000     
  0.48682050096361923        1.9532375160886354E-002   0.0000000000000000     
  0.53125854818786233        2.2798927498160371E-002   0.0000000000000000     
  0.45804062781022942        2.9886350637145721E-002   0.0000000000000000     
  0.47386698700318525        5.0390341299873340E-002   0.0000000000000000     
  0.44311921250985886        4.6121730630851551E-002   0.0000000000000000     
  0.40812565240520771        7.4893281205305071E-002   0.0000000000000000     
  0.39579017198962091        9.4919831618797079E-002   0.0000000000000000     
  0.37359903239491798        8.7067210996693831E-002   0.0000000000000000     
  0.35702958211616087       0.11103061343416652        0.0000000000000000     
  0.33439315591203389       0.10289072078220099        0.0000000000000000     
  0.32684331266067512       0.12417567722476062        0.0000000000000000     
  0.31458534225990920       0.13739879492726803        0.0000000000000000     
  0.30485990522941014       0.15564848623664024        0.0000000000000000     
  0.29144459369581066       0.17014368668544935        0.0000000000000000     
  0.28374132395053808       0.18896006824181319        0.0000000000000000     
  0.26598622487314061       0.20855508724546762        0.0000000000000000     
  0.25256091421868937       0.23285233201152924        0.0000000000000000     
  0.23824537569015408       0.25678761252896054        0.0000000000000000     
  0.22008533370578179       0.28379361862211416        0.0000000000000000     
  0.22500000335276127       -7.5000001117587090E-002  -1.0000000000000000     
  0.22500000335276127       -5.0000000745058060E-002  -1.0000000000000000     
  0.22500000335276127       -2.5000000372529030E-002   1.0000000000000000     
  0.22500000335276127        0.0000000000000000        1.0000000000000000     
  0.59546869101445943        2.0192362890425853E-002   0.0000000000000000     
  0.60190813632842588        5.6350727075542291E-002   0.0000000000000000     
  0.55552555067840914        2.6714002702850022E-002   0.0000000000000000     
  0.53488898191423506        4.0414871791948671E-002   0.0000000000000000     
  0.49175172333430439        3.9127783013304315E-002   0.0000000000000000     
  0.52670395830047212        6.1674717730970115E-002   0.0000000000000000     
  0.49084510076511156        6.3906908829798395E-002   0.0000000000000000     
  0.47364501119400559        8.4706998786306442E-002   0.0000000000000000     
  0.42886999487968075        5.6428071788387935E-002   0.0000000000000000     
  0.43916420998704558        8.2090727772076752E-002   0.0000000000000000     
  0.42399258930190342       0.10582296824663989        0.0000000000000000     
  0.38157331752539769       0.11194980568263185        0.0000000000000000     
  0.37368655657199523       0.13507545727551587        0.0000000000000000     
  0.34892411454304600       0.13874364811677781        0.0000000000000000     
  0.34276367644685424       0.16077653380245055        0.0000000000000000     
  0.32077227402914865       0.17634666079116201        0.0000000000000000     
  0.30776025043872923       0.20000892592672939        0.0000000000000000     
  0.28467475601859638       0.22311488495556450        0.0000000000000000     
  0.26943692417051818       0.24459961740402086        0.0000000000000000     
  0.24175280690912518       0.27202543197789203        0.0000000000000000     
  0.25000000372529030       -7.5000001117587090E-002  -1.0000000000000000     
  0.25000000372529030       -5.0000000745058060E-002  -1.0000000000000000     
  0.25000000372529030       -2.5000000372529030E-002   1.0000000000000000     
  0.25000000372529030        0.0000000000000000        1.0000000000000000     
  0.68463966392755360        2.0137234034630334E-002   0.0000000000000000     
  0.66704223578707933        2.8721419217415275E-002   0.0000000000000000     
  0.62376567011122641        3.1681296378882701E-002   0.0000000000000000     
  0.63816246133883170        2.8448307067056328E-002   0.0000000000000000     
  0.64886590791290932        5.0500698501147932E-002   0.0000000000000000     
  0.59599194717587789        6.8514474445442911E-002   0.0000000000000000     
  0.57019991231636558        5.6543877595860721E-002   0.0000000000000000     
  0.55794356698947456        6.8698252922971284E-002   0.0000000000000000     
  0.53088100239913183        8.8786978641634692E-002   0.0000000000000000     
  0.51097663231499091        6.7690868756434042E-002   0.0000000000000000     
  0.49552043053155703       0.10234334618137500        0.0000000000000000     
  0.45653334126411677        9.2317110809775171E-002   0.0000000000000000     
  0.44489568367735183       0.10927945889573012        0.0000000000000000     
  0.42157256627043954       0.12207755861353942        0.0000000000000000     
  0.39586064312157104       0.14619232358769760        0.0000000000000000     
  0.37757967012952609       0.15461055784791669        0.0000000000000000     
  0.34990802070301807       0.17727955313336355        0.0000000000000000     
  0.33581391284721662       0.19686296837926495        0.0000000000000000     
  0.30553519422501718       0.21701005969787046        0.0000000000000000     
  0.28516027979151098       0.24664973361208126        0.0000000000000000     
  0.27500000409781933       -7.5000001117587090E-002  -1.0000000000000000     
  0.27500000409781933       -5.0000000745058060E-002  -1.0000000000000000     
  0.27500000409781933       -2.5000000372529030E-002   1.0000000000000000     
  0.27500000409781933        0.0000000000000000        1.0000000000000000     
  0.30000000447034836       -7.5000001117587090E-002  -1.0000000000000000     
  0.30000000447034836       -5.0000000745058060E-002  -1.0000000000000000     
  0.30000000447034836       -2.5000000372529030E-002   1.0000000000000000     
  0.30000000447034836        0.0000000000000000        1.0000000000000000     
  0.32500000484287739       -7.5000001117587090E-002  -1.0000000000000000     
  0.32500000484287739       -5.0000000745058060E-002  -1.0000000000000000     
  0.32500000484287739       -2.5000000372529030E-002   1.0000000000000000     
  0.32500000484287739        0.0000000000000000        1.0000000000000000     
  0.35000000521540642       -7.5000001117587090E-002  -1.0000000000000000     
  0.35000000521540642       -5.0000000745058060E-002  -1.0000000000000000     
  0.35000000521540642       -2.5000000372529030E-002   1.0000000000000000     
  0.35000000521540642        0.0000000000000000        1.0000000000000000     
  0.37500000558793545       -7.5000001117587090E-002  -1.0000000000000000     
  0.37500000558793545       -5.0000000745058060E-002  -1.0000000000000000     
  0.37500000558793545       -2.5000000372529030E-002   1.0000000000000000     
  0.37500000558793545        0.0000000000000000        1.0000000000000000     
  0.40000000596046448       -7.5000001117587090E-002  -1.0000000000000000     
  0.40000000596046448       -5.0000000745058060E-002  -1.0000000000000000     
  0.40000000596046448       -2.5000000372529030E-002   1.0000000000000000     
  0.40000000596046448        0.0000000000000000        1.0000000000000000     
  0.42500000633299351       -7.5000001117587090E-002  -1.0000000000000000     
  0.42500000633299351       -5.0000000745058060E-002  -1.0000000000000000     
  0.42500000633299351       -2.5000000372529030E-002   1.0000000000000000     
  0.42500000633299351        0.0000000000000000        1.0000000000000000     
  0.45000000670552254       -7.5000001117587090E-002  -1.0000000000000000     
  0.45000000670552254       -5.0000000745058060E-002  -1.0000000000000000     
  0.45000000670552254       -2.5000000372529030E-002   1.0000000000000000     
  0.45000000670552254        0.0000000000000000        1.0000000000000000     
  0.47500000707805157       -7.5000001117587090E-002  -1.0000000000000000     
  0.47500000707805157       -5.0000000745058060E-002  -1.0000000000000000     
  0.47500000707805157       -2.5000000372529030E-002   1.0000000000000000     
  0.47500000707805157        0.0000000000000000        1.0000000000000000     
  0.50000000745058060       -7.5000001117587090E-002  -1.0000000000000000     
  0.50000000745058060       -5.0000000745058060E-002  -1.0000000000000000     
  0.50000000745058060       -2.5000000372529030E-002   1.0000000000000000     
  0.50000000745058060        0.0000000000000000        1.0000000000000000     
  0.52500000782310963       -7.5000001117587090E-002  -1.0000000000000000     
  0.52500000782310963       -5.0000000745058060E-002  -1.0000000000000000     
  0.52500000782310963       -2.5000000372529030E-002   1.0000000000000000     
  0.52500000782310963        0.0000000000000000        1.0000000000000000     
  0.55000000819563866       -7.5000001117587090E-002  -1.0000000000000000     
  0.55000000819563866       -5.0000000745058060E-002  -1.0000000000000000     
  0.55000000819563866       -2.5000000372529030E-002   1.0000000000000000     
  0.55000000819563866        0.0000000000000000        1.0000000000000000     
  0.57500000856816769       -7.5000001117587090E-002  -1.0000000000000000     
  0.57500000856816769       -5.0000000745058060E-002  -1.0000000000000000     
  0.57500000856816769       -2.5000000372529030E-002   1.0000000000000000     
  0.57500000856816769        0.0000000000000000        1.0000000000000000     
  0.60000000894069672       -7.5000001117587090E-002  -1.0000000000000000     
  0.60000000894069672       -5.0000000745058060E-002  -1.0000000000000000     
  0.60000000894069672       -2.5000000372529030E-002   1.0000000000000000     
  0.60000000894069672        0.0000000000000000        1.0000000000000000     
  0.62500000931322575       -7.5000001117587090E-002  -1.0000000000000000     
  0.62500000931322575       -5.0000000745058060E-002  -1.0000000000000000     
  0.62500000931322575       -2.5000000372529030E-002   1.0000000000000000     
  0.62500000931322575        0.0000000000000000        1.0000000000000000     
  0.65000000968575478       -7.5000001117587090E-002  -1.0000000000000000     
  0.65000000968575478       -5.0000000745058060E-002  -1.0000000000000000     
  0.65000000968575478       -2.5000000372529030E-002   1.0000000000000000     
  0.65000000968575478        0.0000000000000000        1.0000000000000000     
  0.67500001005828381       -7.5000001117587090E-002  -1.0000000000000000     
  0.67500001005828381       -5.0000000745058060E-002  -1.0000000000000000     
  0.67500001005828381       -2.5000000372529030E-002   1.0000000000000000     
  0.67500001005828381        0.0000000000000000        1.0000000000000000     
  0.70000001043081284       -7.5000001117587090E-002  -1.0000000000000000     
  0.70000001043081284       -5.0000000745058060E-002  -1.0000000000000000     
  0.70000001043081284       -2.5000000372529030E-002   1.0000000000000000     
  0.70000001043081284        0.0000000000000000        1.0000000000000000     
  0.72500001080334187       -7.5000001117587090E-002  -1.0000000000000000     
  0.72500001080334187       -5.0000000745058060E-002  -1.0000000000000000     
  0.72500001080334187       -2.5000000372529030E-002   1.0000000000000000     
  0.72500001080334187        0.0000000000000000        1.0000000000000000     
  0.75000001117587090       -7.5000001117587090E-002  -1.0000000000000000     
  0.75000001117587090       -5.0000000745058060E-002  -1.0000000000000000     
  0.75000001117587090       -2.5000000372529030E-002   1.0000000000000000     
  0.75000001117587090        0.0000000000000000        1.0000000000000000     
  0.77500001154839993       -7.5000001117587090E-002  -1.0000000000000000     
  0.77500001154839993       -5.0000000745058060E-002  -1.0000000000000000     
  0.77500001154839993       -2.5000000372529030E-002   1.0000000000000000     
  0.77500001154839993        0.0000000000000000        1.0000000000000000     
  0.80000001192092896       -7.5000001117587090E-002  -1.0000000000000000     
  0.80000001192092896       -5.0000000745058060E-002  -1.0000000000000000     
  0.80000001192092896       -2.5000000372529030E-002   1.0000000000000000     
  0.80000001192092896        0.0000000000000000        1.0000000000000000     
  0.82500001229345798       -7.5000001117587090E-002  -1.0000000000000000     
  0.82500001229345798       -5.0000000745058060E-002  -1.0000000000000000     
  0.82500001229345798       -2.5000000372529030E-002   1.0000000000000000     
  0.82500001229345798        0.0000000000000000        1.0000000000000000     
  0.85000001266598701       -7.5000001117587090E-002  -1.0000000000000000     
  0.85000001266598701       -5.0000000745058060E-002  -1.0000000000000000     
  0.85000001266598701       -2.5000000372529030E-002   1.0000000000000000     
  0.85000001266598701        0.0000000000000000        1.0000000000000000     
  0.87500001303851604       -7.5000001117587090E-002  -1.0000000000000000     
  0.87500001303851604       -5.0000000745058060E-002  -1.0000000000000000     
  0.87500001303851604       -2.5000000372529030E-002   1.0000000000000000     
  0.87500001303851604        0.0000000000000000        1.0000000000000000     
  0.90000001341104507       -7.5000001117587090E-002  -1.0000000000000000     
  0.90000001341104507       -5.0000000745058060E-002  -1.0000000000000000     
  0.90000001341104507       -2.5000000372529030E-002   1.0000000000000000     
  0.90000001341104507        0.0000000000000000        1.0000000000000000     
  0.92500001378357410       -7.5000001117587090E-002  -1.0000000000000000     
  0.92500001378357410       -5.0000000745058060E-002  -1.0000000000000000     
  0.92500001378357410       -2.5000000372529030E-002   1.0000000000000000     
  0.92500001378357410        0.0000000000000000        1.0000000000000000     
  0.95000001415610313       -7.5000001117587090E-002  -1.0000000000000000     
  0.95000001415610313       -5.0000000745058060E-002  -1.0000000000000000     
  0.95000001415610313       -2.5000000372529030E-002   1.0000000000000000     
  0.95000001415610313        0.0000000000000000        1.0000000000000000     
  0.97500001452863216       -7.5000001117587090E-002  -1.0000000000000000     
  0.97500001452863216       -5.0000000745058060E-002  -1.0000000000000000     
  0.97500001452863216       -2.5000000372529030E-002   1.0000000000000000     
  0.97500001452863216        0.0000000000000000        1.0000000000000000     
   1.0000000149011612       -7.5000001117587090E-002  -1.0000000000000000     
   1.0000000149011612       -5.0000000745058060E-002  -1.0000000000000000     
   1.0000000149011612       -2.5000000372529030E-002   1.0000000000000000     
   1.0000000149011612        0.0000000000000000        1.0000000000000000     
   1.0250000152736902       -7.5000001117587090E-002  -1.0000000000000000     
   1.0250000152736902       -5.0000000745058060E-002  -1.0000000000000000     
   1.0250000152736902       -2.5000000372529030E-002   1.0000000000000000     
   1.0250000152736902        0.0000000000000000        1.0000000000000000     
   1.0250000152736902        2.5000000372529030E-002   1.0000000000000000     
   1.0250000152736902        5.0000000745058060E-002   1.0000000000000000     
   1.0250000152736902        7.5000001117587090E-002   1.0000000000000000     
   1.0250000152736902       0.10000000149011612        1.0000000000000000     
   1.0250000152736902       0.12500000186264515        1.0000000000000000     
   1.0250000152736902       0.15000000223517418        1.0000000000000000     
   1.0250000152736902       0.17500000260770321        1.0000000000000000     
   1.0250000152736902       0.20000000298023224        1.0000000000000000     
   1.0250000152736902       0.22500000335276127        1.0000000000000000     
   1.0250000152736902       0.25000000372529030        1.0000000000000000     
   1.0250000152736902       0.27500000409781933        1.0000000000000000     
   1.0250000152736902       0.30000000447034836        1.0000000000000000     
   1.0250000152736902       0.32500000484287739        1.0000000000000000     
   1.0250000152736902       0.35000000521540642        1.0000000000000000     
   1.0250000152736902       0.37500000558793545        1.0000000000000000     
   1.0250000152736902       0.40000000596046448        1.0000000000000000     
   1.0250000152736902       0.42500000633299351        1.0000000000000000     
   1.0250000152736902       0.45000000670552254        1.0000000000000000     
   1.0250000152736902       0.47500000707805157        1.0000000000000000     
   1.0250000152736902       0.50000000745058060        1.0000000000000000     
   1.0250000152736902       0.52500000782310963        1.0000000000000000     
   1.0250000152736902       0.55000000819563866        1.0000000000000000     
   1.0250000152736902       0.57500000856816769        1.0000000000000000     
   1.0250000152736902       0.60000000894069672        1.0000000000000000     
   1.0500000156462193       -7.5000001117587090E-002  -1.0000000000000000     
   1.0500000156462193       -5.0000000745058060E-002  -1.0000000000000000     
   1.0500000156462193       -2.5000000372529030E-002   1.0000000000000000     
   1.0500000156462193        0.0000000000000000        1.0000000000000000     
   1.0500000156462193        2.5000000372529030E-002   1.0000000000000000     
   1.0500000156462193        5.0000000745058060E-002   1.0000000000000000     
   1.0500000156462193        7.5000001117587090E-002   1.0000000000000000     
   1.0500000156462193       0.10000000149011612        1.0000000000000000     
   1.0500000156462193       0.12500000186264515        1.0000000000000000     
   1.0500000156462193       0.15000000223517418        1.0000000000000000     
   1.0500000156462193       0.17500000260770321        1.0000000000000000     
   1.0500000156462193       0.20000000298023224        1.0000000000000000     
   1.0500000156462193       0.22500000335276127        1.0000000000000000     
   1.0500000156462193       0.25000000372529030        1.0000000000000000     
   1.0500000156462193       0.27500000409781933        1.0000000000000000     
   1.0500000156462193       0.30000000447034836        1.0000000000000000     
   1.0500000156462193       0.32500000484287739        1.0000000000000000     
   1.0500000156462193       0.35000000521540642        1.0000000000000000     
   1.0500000156462193       0.37500000558793545        1.0000000000000000     
   1.0500000156462193       0.40000000596046448        1.0000000000000000     
   1.0500000156462193       0.42500000633299351        1.0000000000000000     
   1.0500000156462193       0.45000000670552254        1.0000000000000000     
   1.0500000156462193       0.47500000707805157        1.0000000000000000     
   1.0500000156462193       0.50000000745058060        1.0000000000000000     
   1.0500000156462193       0.52500000782310963        1.0000000000000000     
   1.0500000156462193       0.55000000819563866        1.0000000000000000     
   1.0500000156462193       0.57500000856816769        1.0000000000000000     
   1.0500000156462193       0.60000000894069672        1.0000000000000000     
   1.0750000160187483       -7.5000001117587090E-002  -1.0000000000000000     
   1.0750000160187483       -5.0000000745058060E-002  -1.0000000000000000     
   1.0750000160187483       -2.5000000372529030E-002  -1.0000000000000000     
   1.0750000160187483        0.0000000000000000       -1.0000000000000000     
   1.0750000160187483        2.5000000372529030E-002  -1.0000000000000000     
   1.0750000160187483        5.0000000745058060E-002  -1.0000000000000000     
   1.0750000160187483        7.5000001117587090E-002  -1.0000000000000000     
   1.0750000160187483       0.10000000149011612       -1.0000000000000000     
   1.0750000160187483       0.12500000186264515       -1.0000000000000000     
   1.0750000160187483       0.15000000223517418       -1.0000000000000000     
   1.0750000160187483       0.17500000260770321       -1.0000000000000000     
   1.0750000160187483       0.20000000298023224       -1.0000000000000000     
   1.0750000160187483       0.22500000335276127       -1.0000000000000000     
   1.0750000160187483       0.25000000372529030       -1.0000000000000000     
   1.0750000160187483       0.27500000409781933       -1.0000000000000000     
   1.0750000160187483       0.30000000447034836       -1.0000000000000000     
   1.0750000160187483       0.32500000484287739       -1.0000000000000000     
   1.0750000160187483       0.35000000521540642       -1.0000000000000000     
   1.0750000160187483       0.37500000558793545       -1.0000000000000000     
   1.0750000160187483       0.40000000596046448       -1.0000000000000000     
   1.0750000160187483       0.42500000633299351       -1.0000000000000000     
   1.0750000160187483       0.45000000670552254       -1.0000000000000000     
   1.0750000160187483       0.47500000707805157       -1.0000000000000000     
   1.0750000160187483       0.50000000745058060       -1.0000000000000000     
   1.0750000160187483       0.52500000782310963       -1.0000000000000000     
   1.0750000160187483       0.55000000819563866       -1.0000000000000000     
   1.0750000160187483       0.57500000856816769        1.0000000000000000     
   1.0750000160187483       0.60000000894069672        1.0000000000000000     
   1.1000000163912773       -7.5000001117587090E-002  -1.0000000000000000     
   1.1000000163912773       -5.0000000745058060E-002  -1.0000000000000000     
   1.1000000163912773       -2.5000000372529030E-002  -1.0000000000000000     
   1.1000000163912773        0.0000000000000000       -1.0000000000000000     
   1.1000000163912773        2.5000000372529030E-002  -1.0000000000000000     
   1.1000000163912773        5.0000000745058060E-002  -1.0000000000000000     
   1.1000000163912773        7.5000001117587090E-002  -1.0000000000000000     
   1.1000000163912773       0.10000000149011612       -1.0000000000000000     
   1.1000000163912773       0.12500000186264515       -1.0000000000000000     
   1.1000000163912773       0.15000000223517418       -1.0000000000000000     
   1.1000000163912773       0.17500000260770321       -1.0000000000000000     
   1.1000000163912773       0.20000000298023224       -1.0000000000000000     
   1.1000000163912773       0.22500000335276127       -1.0000000000000000     
   1.1000000163912773       0.25000000372529030       -1.0000000000000000     
   1.1000000163912773       0.27500000409781933       -1.0000000000000000     
   1.1000000163912773       0.30000000447034836       -1.0000000000000000     
   1.1000000163912773       0.32500000484287739       -1.0000000000000000     
   1.1000000163912773       0.35000000521540642       -1.0000000000000000     
   1.1000000163912773       0.37500000558793545       -1.0000000000000000     
   1.1000000163912773       0.40000000596046448       -1.0000000000000000     
   1.1000000163912773       0.42500000633299351       -1.0000000000000000     
   1.1000000163912773       0.45000000670552254       -1.0000000000000000     
   1.1000000163912773       0.47500000707805157       -1.0000000000000000     
   1.1000000163912773       0.50000000745058060       -1.0000000000000000     
   1.1000000163912773       0.52500000782310963       -1.0000000000000000     
   1.1000000163912773       0.55000000819563866       -1.0000000000000000     
   1.1000000163912773       0.57500000856816769        1.0000000000000000     
   1.1000000163912773       0.60000000894069672        1.0000000000000000     
