-0.075 -0.075 -1         0.00000  0
-0.075 -0.050 -1         0.00000  0
-0.075 -0.025 -1         0.00000  0
-0.075  0.000 -1         0.00000  0
-0.075  0.025 -1         0.00000  0
-0.075  0.050 -1         0.00000  0
-0.075  0.075 -1         0.00000  0
-0.075  0.100 -1         0.00000  0
-0.075  0.125 -1         0.00000  0
-0.075  0.150 -1         0.00000  0
-0.075  0.175 -1         0.00000  0
-0.075  0.200 -1         0.00000  0
-0.075  0.225 -1         0.00000  0
-0.075  0.250 -1         0.00000  0
-0.075  0.275 -1         0.00000  0
-0.075  0.300 -1         0.00000  0
-0.075  0.325 -1         0.00000  0
-0.075  0.350 -1         0.00000  0
-0.075  0.375 -1         0.00000  0
-0.075  0.400 -1         0.00000  0
-0.075  0.425 -1         0.00000  0
-0.075  0.450 -1         0.00000  0
-0.075  0.475 -1         0.00000  0
-0.075  0.500 -1         0.00000  0
-0.075  0.525 -1         0.00000  0
-0.075  0.550 -1         0.00000  0
-0.075  0.575  1         0.00000  0
-0.075  0.600  1         0.00000  0
-0.050 -0.075 -1         0.00000  0
-0.050 -0.050 -1         0.00000  0
-0.050 -0.025 -1         0.00000  0
-0.050  0.000 -1         0.00000  0
-0.050  0.025 -1         0.00000  0
-0.050  0.050 -1         0.00000  0
-0.050  0.075 -1         0.00000  0
-0.050  0.100 -1         0.00000  0
-0.050  0.125 -1         0.00000  0
-0.050  0.150 -1         0.00000  0
-0.050  0.175 -1         0.00000  0
-0.050  0.200 -1         0.00000  0
-0.050  0.225 -1         0.00000  0
-0.050  0.250 -1         0.00000  0
-0.050  0.275 -1         0.00000  0
-0.050  0.300 -1         0.00000  0
-0.050  0.325 -1         0.00000  0
-0.050  0.350 -1         0.00000  0
-0.050  0.375 -1         0.00000  0
-0.050  0.400 -1         0.00000  0
-0.050  0.425 -1         0.00000  0
-0.050  0.450 -1         0.00000  0
-0.050  0.475 -1         0.00000  0
-0.050  0.500 -1         0.00000  0
-0.050  0.525 -1         0.00000  0
-0.050  0.550 -1         0.00000  0
-0.050  0.575  1         0.00000  0
-0.050  0.600  1         0.00000  0
-0.025 -0.075 -1         0.00000  0
-0.025 -0.050 -1         0.00000  0
-0.025 -0.025  1         0.00000  0
-0.025  0.000  1         0.00000  0
-0.025  0.025  1         0.00000  0
-0.025  0.050  1         0.00000  0
-0.025  0.075  1         0.00000  0
-0.025  0.100  1         0.00000  0
-0.025  0.125  1         0.00000  0
-0.025  0.150  1         0.00000  0
-0.025  0.175  1         0.00000  0
-0.025  0.200  1         0.00000  0
-0.025  0.225  1         0.00000  0
-0.025  0.250  1         0.00000  0
-0.025  0.275  1         0.00000  0
-0.025  0.300  1         0.00000  0
-0.025  0.325  1         0.00000  0
-0.025  0.350  1         0.00000  0
-0.025  0.375  1         0.00000  0
-0.025  0.400  1         0.00000  0
-0.025  0.425  1         0.00000  0
-0.025  0.450  1         0.00000  0
-0.025  0.475  1         0.00000  0
-0.025  0.500  1         0.00000  0
-0.025  0.525  1         0.00000  0
-0.025  0.550  1         0.00000  0
-0.025  0.575  1         0.00000  0
-0.025  0.600  1         0.00000  0
 0.000 -0.075 -1         0.00000  0
 0.000 -0.050 -1         0.00000  0
 0.000 -0.025  1         0.00000  0
 0.000  0.000  1       685.46969  0
 0.000  0.025  1         0.00000  0
 0.000  0.050  1         0.00000  0
 0.000  0.075  1         0.00000  0
 0.000  0.100  1         0.00000  0
 0.000  0.125  1         0.00000  0
 0.000  0.150  1         0.00000  0
 0.000  0.175  1         0.00000  0
 0.000  0.200  1         0.00000  0
 0.000  0.225  1         0.00000  0
 0.000  0.250  1         0.00000  0
 0.000  0.275  1         0.00000  0
 0.000  0.300  1         0.00000  0
 0.000  0.325  1         0.00000  0
 0.000  0.350  1         0.00000  0
 0.000  0.375  1         0.00000  0
 0.000  0.400  1         0.00000  0
 0.000  0.425  1         0.00000  0
 0.000  0.450  1         0.00000  0
 0.000  0.475  1         0.00000  0
 0.000  0.500  1         0.00000  0
 0.000  0.525  1         0.00000  0
 0.000  0.550  1         0.00000  0
 0.000  0.575  1         0.00000  0
 0.000  0.600  1         0.00000  0
 0.025 -0.075 -1         0.00000  0
 0.025 -0.050 -1         0.00000  0
 0.025 -0.025  1         0.00000  0
 0.025  0.000  1       835.79278  0
 0.101  0.028  0       185.91538  0
 0.425  0.022  0      1597.92767  0
 0.180  0.022  0         0.00000  0
 0.542  0.048  0         0.00000  0
 0.029  0.049  0         0.00000  0
 0.142  0.023  0       969.03005  0
 0.023  0.022  0         0.00000  0
 0.398  0.028  0       704.64843  0
 0.206  0.025  0       928.15171  0
 0.200  0.051  0       559.77727  0
 0.240  0.044  0         0.00000  0
 0.061  0.057  0         0.00000  0
 0.065  0.017  0       377.08102  0
 0.049  0.041  0       466.31522  0
 0.138  0.045  0         0.00000  0
 0.180  0.049  0         0.00000  0
 0.197  0.069  0         0.00000  0
 0.257  0.044  0         0.00000  0
 0.228  0.026  0         0.00000  0
 0.026  0.069  0         0.00000  0
 0.050 -0.075 -1         0.00000  0
 0.050 -0.050 -1         0.00000  0
 0.050 -0.025  1         0.00000  0
 0.050  0.000  1         0.00000  0
 0.261  0.020  0         0.00000  0
 0.477  0.046  0         0.00000  0
 0.580  0.061  0      1919.41617  0
 0.519  0.049  0         0.00000  0
 0.470  0.020  0         0.00000  0
 0.387  0.051  0         0.00000  0
 0.446  0.052  0         0.00000  0
 0.561  0.063  0         0.00000  0
 0.220  0.072  0         0.00000  0
 0.298  0.021  0         0.00000  0
 0.298  0.044  0         0.00000  0
 0.580  0.098  0         0.00000  0
 0.075  0.054  0         0.00000  0
 0.453  0.035  0       470.83817  0
 0.119  0.037  0         0.00000  0
 0.090  0.043  0         0.00000  0
 0.402  0.058  0         0.00000  0
 0.156  0.044  0         0.00000  0
 0.282  0.050  0         0.00000  0
 0.307  0.062  0         0.00000  0
 0.075 -0.075 -1         0.00000  0
 0.075 -0.050 -1         0.00000  0
 0.075 -0.025  1         0.00000  0
 0.075  0.000  1       501.20414  0
 0.519  0.024  0         0.00000  0
 0.369  0.020  0      1863.80781  0
 0.774  0.025  0       179.99596  0
 0.544  0.020  0         0.00000  0
 0.631  0.027  0       945.94425  0
 0.591  0.027  0      4591.71800  0
 0.611  0.087  0         0.00000  0
 0.497  0.040  0         0.00000  0
 0.574  0.030  0         0.00000  0
 0.579  0.198  0         0.00000  0
 0.610  0.026  0      4448.34742  0
 0.333  0.024  0         0.00000  0
 0.716  0.037  0         0.00000  0
 0.564  0.099  0         0.00000  0
 0.332  0.064  0         0.00000  0
 0.421  0.043  0         0.00000  0
 0.741  0.074  0       315.03507  0
 0.344  0.035  0         0.00000  0
 0.740  0.058  0         0.00000  0
 0.368  0.047  0         0.00000  0
 0.100 -0.075 -1         0.00000  0
 0.100 -0.050 -1         0.00000  0
 0.100 -0.025  1         0.00000  0
 0.100  0.000  1         0.00000  0
 0.862  0.021  0      2531.02415  0
 0.845  0.146  0      2193.32913  0
 0.811  0.022  0      1713.70683  0
 0.755  0.023  0       525.84392  0
 0.820  0.045  0      1085.11029  0
 0.783  0.086  0      2129.25043  0
 0.883  0.161  0      1050.95489  0
 0.906  0.151  0      2561.73438  0
 0.833  0.126  0       950.68081  0
 0.746  0.125  0         0.00000  0
 0.862  0.104  0       431.14792  0
 0.731  0.031  0       344.04858  0
 0.794  0.041  0      1769.70828  0
 0.819  0.111  0      2954.32329  0
 0.804  0.103  0       532.49014  0
 0.593  0.078  0       151.74018  0
 0.692  0.095  0         0.00000  1
 0.540  0.072  0         0.00000  0
 0.763  0.069  0         0.00000  0
 0.618  0.108  0         0.00000  0
 0.125 -0.075 -1         0.00000  0
 0.125 -0.050 -1         0.00000  0
 0.125 -0.025  1         0.00000  0
 0.125  0.000  1         0.00000  0
 0.848  0.069  0      2138.62594  0
 0.919  0.114  0      1191.53403  0
 0.939  0.035  0      2175.64677  0
 0.858  0.047  0      1512.19780  0
 0.892  0.219  0         0.00000  0
 0.968  0.096  0      2219.59359  0
 0.959  0.022  0      3555.20035  0
 0.966  0.058  0      2628.93589  0
 0.795  0.137  0         0.00000  0
 0.917  0.021  0      2742.27639  0
 0.905  0.046  0      1357.29534  0
 0.695  0.106  0         0.00000  1
 0.826  0.065  0       966.64111  0
 0.891  0.097  0      2123.55647  0
 0.765  0.140  0         0.00000  0
 0.617  0.129  0         0.00000  0
 0.770  0.102  0         0.00000  0
 0.671  0.020  0         0.00000  0
 0.838  0.025  0      1368.04192  0
 0.723  0.086  0         0.00000  0
 0.150 -0.075 -1         0.00000  0
 0.150 -0.050 -1         0.00000  0
 0.150 -0.025  1         0.00000  0
 0.150  0.000  1         0.00000  0
 1.005  0.141  0      1153.79165  0
 0.873  0.082  0      2793.03039  0
 0.984  0.069  0      2456.96926  0
 0.939  0.172  0        89.53669  0
 0.790  0.187  0         0.00000  0
 0.868  0.184  0      2182.73240  0
 0.978  0.034  0      2608.30187  0
 0.934  0.055  0      3910.20035  0
 0.919  0.169  0       619.89353  0
 0.914  0.094  0      3366.52821  0
 0.894  0.069  0      1592.82997  0
 0.776  0.123  0      2119.67754  0
 0.856  0.124  0      1691.85064  0
 0.880  0.049  0      2414.97947  0
 0.790  0.169  0        43.30692  0
 0.802  0.153  0       516.58392  0
 0.707  0.155  0         0.00000  1
 0.741  0.152  0         0.00000  0
 0.780  0.055  0       640.42899  0
 0.802  0.076  0        17.45223  0
 0.175 -0.075 -1         0.00000  0
 0.175 -0.050 -1         0.00000  0
 0.175 -0.025  1         0.00000  0
 0.175  0.000  1       190.64116  0
 1.005  0.190  0         0.00000  0
 1.002  0.105  0      1898.24743  0
 0.655  0.155  0         0.00000  0
 0.689  0.140  0         0.00000  0
 0.661  0.083  0         0.00000  0
 0.981  0.241  0         0.00000  0
 0.806  0.203  0         0.00000  0
 0.963  0.164  0      1699.45573  0
 0.951  0.078  0      1985.95932  0
 0.837  0.223  0       475.67943  0
 0.906  0.201  0         0.00000  0
 0.956  0.198  0         0.00000  0
 0.983  0.139  0      1916.41464  0
 0.925  0.139  0      2742.72863  0
 0.673  0.141  0         0.00000  0
 0.881  0.190  0       273.14268  0
 0.961  0.141  0       691.78564  0
 0.881  0.143  0      1848.63071  0
 0.891  0.026  0      2711.63089  0
 0.890  0.121  0         0.00000  0
 0.200 -0.075 -1         0.00000  0
 0.200 -0.050 -1         0.00000  0
 0.200 -0.025  1         0.00000  0
 0.200  0.000  1      1528.94946  0
 0.787  0.271  0         0.00000  0
 1.003  0.047  0      1725.40697  0
 0.950  0.241  0         0.00000  0
 0.880  0.255  0         0.00000  0
 0.762  0.221  0         0.00000  0
 0.998  0.023  0      4381.02900  0
 0.615  0.061  0         0.00000  0
 0.912  0.234  0         0.00000  0
 0.755  0.190  0         0.00000  0
 0.640  0.131  0         0.00000  0
 0.983  0.219  0       553.03321  0
 0.927  0.073  0      3127.82211  0
 0.982  0.116  0      1493.06073  0
 0.942  0.127  0      2198.25273  0
 0.649  0.057  0      2655.10176  0
 0.974  0.181  0       743.71557  0
 0.993  0.171  0         0.00000  0
 0.925  0.193  0      1351.91543  0
 0.849  0.216  0         0.00000  0
 0.840  0.163  0      2372.40709  0
 0.225 -0.075 -1         0.00000  0
 0.225 -0.050 -1         0.00000  0
 0.225 -0.025  1         0.00000  0
 0.225  0.000  1       250.32825  0
 0.982  0.277  0         0.00000  0
 0.677  0.390  0         0.00000  0
 0.618  0.827  0         0.00000  0
 0.707  0.623  0         0.00000  0
 0.930  0.218  0         0.00000  0
 0.954  0.259  0         0.00000  0
 0.942  0.742  0         0.00000  0
 1.001  0.224  0         0.00000  0
 0.775  0.205  0         0.00000  0
 0.957  0.218  0       495.14347  0
 0.640  0.044  0      4113.90942  0
 0.723  0.106  0         0.00000  0
 0.995  0.261  0         0.00000  0
 0.851  0.266  0         0.00000  0
 0.638  0.151  0         0.00000  0
 0.825  0.175  0      1993.48764  0
 0.950  0.104  0      1882.17735  0
 0.644  0.088  0         0.00000  0
 0.841  0.189  0      1756.59078  0
 0.839  0.089  0         0.00000  0
 0.250 -0.075 -1         0.00000  0
 0.250 -0.050 -1         0.00000  0
 0.250 -0.025  1         0.00000  0
 0.250  0.000  1        51.62900  0
 0.839  1.027  0         0.00000  0
 0.890  1.095  0         0.00000  0
 0.774  0.694  0         0.00000  0
 0.672  0.063  0         0.00000  0
 1.001  0.081  0      2279.36956  0
 0.692  0.829  0         0.00000  0
 0.691  0.048  0         0.00000  0
 0.861  1.084  0         0.00000  0
 0.767  0.248  0         0.00000  0
 0.700  0.163  0         0.00000  1
 0.749  0.164  0         0.00000  0
 0.923  0.302  0         0.00000  0
 1.061  0.613  0         0.00000  0
 0.944  0.511  0         0.00000  0
 0.895  0.282  0         0.00000  0
 0.696  0.029  0         0.00000  0
 0.816  0.262  0         0.00000  0
 0.661  0.110  0         0.00000  0
 0.879  0.241  0         0.00000  0
 0.825  0.213  0       438.07266  0
 0.275 -0.075 -1         0.00000  0
 0.275 -0.050 -1         0.00000  0
 0.275 -0.025  1         0.00000  0
 0.275  0.000  1         0.00000  0
 0.300 -0.075 -1         0.00000  0
 0.300 -0.050 -1         0.00000  0
 0.300 -0.025  1         0.00000  0
 0.300  0.000  1       386.04689  0
 0.325 -0.075 -1         0.00000  0
 0.325 -0.050 -1         0.00000  0
 0.325 -0.025  1         0.00000  0
 0.325  0.000  1         0.00000  0
 0.350 -0.075 -1         0.00000  0
 0.350 -0.050 -1         0.00000  0
 0.350 -0.025  1         0.00000  0
 0.350  0.000  1       967.10068  0
 0.375 -0.075 -1         0.00000  0
 0.375 -0.050 -1         0.00000  0
 0.375 -0.025  1         0.00000  0
 0.375  0.000  1      2083.72427  0
 0.400 -0.075 -1         0.00000  0
 0.400 -0.050 -1         0.00000  0
 0.400 -0.025  1         0.00000  0
 0.400  0.000  1         0.00000  0
 0.425 -0.075 -1         0.00000  0
 0.425 -0.050 -1         0.00000  0
 0.425 -0.025  1         0.00000  0
 0.425  0.000  1       604.39607  0
 0.450 -0.075 -1         0.00000  0
 0.450 -0.050 -1         0.00000  0
 0.450 -0.025  1         0.00000  0
 0.450  0.000  1         0.00000  0
 0.475 -0.075 -1         0.00000  0
 0.475 -0.050 -1         0.00000  0
 0.475 -0.025  1         0.00000  0
 0.475  0.000  1         0.00000  0
 0.500 -0.075 -1         0.00000  0
 0.500 -0.050 -1         0.00000  0
 0.500 -0.025  1         0.00000  0
 0.500  0.000  1         0.00000  0
 0.525 -0.075 -1         0.00000  0
 0.525 -0.050 -1         0.00000  0
 0.525 -0.025  1         0.00000  0
 0.525  0.000  1      1113.29986  0
 0.550 -0.075 -1         0.00000  0
 0.550 -0.050 -1         0.00000  0
 0.550 -0.025  1         0.00000  0
 0.550  0.000  1      2720.91286  0
 0.575 -0.075 -1         0.00000  0
 0.575 -0.050 -1         0.00000  0
 0.575 -0.025  1         0.00000  0
 0.575  0.000  1         0.00000  0
 0.600 -0.075 -1         0.00000  0
 0.600 -0.050 -1         0.00000  0
 0.600 -0.025  1         0.00000  0
 0.600  0.000  1      2649.76122  0
 0.625 -0.075 -1         0.00000  0
 0.625 -0.050 -1         0.00000  0
 0.625 -0.025  1         0.00000  0
 0.625  0.000  1         0.00000  0
 0.650 -0.075 -1         0.00000  0
 0.650 -0.050 -1         0.00000  0
 0.650 -0.025  1         0.00000  0
 0.650  0.000  1         0.00000  0
 0.675 -0.075 -1         0.00000  0
 0.675 -0.050 -1         0.00000  0
 0.675 -0.025  1         0.00000  0
 0.675  0.000  1         0.00000  0
 0.700 -0.075 -1         0.00000  0
 0.700 -0.050 -1         0.00000  0
 0.700 -0.025  1         0.00000  0
 0.700  0.000  1         0.00000  0
 0.725 -0.075 -1         0.00000  0
 0.725 -0.050 -1         0.00000  0
 0.725 -0.025  1         0.00000  0
 0.725  0.000  1         0.00000  0
 0.750 -0.075 -1         0.00000  0
 0.750 -0.050 -1         0.00000  0
 0.750 -0.025  1         0.00000  0
 0.750  0.000  1      1701.64792  0
 0.775 -0.075 -1         0.00000  0
 0.775 -0.050 -1         0.00000  0
 0.775 -0.025  1         0.00000  0
 0.775  0.000  1      1789.76482  0
 0.800 -0.075 -1         0.00000  0
 0.800 -0.050 -1         0.00000  0
 0.800 -0.025  1         0.00000  0
 0.800  0.000  1       823.34349  0
 0.825 -0.075 -1         0.00000  0
 0.825 -0.050 -1         0.00000  0
 0.825 -0.025  1         0.00000  0
 0.825  0.000  1      2687.59839  0
 0.850 -0.075 -1         0.00000  0
 0.850 -0.050 -1         0.00000  0
 0.850 -0.025  1         0.00000  0
 0.850  0.000  1      3830.07036  0
 0.875 -0.075 -1         0.00000  0
 0.875 -0.050 -1         0.00000  0
 0.875 -0.025  1         0.00000  0
 0.875  0.000  1      2660.59649  0
 0.900 -0.075 -1         0.00000  0
 0.900 -0.050 -1         0.00000  0
 0.900 -0.025  1         0.00000  0
 0.900  0.000  1      2541.95258  0
 0.925 -0.075 -1         0.00000  0
 0.925 -0.050 -1         0.00000  0
 0.925 -0.025  1         0.00000  0
 0.925  0.000  1      3476.09670  0
 0.950 -0.075 -1         0.00000  0
 0.950 -0.050 -1         0.00000  0
 0.950 -0.025  1         0.00000  0
 0.950  0.000  1      2754.88051  0
 0.975 -0.075 -1         0.00000  0
 0.975 -0.050 -1         0.00000  0
 0.975 -0.025  1         0.00000  0
 0.975  0.000  1      2136.75913  0
 1.000 -0.075 -1         0.00000  0
 1.000 -0.050 -1         0.00000  0
 1.000 -0.025  1         0.00000  0
 1.000  0.000  1      3681.51839  0
 1.025 -0.075 -1         0.00000  0
 1.025 -0.050 -1         0.00000  0
 1.025 -0.025  1         0.00000  0
 1.025  0.000  1       118.68670  0
 1.025  0.025  1      1746.97004  0
 1.025  0.050  1      3169.97828  0
 1.025  0.075  1      2541.84451  0
 1.025  0.100  1      2063.34196  0
 1.025  0.125  1      1438.43820  0
 1.025  0.150  1      1068.47015  0
 1.025  0.175  1         0.00000  0
 1.025  0.200  1       429.05890  0
 1.025  0.225  1         0.00000  0
 1.025  0.250  1         0.00000  0
 1.025  0.275  1         0.00000  0
 1.025  0.300  1         0.00000  0
 1.025  0.325  1         0.00000  0
 1.025  0.350  1         0.00000  0
 1.025  0.375  1         0.00000  0
 1.025  0.400  1         0.00000  0
 1.025  0.425  1         0.00000  0
 1.025  0.450  1         0.00000  0
 1.025  0.475  1         0.00000  0
 1.025  0.500  1         0.00000  0
 1.025  0.525  1         0.00000  0
 1.025  0.550  1         0.00000  0
 1.025  0.575  1         0.00000  0
 1.025  0.600  1         0.00000  0
 1.050 -0.075 -1         0.00000  0
 1.050 -0.050 -1         0.00000  0
 1.050 -0.025  1         0.00000  0
 1.050  0.000  1         0.00000  0
 1.050  0.025  1         0.00000  0
 1.050  0.050  1         0.00000  0
 1.050  0.075  1         0.00000  0
 1.050  0.100  1         0.00000  0
 1.050  0.125  1         0.00000  0
 1.050  0.150  1         0.00000  0
 1.050  0.175  1         0.00000  0
 1.050  0.200  1         0.00000  0
 1.050  0.225  1         0.00000  0
 1.050  0.250  1         0.00000  0
 1.050  0.275  1         0.00000  0
 1.050  0.300  1         0.00000  0
 1.050  0.325  1         0.00000  0
 1.050  0.350  1         0.00000  0
 1.050  0.375  1         0.00000  0
 1.050  0.400  1         0.00000  0
 1.050  0.425  1         0.00000  0
 1.050  0.450  1         0.00000  0
 1.050  0.475  1         0.00000  0
 1.050  0.500  1         0.00000  0
 1.050  0.525  1         0.00000  0
 1.050  0.550  1         0.00000  0
 1.050  0.575  1         0.00000  0
 1.050  0.600  1         0.00000  0
 1.075 -0.075 -1         0.00000  0
 1.075 -0.050 -1         0.00000  0
 1.075 -0.025 -1         0.00000  0
 1.075  0.000 -1         0.00000  0
 1.075  0.025 -1         0.00000  0
 1.075  0.050 -1         0.00000  0
 1.075  0.075 -1         0.00000  0
 1.075  0.100 -1         0.00000  0
 1.075  0.125 -1         0.00000  0
 1.075  0.150 -1         0.00000  0
 1.075  0.175 -1         0.00000  0
 1.075  0.200 -1         0.00000  0
 1.075  0.225 -1         0.00000  0
 1.075  0.250 -1         0.00000  0
 1.075  0.275 -1         0.00000  0
 1.075  0.300 -1         0.00000  0
 1.075  0.325 -1         0.00000  0
 1.075  0.350 -1         0.00000  0
 1.075  0.375 -1         0.00000  0
 1.075  0.400 -1         0.00000  0
 1.075  0.425 -1         0.00000  0
 1.075  0.450 -1         0.00000  0
 1.075  0.475 -1         0.00000  0
 1.075  0.500 -1         0.00000  0
 1.075  0.525 -1         0.00000  0
 1.075  0.550 -1         0.00000  0
 1.075  0.575  1         0.00000  0
 1.075  0.600  1         0.00000  0
 1.100 -0.075 -1         0.00000  0
 1.100 -0.050 -1         0.00000  0
 1.100 -0.025 -1         0.00000  0
 1.100  0.000 -1         0.00000  0
 1.100  0.025 -1         0.00000  0
 1.100  0.050 -1         0.00000  0
 1.100  0.075 -1         0.00000  0
 1.100  0.100 -1         0.00000  0
 1.100  0.125 -1         0.00000  0
 1.100  0.150 -1         0.00000  0
 1.100  0.175 -1         0.00000  0
 1.100  0.200 -1         0.00000  0
 1.100  0.225 -1         0.00000  0
 1.100  0.250 -1         0.00000  0
 1.100  0.275 -1         0.00000  0
 1.100  0.300 -1         0.00000  0
 1.100  0.325 -1         0.00000  0
 1.100  0.350 -1         0.00000  0
 1.100  0.375 -1         0.00000  0
 1.100  0.400 -1         0.00000  0
 1.100  0.425 -1         0.00000  0
 1.100  0.450 -1         0.00000  0
 1.100  0.475 -1         0.00000  0
 1.100  0.500 -1         0.00000  0
 1.100  0.525 -1         0.00000  0
 1.100  0.550 -1         0.00000  0
 1.100  0.575  1         0.00000  0
 1.100  0.600  1         0.00000  0
