-0.075 -0.075 -1         0.00000  0
-0.075 -0.050 -1         0.00000  0
-0.075 -0.025 -1         0.00000  0
-0.075  0.000 -1         0.00000  0
-0.075  0.025 -1         0.00000  0
-0.075  0.050 -1         0.00000  0
-0.075  0.075 -1         0.00000  0
-0.075  0.100 -1         0.00000  0
-0.075  0.125 -1         0.00000  0
-0.075  0.150 -1         0.00000  0
-0.075  0.175 -1         0.00000  0
-0.075  0.200 -1         0.00000  0
-0.075  0.225 -1         0.00000  0
-0.075  0.250 -1         0.00000  0
-0.075  0.275 -1         0.00000  0
-0.075  0.300 -1         0.00000  0
-0.075  0.325 -1         0.00000  0
-0.075  0.350 -1         0.00000  0
-0.075  0.375 -1         0.00000  0
-0.075  0.400 -1         0.00000  0
-0.075  0.425 -1         0.00000  0
-0.075  0.450 -1         0.00000  0
-0.075  0.475 -1         0.00000  0
-0.075  0.500 -1         0.00000  0
-0.075  0.525 -1         0.00000  0
-0.075  0.550 -1         0.00000  0
-0.075  0.575  1         0.00000  0
-0.075  0.600  1         0.00000  0
-0.050 -0.075 -1         0.00000  0
-0.050 -0.050 -1         0.00000  0
-0.050 -0.025 -1         0.00000  0
-0.050  0.000 -1         0.00000  0
-0.050  0.025 -1         0.00000  0
-0.050  0.050 -1         0.00000  0
-0.050  0.075 -1         0.00000  0
-0.050  0.100 -1         0.00000  0
-0.050  0.125 -1         0.00000  0
-0.050  0.150 -1         0.00000  0
-0.050  0.175 -1         0.00000  0
-0.050  0.200 -1         0.00000  0
-0.050  0.225 -1         0.00000  0
-0.050  0.250 -1         0.00000  0
-0.050  0.275 -1         0.00000  0
-0.050  0.300 -1         0.00000  0
-0.050  0.325 -1         0.00000  0
-0.050  0.350 -1         0.00000  0
-0.050  0.375 -1         0.00000  0
-0.050  0.400 -1         0.00000  0
-0.050  0.425 -1         0.00000  0
-0.050  0.450 -1         0.00000  0
-0.050  0.475 -1         0.00000  0
-0.050  0.500 -1         0.00000  0
-0.050  0.525 -1         0.00000  0
-0.050  0.550 -1         0.00000  0
-0.050  0.575  1         0.00000  0
-0.050  0.600  1         0.00000  0
-0.025 -0.075 -1         0.00000  0
-0.025 -0.050 -1         0.00000  0
-0.025 -0.025  1         0.00000  0
-0.025  0.000  1         0.00000  0
-0.025  0.025  1         0.00000  0
-0.025  0.050  1         0.00000  0
-0.025  0.075  1         0.00000  0
-0.025  0.100  1         0.00000  0
-0.025  0.125  1         0.00000  0
-0.025  0.150  1         0.00000  0
-0.025  0.175  1         0.00000  0
-0.025  0.200  1         0.00000  0
-0.025  0.225  1         0.00000  0
-0.025  0.250  1         0.00000  0
-0.025  0.275  1         0.00000  0
-0.025  0.300  1         0.00000  0
-0.025  0.325  1         0.00000  0
-0.025  0.350  1         0.00000  0
-0.025  0.375  1         0.00000  0
-0.025  0.400  1         0.00000  0
-0.025  0.425  1         0.00000  0
-0.025  0.450  1         0.00000  0
-0.025  0.475  1         0.00000  0
-0.025  0.500  1         0.00000  0
-0.025  0.525  1         0.00000  0
-0.025  0.550  1         0.00000  0
-0.025  0.575  1         0.00000  0
-0.025  0.600  1         0.00000  0
 0.000 -0.075 -1         0.00000  0
 0.000 -0.050 -1         0.00000  0
 0.000 -0.025  1         0.00000  0
 0.000  0.000  1        66.88268  0
 0.000  0.025  1      2632.96078  0
 0.000  0.050  1      1468.66672  0
 0.000  0.075  1      1420.60382  0
 0.000  0.100  1      1292.63074  0
 0.000  0.125  1         0.00000  0
 0.000  0.150  1         0.00000  0
 0.000  0.175  1         0.00000  0
 0.000  0.200  1         0.00000  0
 0.000  0.225  1         0.00000  0
 0.000  0.250  1         0.00000  0
 0.000  0.275  1         0.00000  0
 0.000  0.300  1         0.00000  0
 0.000  0.325  1         0.00000  0
 0.000  0.350  1         0.00000  0
 0.000  0.375  1         0.00000  0
 0.000  0.400  1         0.00000  0
 0.000  0.425  1         0.00000  0
 0.000  0.450  1         0.00000  0
 0.000  0.475  1         0.00000  0
 0.000  0.500  1         0.00000  0
 0.000  0.525  1         0.00000  0
 0.000  0.550  1         0.00000  0
 0.000  0.575  1         0.00000  0
 0.000  0.600  1         0.00000  0
 0.025 -0.075 -1         0.00000  0
 0.025 -0.050 -1         0.00000  0
 0.025 -0.025  1         0.00000  0
 0.025  0.000  1      1295.91799  0
 0.041  0.020  0      3014.50964  0
 0.130  0.049  0       901.91265  0
 0.077  0.025  0      1935.14817  0
 0.155  0.067  0       129.00865  0
 0.022  0.031  0      3093.60362  0
 0.062  0.041  0      2592.72147  0
 0.040  0.053  0      1888.48590  0
 0.111  0.070  0       553.82569  0
 0.082  0.054  0       711.57701  0
 0.055  0.073  0      1438.50581  0
 0.068  0.108  0      1533.59635  0
 0.021  0.066  0      2759.21355  0
 0.021  0.109  0      1527.91714  0
 0.041  0.147  0       878.90428  0
 0.022  0.146  0         0.00000  0
 0.074  0.151  0      1015.29114  0
 0.037  0.176  0         0.00000  0
 0.044  0.196  0         0.00000  0
 0.078  0.200  0         0.00000  0
 0.023  0.193  0         0.00000  0
 0.050 -0.075 -1         0.00000  0
 0.050 -0.050 -1         0.00000  0
 0.050 -0.025  1         0.00000  0
 0.050  0.000  1      2895.06596  0
 0.100  0.022  0      1170.80296  0
 0.150  0.026  0       452.06616  0
 0.171  0.093  0         0.00000  0
 0.169  0.042  0       729.04637  0
 0.104  0.051  0      1838.60466  0
 0.137  0.075  0      2370.81205  0
 0.130  0.098  0      1618.98631  0
 0.163  0.108  0       747.68243  0
 0.074  0.080  0      2172.61665  0
 0.092  0.095  0       941.53792  0
 0.090  0.123  0      1736.81056  0
 0.195  0.109  0      1171.42600  0
 0.035  0.089  0      1390.09074  0
 0.151  0.149  0      1392.15900  0
 0.043  0.109  0       383.47361  0
 0.058  0.132  0      1365.45311  0
 0.094  0.141  0      1358.27160  0
 0.060  0.168  0         0.00000  0
 0.093  0.177  0         0.00000  0
 0.099  0.202  0         0.00000  0
 0.075 -0.075 -1         0.00000  0
 0.075 -0.050 -1         0.00000  0
 0.075 -0.025  1         0.00000  0
 0.075  0.000  1      2146.16218  0
 0.185  0.020  0       825.58461  0
 0.130  0.026  0      1409.49824  0
 0.300  0.022  0      2183.88915  0
 0.220  0.020  0      2192.38385  0
 0.258  0.024  0      1286.88732  0
 0.198  0.044  0      1406.38199  0
 0.220  0.042  0      1697.86505  0
 0.177  0.061  0      1667.51052  0
 0.200  0.086  0       924.75023  0
 0.146  0.120  0         0.00000  0
 0.208  0.066  0      1539.81565  0
 0.111  0.105  0      1815.66019  0
 0.235  0.082  0       571.54181  0
 0.172  0.157  0         0.00000  0
 0.129  0.132  0         0.00000  0
 0.120  0.158  0       256.92882  0
 0.184  0.177  0         0.00000  1
 0.109  0.173  0       956.36882  0
 0.178  0.187  0         0.00000  1
 0.141  0.163  0         0.00000  0
 0.100 -0.075 -1         0.00000  0
 0.100 -0.050 -1         0.00000  0
 0.100 -0.025  1         0.00000  0
 0.100  0.000  1      1727.64550  0
 0.384  0.026  0      1188.13726  0
 0.358  0.022  0      3194.82021  0
 0.337  0.028  0      1018.52581  0
 0.280  0.034  0      1495.61751  0
 0.311  0.040  0       534.23126  0
 0.250  0.043  0        80.16107  0
 0.331  0.052  0      1309.87284  0
 0.382  0.048  0         0.00000  0
 0.344  0.109  0         0.00000  0
 0.279  0.057  0         0.00000  0
 0.362  0.074  0       883.89905  0
 0.241  0.063  0       873.27966  0
 0.307  0.066  0      1641.51188  0
 0.270  0.077  0         0.00000  0
 0.256  0.096  0       847.36998  0
 0.221  0.102  0         0.00000  0
 0.199  0.127  0       723.89164  0
 0.189  0.146  0         0.00000  0
 0.232  0.177  0         0.00000  0
 0.210  0.155  0         0.00000  0
 0.125 -0.075 -1         0.00000  0
 0.125 -0.050 -1         0.00000  0
 0.125 -0.025  1         0.00000  0
 0.125  0.000  1         0.00000  0
 0.412  0.021  0      2853.69055  0
 0.447  0.041  0         0.00000  0
 0.446  0.021  0      1178.83921  0
 0.354  0.050  0      1114.67338  0
 0.510  0.041  0      2113.13371  0
 0.552  0.019  0       986.75993  0
 0.534  0.047  0      1448.52492  0
 0.482  0.020  0         0.00000  0
 0.463  0.063  0      1608.14980  0
 0.409  0.042  0       910.17011  0
 0.423  0.062  0      1054.01617  0
 0.399  0.070  0      1719.62859  0
 0.328  0.128  0         0.00000  0
 0.343  0.082  0      1427.51413  0
 0.295  0.083  0       214.85325  0
 0.244  0.117  0       411.99330  0
 0.272  0.112  0       560.48501  0
 0.226  0.134  0         0.00000  0
 0.257  0.149  0         0.00000  0
 0.236  0.162  0         0.00000  0
 0.150 -0.075 -1         0.00000  0
 0.150 -0.050 -1         0.00000  0
 0.150 -0.025  1         0.00000  0
 0.150  0.000  1         0.00000  0
 0.775  0.027  0      1328.36547  0
 0.517  0.020  0      4570.44087  0
 0.754  0.025  0       204.84165  0
 0.599  0.037  0         0.00000  0
 0.761  0.057  0       662.21279  0
 0.614  0.053  0       986.75715  0
 0.606  0.020  0       284.03370  0
 0.471  0.045  0      1309.16098  0
 0.557  0.040  0      1466.83263  0
 0.518  0.085  0       890.95031  0
 0.495  0.051  0         0.00000  0
 0.438  0.075  0       665.20905  0
 0.382  0.081  0       595.18586  0
 0.346  0.144  0         0.00000  0
 0.324  0.090  0      1474.77621  0
 0.310  0.132  0         0.00000  0
 0.306  0.104  0       124.09702  0
 0.317  0.161  0         0.00000  0
 0.291  0.128  0         0.00000  0
 0.265  0.135  0       290.54872  0
 0.175 -0.075 -1         0.00000  0
 0.175 -0.050 -1         0.00000  0
 0.175 -0.025  1         0.00000  0
 0.175  0.000  1       493.97100  0
 0.875  0.021  0      1948.99962  0
 0.799  0.023  0       180.35267  0
 0.922  0.023  0      2223.41943  0
 0.789  0.050  0         0.00000  0
 0.848  0.052  0         0.00000  0
 0.858  0.084  0         0.00000  0
 0.793  0.073  0         0.00000  0
 0.633  0.026  0         0.00000  0
 0.707  0.022  0         0.00000  0
 0.566  0.058  0      2034.92769  0
 0.662  0.064  0         0.00000  0
 0.634  0.071  0         0.00000  0
 0.584  0.074  0      1543.64781  0
 0.491  0.079  0      1794.98322  0
 0.473  0.096  0       789.17592  0
 0.415  0.094  0      1436.89980  0
 0.456  0.093  0      1697.24306  0
 0.401  0.113  0         0.00000  0
 0.382  0.110  0         0.00000  0
 0.368  0.122  0         0.00000  0
 0.200 -0.075 -1         0.00000  0
 0.200 -0.050 -1         0.00000  0
 0.200 -0.025  1         0.00000  0
 0.200  0.000  1      2083.45306  0
 0.986  0.027  0      7480.03882  0
 0.958  0.024  0      3944.04408  0
 0.973  0.043  0      4461.33972  0
 0.962  0.082  0         0.00000  0
 0.941  0.041  0      3827.87148  0
 0.826  0.024  0      2937.68040  0
 0.866  0.063  0      3088.45375  0
 0.950  0.122  0         0.00000  0
 0.902  0.085  0      2252.43826  0
 0.722  0.074  0         0.00000  0
 0.647  0.044  0         0.00000  0
 0.735  0.029  0         0.00000  0
 0.706  0.041  0         0.00000  0
 0.666  0.024  0         0.00000  0
 0.655  0.081  0         0.00000  0
 0.579  0.105  0         0.00000  0
 0.528  0.102  0         0.00000  0
 0.504  0.094  0      1097.84446  0
 0.480  0.120  0         0.00000  0
 0.428  0.108  0         0.00000  0
 0.225 -0.075 -1         0.00000  0
 0.225 -0.050 -1         0.00000  0
 0.225 -0.025  1         0.00000  0
 0.225  0.000  1      2699.47729  0
 0.994  0.075  0         0.00000  0
 1.000  0.147  0         0.00000  0
 0.980  0.289  0         0.00000  0
 0.972  0.250  0         0.00000  0
 0.979  0.128  0       819.31296  0
 0.975  0.066  0      1905.54636  0
 0.973  0.173  0         0.00000  0
 0.902  0.027  0      2239.33540  0
 0.903  0.055  0      1435.23493  0
 0.847  0.026  0      2009.23953  0
 0.942  0.059  0       763.10258  0
 0.883  0.045  0      3336.78344  0
 0.879  0.082  0         0.00000  0
 0.759  0.072  0         0.00000  0
 0.735  0.070  0         0.00000  0
 0.696  0.085  0         0.00000  0
 0.676  0.043  0       989.73155  0
 0.598  0.091  0         0.00000  0
 0.562  0.082  0         0.00000  0
 0.441  0.122  0         0.00000  0
 0.250 -0.075 -1         0.00000  0
 0.250 -0.050 -1         0.00000  0
 0.250 -0.025  1         0.00000  0
 0.250  0.000  1         0.00000  0
 0.997  0.280  0         0.00000  0
 0.994  0.313  0         0.00000  0
 0.976  0.274  0         0.00000  0
 1.005  0.092  0         0.00000  0
 1.006  0.025  0      9881.21139  0
 1.001  0.230  0         0.00000  0
 0.982  0.104  0         0.00000  0
 0.999  0.190  0         0.00000  0
 1.004  0.168  0       728.05060  0
 0.940  0.095  0      5398.99967  0
 0.959  0.180  0         0.00000  0
 0.919  0.072  0      4393.11797  0
 0.966  0.131  0      1845.60317  0
 0.929  0.109  0      1047.10504  0
 0.915  0.100  0      3376.34630  0
 0.826  0.052  0      1330.86672  0
 0.811  0.059  0         0.00000  0
 0.694  0.057  0         0.00000  0
 0.613  0.073  0         0.00000  0
 0.543  0.067  0         0.00000  0
 0.275 -0.075 -1         0.00000  0
 0.275 -0.050 -1         0.00000  0
 0.275 -0.025  1         0.00000  0
 0.275  0.000  1         0.00000  0
 0.300 -0.075 -1         0.00000  0
 0.300 -0.050 -1         0.00000  0
 0.300 -0.025  1         0.00000  0
 0.300  0.000  1      1370.90308  0
 0.325 -0.075 -1         0.00000  0
 0.325 -0.050 -1         0.00000  0
 0.325 -0.025  1         0.00000  0
 0.325  0.000  1         0.00000  0
 0.350 -0.075 -1         0.00000  0
 0.350 -0.050 -1         0.00000  0
 0.350 -0.025  1         0.00000  0
 0.350  0.000  1       930.11211  0
 0.375 -0.075 -1         0.00000  0
 0.375 -0.050 -1         0.00000  0
 0.375 -0.025  1         0.00000  0
 0.375  0.000  1      1318.35881  0
 0.400 -0.075 -1         0.00000  0
 0.400 -0.050 -1         0.00000  0
 0.400 -0.025  1         0.00000  0
 0.400  0.000  1      1870.12920  0
 0.425 -0.075 -1         0.00000  0
 0.425 -0.050 -1         0.00000  0
 0.425 -0.025  1         0.00000  0
 0.425  0.000  1      2141.86833  0
 0.450 -0.075 -1         0.00000  0
 0.450 -0.050 -1         0.00000  0
 0.450 -0.025  1         0.00000  0
 0.450  0.000  1      3127.96851  0
 0.475 -0.075 -1         0.00000  0
 0.475 -0.050 -1         0.00000  0
 0.475 -0.025  1         0.00000  0
 0.475  0.000  1      1864.77046  0
 0.500 -0.075 -1         0.00000  0
 0.500 -0.050 -1         0.00000  0
 0.500 -0.025  1         0.00000  0
 0.500  0.000  1      1972.06375  0
 0.525 -0.075 -1         0.00000  0
 0.525 -0.050 -1         0.00000  0
 0.525 -0.025  1         0.00000  0
 0.525  0.000  1      5645.55456  0
 0.550 -0.075 -1         0.00000  0
 0.550 -0.050 -1         0.00000  0
 0.550 -0.025  1         0.00000  0
 0.550  0.000  1      5113.97077  0
 0.575 -0.075 -1         0.00000  0
 0.575 -0.050 -1         0.00000  0
 0.575 -0.025  1         0.00000  0
 0.575  0.000  1         0.00000  0
 0.600 -0.075 -1         0.00000  0
 0.600 -0.050 -1         0.00000  0
 0.600 -0.025  1         0.00000  0
 0.600  0.000  1         0.00000  0
 0.625 -0.075 -1         0.00000  0
 0.625 -0.050 -1         0.00000  0
 0.625 -0.025  1         0.00000  0
 0.625  0.000  1       123.98258  0
 0.650 -0.075 -1         0.00000  0
 0.650 -0.050 -1         0.00000  0
 0.650 -0.025  1         0.00000  0
 0.650  0.000  1         0.00000  0
 0.675 -0.075 -1         0.00000  0
 0.675 -0.050 -1         0.00000  0
 0.675 -0.025  1         0.00000  0
 0.675  0.000  1         0.00000  0
 0.700 -0.075 -1         0.00000  0
 0.700 -0.050 -1         0.00000  0
 0.700 -0.025  1         0.00000  0
 0.700  0.000  1         0.00000  0
 0.725 -0.075 -1         0.00000  0
 0.725 -0.050 -1         0.00000  0
 0.725 -0.025  1         0.00000  0
 0.725  0.000  1         0.00000  0
 0.750 -0.075 -1         0.00000  0
 0.750 -0.050 -1         0.00000  0
 0.750 -0.025  1         0.00000  0
 0.750  0.000  1       315.52929  0
 0.775 -0.075 -1         0.00000  0
 0.775 -0.050 -1         0.00000  0
 0.775 -0.025  1         0.00000  0
 0.775  0.000  1       785.53192  0
 0.800 -0.075 -1         0.00000  0
 0.800 -0.050 -1         0.00000  0
 0.800 -0.025  1         0.00000  0
 0.800  0.000  1       987.00821  0
 0.825 -0.075 -1         0.00000  0
 0.825 -0.050 -1         0.00000  0
 0.825 -0.025  1         0.00000  0
 0.825  0.000  1      1661.50727  0
 0.850 -0.075 -1         0.00000  0
 0.850 -0.050 -1         0.00000  0
 0.850 -0.025  1         0.00000  0
 0.850  0.000  1      1458.87563  0
 0.875 -0.075 -1         0.00000  0
 0.875 -0.050 -1         0.00000  0
 0.875 -0.025  1         0.00000  0
 0.875  0.000  1      3959.22045  0
 0.900 -0.075 -1         0.00000  0
 0.900 -0.050 -1         0.00000  0
 0.900 -0.025  1         0.00000  0
 0.900  0.000  1      3097.84649  0
 0.925 -0.075 -1         0.00000  0
 0.925 -0.050 -1         0.00000  0
 0.925 -0.025  1         0.00000  0
 0.925  0.000  1      2350.94264  0
 0.950 -0.075 -1         0.00000  0
 0.950 -0.050 -1         0.00000  0
 0.950 -0.025  1         0.00000  0
 0.950  0.000  1         5.14672  0
 0.975 -0.075 -1         0.00000  0
 0.975 -0.050 -1         0.00000  0
 0.975 -0.025  1         0.00000  0
 0.975  0.000  1      2461.91940  0
 1.000 -0.075 -1         0.00000  0
 1.000 -0.050 -1         0.00000  0
 1.000 -0.025  1         0.00000  0
 1.000  0.000  1      6882.61122  0
 1.025 -0.075 -1         0.00000  0
 1.025 -0.050 -1         0.00000  0
 1.025 -0.025  1         0.00000  0
 1.025  0.000  1      6736.85925  0
 1.025  0.025  1      9898.89255  0
 1.025  0.050  1         0.00000  0
 1.025  0.075  1         0.00000  0
 1.025  0.100  1         0.00000  0
 1.025  0.125  1         0.00000  0
 1.025  0.150  1        56.03843  0
 1.025  0.175  1      3892.99365  0
 1.025  0.200  1         0.00000  0
 1.025  0.225  1         0.00000  0
 1.025  0.250  1         0.00000  0
 1.025  0.275  1         0.00000  0
 1.025  0.300  1         0.00000  0
 1.025  0.325  1         0.00000  0
 1.025  0.350  1         0.00000  0
 1.025  0.375  1         0.00000  0
 1.025  0.400  1         0.00000  0
 1.025  0.425  1         0.00000  0
 1.025  0.450  1         0.00000  0
 1.025  0.475  1         0.00000  0
 1.025  0.500  1         0.00000  0
 1.025  0.525  1         0.00000  0
 1.025  0.550  1         0.00000  0
 1.025  0.575  1         0.00000  0
 1.025  0.600  1         0.00000  0
 1.050 -0.075 -1         0.00000  0
 1.050 -0.050 -1         0.00000  0
 1.050 -0.025  1         0.00000  0
 1.050  0.000  1         0.00000  0
 1.050  0.025  1         0.00000  0
 1.050  0.050  1         0.00000  0
 1.050  0.075  1         0.00000  0
 1.050  0.100  1         0.00000  0
 1.050  0.125  1         0.00000  0
 1.050  0.150  1         0.00000  0
 1.050  0.175  1         0.00000  0
 1.050  0.200  1         0.00000  0
 1.050  0.225  1         0.00000  0
 1.050  0.250  1         0.00000  0
 1.050  0.275  1         0.00000  0
 1.050  0.300  1         0.00000  0
 1.050  0.325  1         0.00000  0
 1.050  0.350  1         0.00000  0
 1.050  0.375  1         0.00000  0
 1.050  0.400  1         0.00000  0
 1.050  0.425  1         0.00000  0
 1.050  0.450  1         0.00000  0
 1.050  0.475  1         0.00000  0
 1.050  0.500  1         0.00000  0
 1.050  0.525  1         0.00000  0
 1.050  0.550  1         0.00000  0
 1.050  0.575  1         0.00000  0
 1.050  0.600  1         0.00000  0
 1.075 -0.075 -1         0.00000  0
 1.075 -0.050 -1         0.00000  0
 1.075 -0.025 -1         0.00000  0
 1.075  0.000 -1         0.00000  0
 1.075  0.025 -1         0.00000  0
 1.075  0.050 -1         0.00000  0
 1.075  0.075 -1         0.00000  0
 1.075  0.100 -1         0.00000  0
 1.075  0.125 -1         0.00000  0
 1.075  0.150 -1         0.00000  0
 1.075  0.175 -1         0.00000  0
 1.075  0.200 -1         0.00000  0
 1.075  0.225 -1         0.00000  0
 1.075  0.250 -1         0.00000  0
 1.075  0.275 -1         0.00000  0
 1.075  0.300 -1         0.00000  0
 1.075  0.325 -1         0.00000  0
 1.075  0.350 -1         0.00000  0
 1.075  0.375 -1         0.00000  0
 1.075  0.400 -1         0.00000  0
 1.075  0.425 -1         0.00000  0
 1.075  0.450 -1         0.00000  0
 1.075  0.475 -1         0.00000  0
 1.075  0.500 -1         0.00000  0
 1.075  0.525 -1         0.00000  0
 1.075  0.550 -1         0.00000  0
 1.075  0.575  1         0.00000  0
 1.075  0.600  1         0.00000  0
 1.100 -0.075 -1         0.00000  0
 1.100 -0.050 -1         0.00000  0
 1.100 -0.025 -1         0.00000  0
 1.100  0.000 -1         0.00000  0
 1.100  0.025 -1         0.00000  0
 1.100  0.050 -1         0.00000  0
 1.100  0.075 -1         0.00000  0
 1.100  0.100 -1         0.00000  0
 1.100  0.125 -1         0.00000  0
 1.100  0.150 -1         0.00000  0
 1.100  0.175 -1         0.00000  0
 1.100  0.200 -1         0.00000  0
 1.100  0.225 -1         0.00000  0
 1.100  0.250 -1         0.00000  0
 1.100  0.275 -1         0.00000  0
 1.100  0.300 -1         0.00000  0
 1.100  0.325 -1         0.00000  0
 1.100  0.350 -1         0.00000  0
 1.100  0.375 -1         0.00000  0
 1.100  0.400 -1         0.00000  0
 1.100  0.425 -1         0.00000  0
 1.100  0.450 -1         0.00000  0
 1.100  0.475 -1         0.00000  0
 1.100  0.500 -1         0.00000  0
 1.100  0.525 -1         0.00000  0
 1.100  0.550 -1         0.00000  0
 1.100  0.575  1         0.00000  0
 1.100  0.600  1         0.00000  0
