-0.060 -0.060 -1         0.00000  0
-0.060 -0.040 -1         0.00000  0
-0.060 -0.020 -1         0.00000  0
-0.060  0.000 -1         0.00000  0
-0.060  0.020 -1         0.00000  0
-0.060  0.040 -1         0.00000  0
-0.060  0.060 -1         0.00000  0
-0.060  0.080 -1         0.00000  0
-0.060  0.100 -1         0.00000  0
-0.060  0.120 -1         0.00000  0
-0.060  0.140 -1         0.00000  0
-0.060  0.160 -1         0.00000  0
-0.060  0.180 -1         0.00000  0
-0.060  0.200 -1         0.00000  0
-0.060  0.220 -1         0.00000  0
-0.060  0.240 -1         0.00000  0
-0.060  0.260 -1         0.00000  0
-0.060  0.280 -1         0.00000  0
-0.060  0.300 -1         0.00000  0
-0.060  0.320 -1         0.00000  0
-0.060  0.340 -1         0.00000  0
-0.060  0.360 -1         0.00000  0
-0.060  0.380 -1         0.00000  0
-0.060  0.400 -1         0.00000  0
-0.060  0.420 -1         0.00000  0
-0.060  0.440 -1         0.00000  0
-0.060  0.460 -1         0.00000  0
-0.060  0.480 -1         0.00000  0
-0.060  0.500 -1         0.00000  0
-0.060  0.520 -1         0.00000  0
-0.060  0.540 -1         0.00000  0
-0.060  0.560 -1         0.00000  0
-0.060  0.580  1         0.00000  0
-0.060  0.600  1         0.00000  0
-0.040 -0.060 -1         0.00000  0
-0.040 -0.040 -1         0.00000  0
-0.040 -0.020 -1         0.00000  0
-0.040  0.000 -1         0.00000  0
-0.040  0.020 -1         0.00000  0
-0.040  0.040 -1         0.00000  0
-0.040  0.060 -1         0.00000  0
-0.040  0.080 -1         0.00000  0
-0.040  0.100 -1         0.00000  0
-0.040  0.120 -1         0.00000  0
-0.040  0.140 -1         0.00000  0
-0.040  0.160 -1         0.00000  0
-0.040  0.180 -1         0.00000  0
-0.040  0.200 -1         0.00000  0
-0.040  0.220 -1         0.00000  0
-0.040  0.240 -1         0.00000  0
-0.040  0.260 -1         0.00000  0
-0.040  0.280 -1         0.00000  0
-0.040  0.300 -1         0.00000  0
-0.040  0.320 -1         0.00000  0
-0.040  0.340 -1         0.00000  0
-0.040  0.360 -1         0.00000  0
-0.040  0.380 -1         0.00000  0
-0.040  0.400 -1         0.00000  0
-0.040  0.420 -1         0.00000  0
-0.040  0.440 -1         0.00000  0
-0.040  0.460 -1         0.00000  0
-0.040  0.480 -1         0.00000  0
-0.040  0.500 -1         0.00000  0
-0.040  0.520 -1         0.00000  0
-0.040  0.540 -1         0.00000  0
-0.040  0.560 -1         0.00000  0
-0.040  0.580  1         0.00000  0
-0.040  0.600  1         0.00000  0
-0.020 -0.060 -1         0.00000  0
-0.020 -0.040 -1         0.00000  0
-0.020 -0.020  1         0.00000  0
-0.020  0.000  1         0.00000  0
-0.020  0.020  1         0.00000  0
-0.020  0.040  1         0.00000  0
-0.020  0.060  1         0.00000  0
-0.020  0.080  1         0.00000  0
-0.020  0.100  1         0.00000  0
-0.020  0.120  1         0.00000  0
-0.020  0.140  1         0.00000  0
-0.020  0.160  1         0.00000  0
-0.020  0.180  1         0.00000  0
-0.020  0.200  1         0.00000  0
-0.020  0.220  1         0.00000  0
-0.020  0.240  1         0.00000  0
-0.020  0.260  1         0.00000  0
-0.020  0.280  1         0.00000  0
-0.020  0.300  1         0.00000  0
-0.020  0.320  1         0.00000  0
-0.020  0.340  1         0.00000  0
-0.020  0.360  1         0.00000  0
-0.020  0.380  1         0.00000  0
-0.020  0.400  1         0.00000  0
-0.020  0.420  1         0.00000  0
-0.020  0.440  1         0.00000  0
-0.020  0.460  1         0.00000  0
-0.020  0.480  1         0.00000  0
-0.020  0.500  1         0.00000  0
-0.020  0.520  1         0.00000  0
-0.020  0.540  1         0.00000  0
-0.020  0.560  1         0.00000  0
-0.020  0.580  1         0.00000  0
-0.020  0.600  1         0.00000  0
 0.000 -0.060 -1         0.00000  0
 0.000 -0.040 -1         0.00000  0
 0.000 -0.020  1         0.00000  0
 0.000  0.000  1         0.00000  0
 0.000  0.020  1      1549.26038  0
 0.000  0.040  1         0.00000  0
 0.000  0.060  1         0.00000  0
 0.000  0.080  1      1232.17057  0
 0.000  0.100  1       685.21623  0
 0.000  0.120  1         0.00000  0
 0.000  0.140  1         0.00000  0
 0.000  0.160  1         0.00000  0
 0.000  0.180  1         0.00000  0
 0.000  0.200  1         0.00000  0
 0.000  0.220  1         0.00000  0
 0.000  0.240  1         0.00000  0
 0.000  0.260  1         0.00000  0
 0.000  0.280  1         0.00000  0
 0.000  0.300  1         0.00000  0
 0.000  0.320  1         0.00000  0
 0.000  0.340  1         0.00000  0
 0.000  0.360  1         0.00000  0
 0.000  0.380  1         0.00000  0
 0.000  0.400  1         0.00000  0
 0.000  0.420  1         0.00000  0
 0.000  0.440  1         0.00000  0
 0.000  0.460  1         0.00000  0
 0.000  0.480  1         0.00000  0
 0.000  0.500  1         0.00000  0
 0.000  0.520  1         0.00000  0
 0.000  0.540  1         0.00000  0
 0.000  0.560  1         0.00000  0
 0.000  0.580  1         0.00000  0
 0.000  0.600  1         0.00000  0
 0.020 -0.060 -1         0.00000  0
 0.020 -0.040 -1         0.00000  0
 0.020 -0.020  1         0.00000  0
 0.020  0.000  1       240.18265  0
 0.305  0.020  0         0.00000  0
 0.188  0.023  0       367.09597  0
 0.137  0.128  0         0.00000  0
 0.447  0.034  0      1044.96115  0
 0.091  0.083  0       543.11670  0
 0.058  0.106  0         0.00000  0
 0.270  0.059  0       931.39969  0
 0.597  0.115  0         0.00000  0
 0.390  0.019  0      1380.56966  0
 0.019  0.020  0       869.06608  0
 0.093  0.120  0         0.00000  0
 0.286  0.069  0         0.00000  0
 0.041  0.054  0         0.00000  0
 0.117  0.101  0         0.00000  0
 0.057  0.133  0         0.00000  0
 0.385  0.097  0         0.00000  0
 0.293  0.118  0         0.00000  0
 0.024  0.038  0      1175.59794  0
 0.085  0.133  0         0.00000  0
 0.018  0.054  0      1162.03730  0
 0.086  0.019  0      1594.90353  0
 0.142  0.047  0      2690.40489  0
 0.069  0.055  0         0.00000  0
 0.246  0.039  0      1498.47322  0
 0.370  0.073  0        91.42051  0
 0.040 -0.060 -1         0.00000  0
 0.040 -0.040 -1         0.00000  0
 0.040 -0.020  1         0.00000  0
 0.040  0.000  1      2323.69016  0
 0.232  0.017  0        89.65921  0
 0.364  0.094  0       487.72242  0
 0.308  0.094  0         0.00000  0
 0.413  0.056  0         0.00000  0
 0.051  0.068  0      1130.78982  0
 0.287  0.032  0      1460.93879  0
 0.354  0.025  0       546.43339  0
 0.339  0.042  0         0.00000  0
 0.424  0.032  0      1413.48054  0
 0.102  0.022  0         0.00000  0
 0.215  0.085  0         0.00000  0
 0.116  0.079  0         0.00000  0
 0.685  0.122  0         0.00000  0
 0.306  0.058  0      2506.64769  0
 0.449  0.015  0      2331.42238  0
 0.254  0.022  0      1389.93817  0
 0.326  0.126  0         0.00000  0
 0.199  0.038  0      2094.82438  0
 0.208  0.019  0      1818.88943  0
 0.017  0.085  0         0.00000  0
 0.191  0.051  0      1151.74150  0
 0.158  0.040  0      1241.70709  0
 0.154  0.025  0      1885.52232  0
 0.041  0.092  0       949.83439  0
 0.223  0.035  0         0.00000  0
 0.060 -0.060 -1         0.00000  0
 0.060 -0.040 -1         0.00000  0
 0.060 -0.020  1         0.00000  0
 0.060  0.000  1      2707.41743  0
 0.321  0.051  0      1173.94124  0
 0.173  0.053  0      3899.60278  0
 0.290  0.046  0      1300.18809  0
 0.309  0.128  0         0.00000  0
 0.482  0.048  0      2096.60879  0
 0.684  0.024  0         0.00000  0
 0.601  0.020  0      1307.46557  0
 0.908  0.096  0         0.00000  0
 0.588  0.041  0         0.00000  0
 0.098  0.059  0         0.00000  0
 0.090  0.101  0         0.00000  0
 0.219  0.129  0         0.00000  0
 0.406  0.039  0       822.58011  0
 0.557  0.093  0         0.00000  0
 0.272  0.124  0         0.00000  0
 0.332  0.016  0      3944.72783  0
 0.262  0.039  0      1034.75086  0
 0.431  0.050  0      1929.39324  0
 0.296  0.103  0      2008.53801  0
 0.032  0.074  0         0.00000  0
 0.042  0.019  0       598.92940  0
 0.171  0.104  0         0.00000  0
 0.219  0.054  0         0.00000  0
 0.129  0.015  0      2811.64022  0
 0.318  0.029  0       419.59900  0
 0.080 -0.060 -1         0.00000  0
 0.080 -0.040 -1         0.00000  0
 0.080 -0.020  1         0.00000  0
 0.080  0.000  1       269.98567  0
 0.530  0.145  0         0.00000  0
 0.513  0.080  0         0.00000  0
 0.128  0.096  0      1875.77627  0
 0.080  0.074  0      2231.83548  0
 0.546  0.127  0         0.00000  0
 0.610  0.086  0         0.00000  0
 0.513  0.039  0       265.21222  0
 0.831  0.109  0         0.00000  0
 0.654  0.105  0         0.00000  0
 0.564  0.048  0       578.25852  0
 0.141  0.063  0         0.00000  0
 0.735  0.088  0         0.00000  0
 0.089  0.040  0         0.00000  0
 0.034  0.108  0         0.00000  0
 0.350  0.133  0         0.00000  0
 0.479  0.018  0       596.43600  0
 0.524  0.019  0         0.00000  0
 0.655  0.078  0         0.00000  0
 0.112  0.042  0      2521.45241  0
 0.493  0.086  0      2119.14401  0
 0.199  0.111  0         0.00000  0
 0.064  0.019  0         0.00000  0
 0.338  0.062  0      1053.61976  0
 0.459  0.083  0       618.47709  0
 0.018  0.109  0         0.00000  0
 0.100 -0.060 -1         0.00000  0
 0.100 -0.040 -1         0.00000  0
 0.100 -0.020  1         0.00000  0
 0.100  0.000  1         0.00000  0
 0.704  0.019  0      1995.89826  0
 0.784  0.028  0         0.00000  0
 0.625  0.070  0         0.00000  0
 0.637  0.083  0         0.00000  0
 0.070  0.140  0         0.00000  0
 0.271  0.078  0         0.00000  0
 0.572  0.069  0        17.56434  0
 0.795  0.132  0         0.00000  0
 0.656  0.058  0       398.91509  0
 0.625  0.019  0      1284.27891  0
 0.358  0.041  0      2235.44612  0
 0.143  0.079  0       350.08954  0
 0.847  0.114  0         0.00000  0
 0.477  0.079  0       625.42822  0
 0.490  0.033  0      2515.20925  0
 0.673  0.048  0         0.00000  0
 0.363  0.059  0      2364.80721  0
 0.175  0.069  0      1616.42970  0
 0.455  0.051  0      1853.10102  0
 0.214  0.118  0         0.00000  0
 0.371  0.019  0         0.00000  0
 0.506  0.065  0         0.00000  0
 0.504  0.019  0       488.63007  0
 0.140  0.116  0         0.00000  0
 0.238  0.057  0         0.00000  0
 0.120 -0.060 -1         0.00000  0
 0.120 -0.040 -1         0.00000  0
 0.120 -0.020  1         0.00000  0
 0.120  0.000  1      2907.34974  0
 0.787  0.087  0         0.00000  0
 0.765  0.061  0      1578.05812  0
 0.917  0.028  0       856.42495  0
 0.969  0.018  0      1365.91612  0
 0.953  0.066  0         0.00000  0
 0.743  0.038  0         0.00000  0
 0.809  0.055  0      1137.44652  0
 0.680  0.066  0         0.00000  0
 0.253  0.069  0         0.00000  0
 0.401  0.092  0       905.89565  0
 0.717  0.064  0       675.14698  0
 0.550  0.017  0      2695.81258  0
 0.626  0.137  0         0.00000  0
 0.574  0.089  0         0.00000  0
 0.415  0.017  0       682.11370  0
 0.609  0.035  0        66.05193  0
 0.732  0.054  0      2134.28692  0
 0.262  0.138  0         0.00000  0
 0.069  0.040  0      1561.13795  0
 0.160  0.080  0       561.22378  0
 0.243  0.130  0         0.00000  0
 0.383  0.055  0      1479.58046  0
 0.419  0.120  0         0.00000  0
 0.473  0.116  0         0.00000  0
 0.327  0.074  0         0.00000  0
 0.140 -0.060 -1         0.00000  0
 0.140 -0.040 -1         0.00000  0
 0.140 -0.020  1         0.00000  0
 0.140  0.000  1         0.00000  0
 0.857  0.086  0         0.00000  0
 0.933  0.017  0      3252.01854  0
 0.987  0.056  0       658.60909  0
 0.741  0.018  0         0.00000  0
 0.776  0.048  0         0.00000  0
 0.834  0.093  0         0.00000  0
 0.652  0.121  0         0.00000  0
 0.906  0.117  0         0.00000  0
 0.669  0.022  0      1673.05141  0
 0.673  0.106  0         0.00000  0
 0.810  0.106  0         0.00000  0
 0.921  0.064  0      1892.29888  0
 0.594  0.100  0         0.00000  0
 0.365  0.128  0         0.00000  0
 0.651  0.019  0         0.00000  0
 0.795  0.052  0         0.00000  0
 0.756  0.114  0         0.00000  0
 0.576  0.113  0         0.00000  0
 0.512  0.098  0         0.00000  0
 0.694  0.105  0         0.00000  0
 0.466  0.034  0      1025.22982  0
 0.346  0.086  0       483.72550  0
 0.592  0.076  0         0.00000  0
 0.207  0.097  0       257.76608  0
 0.307  0.079  0         0.00000  0
 0.160 -0.060 -1         0.00000  0
 0.160 -0.040 -1         0.00000  0
 0.160 -0.020  1         0.00000  0
 0.160  0.000  1       350.34190  0
 0.128  0.032  0         0.00000  0
 0.880  0.024  0      2277.55116  0
 0.447  0.092  0      1697.71377  0
 0.712  0.083  0         0.00000  0
 0.875  0.075  0      2146.86559  0
 0.776  0.114  0         0.00000  0
 0.945  0.044  0      2027.71879  0
 0.632  0.102  0         0.00000  0
 0.892  0.148  0         0.00000  0
 0.518  0.164  0         0.00000  0
 0.807  0.130  0         0.00000  0
 0.908  0.074  0      1562.01666  0
 0.277  0.100  0         0.00000  0
 0.567  0.031  0      2230.34305  0
 0.924  0.098  0         0.00000  0
 1.002  0.021  0       796.11278  0
 0.798  0.020  0      2893.44136  0
 0.759  0.034  0       266.43550  0
 0.856  0.121  0         0.00000  0
 0.735  0.127  0         0.00000  0
 0.532  0.119  0         0.00000  0
 0.621  0.150  0         0.00000  0
 0.760  0.125  0         0.00000  0
 0.192  0.073  0         0.00000  0
 0.590  0.056  0       438.03222  0
 0.180 -0.060 -1         0.00000  0
 0.180 -0.040 -1         0.00000  0
 0.180 -0.020  1         0.00000  0
 0.180  0.000  1      3311.55198  0
 0.540  0.085  0         0.00000  0
 1.002  0.052  0         0.00000  0
 0.837  0.074  0      5474.34306  0
 0.744  0.067  0      1053.64008  0
 0.985  0.083  0      1004.94219  0
 0.879  0.134  0         0.00000  0
 0.812  0.035  0         0.00000  0
 0.990  0.143  0         0.00000  0
 0.540  0.033  0       955.81059  0
 0.696  0.043  0       447.45610  0
 0.275  0.017  0       842.81295  0
 0.978  0.046  0      1513.13732  0
 0.947  0.078  0       668.42072  0
 0.852  0.016  0      2101.82344  0
 0.387  0.039  0       152.42282  0
 0.218  0.069  0       693.14879  0
 0.480  0.134  0         0.00000  0
 0.748  0.084  0         0.00000  0
 0.062  0.084  0         0.00000  0
 0.911  0.163  0         0.00000  0
 0.720  0.021  0       274.96619  0
 0.579  0.018  0       337.63170  0
 0.796  0.103  0      3891.60457  0
 0.431  0.078  0       803.44680  0
 0.697  0.060  0       388.26085  0
 0.200 -0.060 -1         0.00000  0
 0.200 -0.040 -1         0.00000  0
 0.200 -0.020  1         0.00000  0
 0.200  0.000  1       369.86948  0
 0.460  0.128  0         0.00000  0
 0.634  0.117  0         0.00000  0
 1.004  0.078  0       470.84715  0
 0.812  0.086  0         0.00000  0
 0.951  0.024  0       852.74137  0
 0.877  0.056  0         0.00000  0
 0.972  0.092  0         0.00000  0
 0.420  0.095  0         0.00000  0
 0.410  0.075  0         0.00000  0
 0.489  0.143  0         0.00000  0
 0.690  0.085  0         0.00000  0
 0.613  0.117  0         0.00000  0
 0.352  0.103  0         0.00000  0
 0.834  0.034  0         0.00000  0
 0.895  0.016  0      2508.61647  0
 0.557  0.125  0         0.00000  0
 0.897  0.040  0      2593.90090  0
 0.859  0.060  0         0.00000  0
 0.521  0.050  0      1448.70505  0
 0.671  0.089  0         0.00000  0
 0.873  0.121  0         0.00000  0
 0.779  0.132  0         0.00000  0
 0.435  0.108  0         0.00000  0
 0.715  0.042  0         0.00000  0
 0.653  0.044  0         0.00000  0
 0.220 -0.060 -1         0.00000  0
 0.220 -0.040 -1         0.00000  0
 0.220 -0.020  1         0.00000  0
 0.220  0.000  1      1880.34493  0
 0.635  0.032  0         0.00000  0
 0.768  0.083  0         0.00000  0
 0.593  0.142  0         0.00000  0
 0.991  0.096  0         0.00000  0
 0.889  0.109  0         0.00000  0
 0.390  0.072  0      1746.75030  0
 0.960  0.047  0         0.00000  0
 0.987  0.024  0      1518.13508  0
 0.890  0.081  0       209.50196  0
 0.960  0.098  0         0.00000  0
 0.495  0.104  0      1507.08653  0
 0.872  0.038  0         0.00000  0
 0.242  0.118  0         0.00000  0
 0.932  0.079  0         0.00000  0
 0.378  0.117  0         0.00000  0
 0.715  0.099  0         0.00000  0
 0.843  0.058  0        84.51175  0
 0.783  0.072  0      1003.05859  0
 0.456  0.113  0         0.00000  0
 0.576  0.129  0         0.00000  0
 0.503  0.117  0         0.00000  0
 0.629  0.052  0       562.31112  0
 0.514  0.130  0         0.00000  0
 0.822  0.019  0       128.36526  0
 0.875  0.098  0         0.00000  0
 0.240 -0.060 -1         0.00000  0
 0.240 -0.040 -1         0.00000  0
 0.240 -0.020  1         0.00000  0
 0.240  0.000  1      1406.57155  0
 0.545  0.050  0      2659.90650  0
 0.767  0.017  0      4845.83003  0
 0.155  0.100  0         0.00000  0
 0.729  0.110  0         0.00000  0
 0.902  0.053  0      2029.76765  0
 0.822  0.066  0         0.00000  0
 0.613  0.057  0       986.80165  0
 0.927  0.040  0         0.00000  0
 0.916  0.183  0         0.00000  0
 0.170  0.017  0      1392.46746  0
 0.048  0.035  0      1185.87662  0
 0.247  0.087  0         0.00000  0
 0.446  0.067  0       763.02137  0
 0.420  0.138  0         0.00000  0
 0.044  0.125  0         0.00000  0
 0.553  0.069  0      1580.15731  0
 0.480  0.064  0       993.96794  0
 0.240  0.095  0         0.00000  0
 0.073  0.108  0       717.08860  0
 0.405  0.119  0         0.00000  0
 0.848  0.032  0         0.00000  0
 0.114  0.059  0       530.37091  0
 0.532  0.071  0         0.00000  0
 0.182  0.100  0         0.00000  0
 0.335  0.098  0         0.00000  0
 0.260 -0.060 -1         0.00000  0
 0.260 -0.040 -1         0.00000  0
 0.260 -0.020  1         0.00000  0
 0.260  0.000  1         0.00000  0
 0.280 -0.060 -1         0.00000  0
 0.280 -0.040 -1         0.00000  0
 0.280 -0.020  1         0.00000  0
 0.280  0.000  1      3196.60539  0
 0.300 -0.060 -1         0.00000  0
 0.300 -0.040 -1         0.00000  0
 0.300 -0.020  1         0.00000  0
 0.300  0.000  1         0.00000  0
 0.320 -0.060 -1         0.00000  0
 0.320 -0.040 -1         0.00000  0
 0.320 -0.020  1         0.00000  0
 0.320  0.000  1      2928.44809  0
 0.340 -0.060 -1         0.00000  0
 0.340 -0.040 -1         0.00000  0
 0.340 -0.020  1         0.00000  0
 0.340  0.000  1       388.74841  0
 0.360 -0.060 -1         0.00000  0
 0.360 -0.040 -1         0.00000  0
 0.360 -0.020  1         0.00000  0
 0.360  0.000  1         0.00000  0
 0.380 -0.060 -1         0.00000  0
 0.380 -0.040 -1         0.00000  0
 0.380 -0.020  1         0.00000  0
 0.380  0.000  1      4157.25763  0
 0.400 -0.060 -1         0.00000  0
 0.400 -0.040 -1         0.00000  0
 0.400 -0.020  1         0.00000  0
 0.400  0.000  1      2612.14742  0
 0.420 -0.060 -1         0.00000  0
 0.420 -0.040 -1         0.00000  0
 0.420 -0.020  1         0.00000  0
 0.420  0.000  1      1609.38803  0
 0.440 -0.060 -1         0.00000  0
 0.440 -0.040 -1         0.00000  0
 0.440 -0.020  1         0.00000  0
 0.440  0.000  1      2471.24636  0
 0.460 -0.060 -1         0.00000  0
 0.460 -0.040 -1         0.00000  0
 0.460 -0.020  1         0.00000  0
 0.460  0.000  1      3347.24634  0
 0.480 -0.060 -1         0.00000  0
 0.480 -0.040 -1         0.00000  0
 0.480 -0.020  1         0.00000  0
 0.480  0.000  1      3863.86389  0
 0.500 -0.060 -1         0.00000  0
 0.500 -0.040 -1         0.00000  0
 0.500 -0.020  1         0.00000  0
 0.500  0.000  1      2085.41929  0
 0.520 -0.060 -1         0.00000  0
 0.520 -0.040 -1         0.00000  0
 0.520 -0.020  1         0.00000  0
 0.520  0.000  1      1273.95261  0
 0.540 -0.060 -1         0.00000  0
 0.540 -0.040 -1         0.00000  0
 0.540 -0.020  1         0.00000  0
 0.540  0.000  1      1944.02221  0
 0.560 -0.060 -1         0.00000  0
 0.560 -0.040 -1         0.00000  0
 0.560 -0.020  1         0.00000  0
 0.560  0.000  1      2174.82384  0
 0.580 -0.060 -1         0.00000  0
 0.580 -0.040 -1         0.00000  0
 0.580 -0.020  1         0.00000  0
 0.580  0.000  1      2534.54783  0
 0.600 -0.060 -1         0.00000  0
 0.600 -0.040 -1         0.00000  0
 0.600 -0.020  1         0.00000  0
 0.600  0.000  1         0.00000  0
 0.620 -0.060 -1         0.00000  0
 0.620 -0.040 -1         0.00000  0
 0.620 -0.020  1         0.00000  0
 0.620  0.000  1        21.69884  0
 0.640 -0.060 -1         0.00000  0
 0.640 -0.040 -1         0.00000  0
 0.640 -0.020  1         0.00000  0
 0.640  0.000  1       463.64228  0
 0.660 -0.060 -1         0.00000  0
 0.660 -0.040 -1         0.00000  0
 0.660 -0.020  1         0.00000  0
 0.660  0.000  1         0.00000  0
 0.680 -0.060 -1         0.00000  0
 0.680 -0.040 -1         0.00000  0
 0.680 -0.020  1         0.00000  0
 0.680  0.000  1         0.00000  0
 0.700 -0.060 -1         0.00000  0
 0.700 -0.040 -1         0.00000  0
 0.700 -0.020  1         0.00000  0
 0.700  0.000  1         0.00000  0
 0.720 -0.060 -1         0.00000  0
 0.720 -0.040 -1         0.00000  0
 0.720 -0.020  1         0.00000  0
 0.720  0.000  1       413.34729  0
 0.740 -0.060 -1         0.00000  0
 0.740 -0.040 -1         0.00000  0
 0.740 -0.020  1         0.00000  0
 0.740  0.000  1      3016.25190  0
 0.760 -0.060 -1         0.00000  0
 0.760 -0.040 -1         0.00000  0
 0.760 -0.020  1         0.00000  0
 0.760  0.000  1      3957.09868  0
 0.780 -0.060 -1         0.00000  0
 0.780 -0.040 -1         0.00000  0
 0.780 -0.020  1         0.00000  0
 0.780  0.000  1         0.00000  0
 0.800 -0.060 -1         0.00000  0
 0.800 -0.040 -1         0.00000  0
 0.800 -0.020  1         0.00000  0
 0.800  0.000  1         0.00000  0
 0.820 -0.060 -1         0.00000  0
 0.820 -0.040 -1         0.00000  0
 0.820 -0.020  1         0.00000  0
 0.820  0.000  1         0.00000  0
 0.840 -0.060 -1         0.00000  0
 0.840 -0.040 -1         0.00000  0
 0.840 -0.020  1         0.00000  0
 0.840  0.000  1      1653.76136  0
 0.860 -0.060 -1         0.00000  0
 0.860 -0.040 -1         0.00000  0
 0.860 -0.020  1         0.00000  0
 0.860  0.000  1         0.00000  0
 0.880 -0.060 -1         0.00000  0
 0.880 -0.040 -1         0.00000  0
 0.880 -0.020  1         0.00000  0
 0.880  0.000  1         0.00000  0
 0.900 -0.060 -1         0.00000  0
 0.900 -0.040 -1         0.00000  0
 0.900 -0.020  1         0.00000  0
 0.900  0.000  1      2703.87194  0
 0.920 -0.060 -1         0.00000  0
 0.920 -0.040 -1         0.00000  0
 0.920 -0.020  1         0.00000  0
 0.920  0.000  1         0.00000  0
 0.940 -0.060 -1         0.00000  0
 0.940 -0.040 -1         0.00000  0
 0.940 -0.020  1         0.00000  0
 0.940  0.000  1      2105.49579  0
 0.960 -0.060 -1         0.00000  0
 0.960 -0.040 -1         0.00000  0
 0.960 -0.020  1         0.00000  0
 0.960  0.000  1      2104.60206  0
 0.980 -0.060 -1         0.00000  0
 0.980 -0.040 -1         0.00000  0
 0.980 -0.020  1         0.00000  0
 0.980  0.000  1       969.69473  0
 1.000 -0.060 -1         0.00000  0
 1.000 -0.040 -1         0.00000  0
 1.000 -0.020  1         0.00000  0
 1.000  0.000  1         0.00000  0
 1.020 -0.060 -1         0.00000  0
 1.020 -0.040 -1         0.00000  0
 1.020 -0.020  1         0.00000  0
 1.020  0.000  1         0.00000  0
 1.020  0.020  1       132.93577  0
 1.020  0.040  1         0.00000  0
 1.020  0.060  1       496.19045  0
 1.020  0.080  1      4685.93290  0
 1.020  0.100  1         0.00000  0
 1.020  0.120  1         0.00000  0
 1.020  0.140  1         0.00000  0
 1.020  0.160  1         0.00000  0
 1.020  0.180  1         0.00000  0
 1.020  0.200  1         0.00000  0
 1.020  0.220  1         0.00000  0
 1.020  0.240  1         0.00000  0
 1.020  0.260  1         0.00000  0
 1.020  0.280  1         0.00000  0
 1.020  0.300  1         0.00000  0
 1.020  0.320  1         0.00000  0
 1.020  0.340  1         0.00000  0
 1.020  0.360  1         0.00000  0
 1.020  0.380  1         0.00000  0
 1.020  0.400  1         0.00000  0
 1.020  0.420  1         0.00000  0
 1.020  0.440  1         0.00000  0
 1.020  0.460  1         0.00000  0
 1.020  0.480  1         0.00000  0
 1.020  0.500  1         0.00000  0
 1.020  0.520  1         0.00000  0
 1.020  0.540  1         0.00000  0
 1.020  0.560  1         0.00000  0
 1.020  0.580  1         0.00000  0
 1.020  0.600  1         0.00000  0
 1.040 -0.060 -1         0.00000  0
 1.040 -0.040 -1         0.00000  0
 1.040 -0.020  1         0.00000  0
 1.040  0.000  1         0.00000  0
 1.040  0.020  1         0.00000  0
 1.040  0.040  1         0.00000  0
 1.040  0.060  1         0.00000  0
 1.040  0.080  1         0.00000  0
 1.040  0.100  1         0.00000  0
 1.040  0.120  1         0.00000  0
 1.040  0.140  1         0.00000  0
 1.040  0.160  1         0.00000  0
 1.040  0.180  1         0.00000  0
 1.040  0.200  1         0.00000  0
 1.040  0.220  1         0.00000  0
 1.040  0.240  1         0.00000  0
 1.040  0.260  1         0.00000  0
 1.040  0.280  1         0.00000  0
 1.040  0.300  1         0.00000  0
 1.040  0.320  1         0.00000  0
 1.040  0.340  1         0.00000  0
 1.040  0.360  1         0.00000  0
 1.040  0.380  1         0.00000  0
 1.040  0.400  1         0.00000  0
 1.040  0.420  1         0.00000  0
 1.040  0.440  1         0.00000  0
 1.040  0.460  1         0.00000  0
 1.040  0.480  1         0.00000  0
 1.040  0.500  1         0.00000  0
 1.040  0.520  1         0.00000  0
 1.040  0.540  1         0.00000  0
 1.040  0.560  1         0.00000  0
 1.040  0.580  1         0.00000  0
 1.040  0.600  1         0.00000  0
 1.060 -0.060 -1         0.00000  0
 1.060 -0.040 -1         0.00000  0
 1.060 -0.020 -1         0.00000  0
 1.060  0.000 -1         0.00000  0
 1.060  0.020 -1         0.00000  0
 1.060  0.040 -1         0.00000  0
 1.060  0.060 -1         0.00000  0
 1.060  0.080 -1         0.00000  0
 1.060  0.100 -1         0.00000  0
 1.060  0.120 -1         0.00000  0
 1.060  0.140 -1         0.00000  0
 1.060  0.160 -1         0.00000  0
 1.060  0.180 -1         0.00000  0
 1.060  0.200 -1         0.00000  0
 1.060  0.220 -1         0.00000  0
 1.060  0.240 -1         0.00000  0
 1.060  0.260 -1         0.00000  0
 1.060  0.280 -1         0.00000  0
 1.060  0.300 -1         0.00000  0
 1.060  0.320 -1         0.00000  0
 1.060  0.340 -1         0.00000  0
 1.060  0.360 -1         0.00000  0
 1.060  0.380 -1         0.00000  0
 1.060  0.400 -1         0.00000  0
 1.060  0.420 -1         0.00000  0
 1.060  0.440 -1         0.00000  0
 1.060  0.460 -1         0.00000  0
 1.060  0.480 -1         0.00000  0
 1.060  0.500 -1         0.00000  0
 1.060  0.520 -1         0.00000  0
 1.060  0.540 -1         0.00000  0
 1.060  0.560 -1         0.00000  0
 1.060  0.580  1         0.00000  0
 1.060  0.600  1         0.00000  0
 1.080 -0.060 -1         0.00000  0
 1.080 -0.040 -1         0.00000  0
 1.080 -0.020 -1         0.00000  0
 1.080  0.000 -1         0.00000  0
 1.080  0.020 -1         0.00000  0
 1.080  0.040 -1         0.00000  0
 1.080  0.060 -1         0.00000  0
 1.080  0.080 -1         0.00000  0
 1.080  0.100 -1         0.00000  0
 1.080  0.120 -1         0.00000  0
 1.080  0.140 -1         0.00000  0
 1.080  0.160 -1         0.00000  0
 1.080  0.180 -1         0.00000  0
 1.080  0.200 -1         0.00000  0
 1.080  0.220 -1         0.00000  0
 1.080  0.240 -1         0.00000  0
 1.080  0.260 -1         0.00000  0
 1.080  0.280 -1         0.00000  0
 1.080  0.300 -1         0.00000  0
 1.080  0.320 -1         0.00000  0
 1.080  0.340 -1         0.00000  0
 1.080  0.360 -1         0.00000  0
 1.080  0.380 -1         0.00000  0
 1.080  0.400 -1         0.00000  0
 1.080  0.420 -1         0.00000  0
 1.080  0.440 -1         0.00000  0
 1.080  0.460 -1         0.00000  0
 1.080  0.480 -1         0.00000  0
 1.080  0.500 -1         0.00000  0
 1.080  0.520 -1         0.00000  0
 1.080  0.540 -1         0.00000  0
 1.080  0.560 -1         0.00000  0
 1.080  0.580  1         0.00000  0
 1.080  0.600  1         0.00000  0
