-0.075 -0.075 -1         0.00000  0
-0.075 -0.050 -1         0.00000  0
-0.075 -0.025 -1         0.00000  0
-0.075  0.000 -1         0.00000  0
-0.075  0.025 -1         0.00000  0
-0.075  0.050 -1         0.00000  0
-0.075  0.075 -1         0.00000  0
-0.075  0.100 -1         0.00000  0
-0.075  0.125 -1         0.00000  0
-0.075  0.150 -1         0.00000  0
-0.075  0.175 -1         0.00000  0
-0.075  0.200 -1         0.00000  0
-0.075  0.225 -1         0.00000  0
-0.075  0.250 -1         0.00000  0
-0.075  0.275 -1         0.00000  0
-0.075  0.300 -1         0.00000  0
-0.075  0.325 -1         0.00000  0
-0.075  0.350 -1         0.00000  0
-0.075  0.375 -1         0.00000  0
-0.075  0.400 -1         0.00000  0
-0.075  0.425 -1         0.00000  0
-0.075  0.450 -1         0.00000  0
-0.075  0.475 -1         0.00000  0
-0.075  0.500 -1         0.00000  0
-0.075  0.525 -1         0.00000  0
-0.075  0.550 -1         0.00000  0
-0.075  0.575  1         0.00000  0
-0.075  0.600  1         0.00000  0
-0.050 -0.075 -1         0.00000  0
-0.050 -0.050 -1         0.00000  0
-0.050 -0.025 -1         0.00000  0
-0.050  0.000 -1         0.00000  0
-0.050  0.025 -1         0.00000  0
-0.050  0.050 -1         0.00000  0
-0.050  0.075 -1         0.00000  0
-0.050  0.100 -1         0.00000  0
-0.050  0.125 -1         0.00000  0
-0.050  0.150 -1         0.00000  0
-0.050  0.175 -1         0.00000  0
-0.050  0.200 -1         0.00000  0
-0.050  0.225 -1         0.00000  0
-0.050  0.250 -1         0.00000  0
-0.050  0.275 -1         0.00000  0
-0.050  0.300 -1         0.00000  0
-0.050  0.325 -1         0.00000  0
-0.050  0.350 -1         0.00000  0
-0.050  0.375 -1         0.00000  0
-0.050  0.400 -1         0.00000  0
-0.050  0.425 -1         0.00000  0
-0.050  0.450 -1         0.00000  0
-0.050  0.475 -1         0.00000  0
-0.050  0.500 -1         0.00000  0
-0.050  0.525 -1         0.00000  0
-0.050  0.550 -1         0.00000  0
-0.050  0.575  1         0.00000  0
-0.050  0.600  1         0.00000  0
-0.025 -0.075 -1         0.00000  0
-0.025 -0.050 -1         0.00000  0
-0.025 -0.025  1         0.00000  0
-0.025  0.000  1         0.00000  0
-0.025  0.025  1         0.00000  0
-0.025  0.050  1         0.00000  0
-0.025  0.075  1         0.00000  0
-0.025  0.100  1         0.00000  0
-0.025  0.125  1         0.00000  0
-0.025  0.150  1         0.00000  0
-0.025  0.175  1         0.00000  0
-0.025  0.200  1         0.00000  0
-0.025  0.225  1         0.00000  0
-0.025  0.250  1         0.00000  0
-0.025  0.275  1         0.00000  0
-0.025  0.300  1         0.00000  0
-0.025  0.325  1         0.00000  0
-0.025  0.350  1         0.00000  0
-0.025  0.375  1         0.00000  0
-0.025  0.400  1         0.00000  0
-0.025  0.425  1         0.00000  0
-0.025  0.450  1         0.00000  0
-0.025  0.475  1         0.00000  0
-0.025  0.500  1         0.00000  0
-0.025  0.525  1         0.00000  0
-0.025  0.550  1         0.00000  0
-0.025  0.575  1         0.00000  0
-0.025  0.600  1         0.00000  0
 0.000 -0.075 -1         0.00000  0
 0.000 -0.050 -1         0.00000  0
 0.000 -0.025  1         0.00000  0
 0.000  0.000  1         0.00000  0
 0.000  0.025  1      1739.06944  0
 0.000  0.050  1      1485.03364  0
 0.000  0.075  1      2488.12064  0
 0.000  0.100  1         0.00000  0
 0.000  0.125  1         0.00000  0
 0.000  0.150  1         0.00000  0
 0.000  0.175  1         0.00000  0
 0.000  0.200  1         0.00000  0
 0.000  0.225  1         0.00000  0
 0.000  0.250  1         0.00000  0
 0.000  0.275  1         0.00000  0
 0.000  0.300  1         0.00000  0
 0.000  0.325  1         0.00000  0
 0.000  0.350  1         0.00000  0
 0.000  0.375  1         0.00000  0
 0.000  0.400  1         0.00000  0
 0.000  0.425  1         0.00000  0
 0.000  0.450  1         0.00000  0
 0.000  0.475  1         0.00000  0
 0.000  0.500  1         0.00000  0
 0.000  0.525  1         0.00000  0
 0.000  0.550  1         0.00000  0
 0.000  0.575  1         0.00000  0
 0.000  0.600  1         0.00000  0
 0.025 -0.075 -1         0.00000  0
 0.025 -0.050 -1         0.00000  0
 0.025 -0.025  1         0.00000  0
 0.025  0.000  1         0.00000  0
 0.086  0.022  0      1192.98372  0
 0.292  0.047  0       636.17193  0
 0.136  0.023  0      1034.40688  0
 0.347  0.104  0         0.00000  0
 0.019  0.036  0      1319.55053  0
 0.113  0.026  0         0.00000  0
 0.040  0.020  0      1577.79597  0
 0.276  0.025  0      1287.32630  0
 0.163  0.028  0       123.18516  0
 0.126  0.049  0       951.53061  0
 0.132  0.070  0       173.21074  0
 0.022  0.067  0         0.00000  0
 0.048  0.043  0       752.96437  0
 0.038  0.095  0      1923.65328  0
 0.053  0.061  0      1819.61057  0
 0.069  0.080  0         0.00000  0
 0.128  0.085  0         0.00000  0
 0.158  0.085  0         0.00000  0
 0.174  0.060  0       184.11913  0
 0.023  0.096  0      1479.10482  0
 0.050 -0.075 -1         0.00000  0
 0.050 -0.050 -1         0.00000  0
 0.050 -0.025  1         0.00000  0
 0.050  0.000  1      1409.36384  0
 0.186  0.021  0       919.27931  0
 0.325  0.044  0      1922.47594  0
 0.378  0.062  0         0.00000  0
 0.345  0.054  0         0.00000  0
 0.299  0.024  0       100.17811  0
 0.259  0.040  0      1154.38514  0
 0.325  0.070  0         0.00000  0
 0.365  0.115  0         0.00000  0
 0.154  0.046  0       641.00052  0
 0.216  0.025  0      1623.47360  0
 0.200  0.046  0       321.26725  0
 0.407  0.044  0         0.00000  0
 0.071  0.034  0         0.00000  0
 0.300  0.068  0         0.00000  0
 0.091  0.056  0       712.20752  0
 0.054  0.087  0         0.00000  0
 0.272  0.079  0         0.00000  0
 0.104  0.062  0         0.00000  0
 0.180  0.079  0         0.00000  0
 0.198  0.070  0         0.00000  0
 0.075 -0.075 -1         0.00000  0
 0.075 -0.050 -1         0.00000  0
 0.075 -0.025  1         0.00000  0
 0.075  0.000  1       289.61139  0
 0.330  0.022  0         0.00000  0
 0.243  0.022  0        92.87349  0
 0.597  0.022  0      2424.20271  0
 0.356  0.028  0         0.00000  0
 0.487  0.027  0       171.39001  0
 0.379  0.041  0         0.00000  0
 0.441  0.038  0       815.29499  0
 0.343  0.077  0         0.00000  0
 0.385  0.022  0      1218.05603  0
 0.381  0.096  0         0.00000  0
 0.419  0.020  0       520.96508  0
 0.223  0.045  0      1440.90570  0
 0.501  0.042  0       401.44740  0
 0.378  0.082  0       220.00988  0
 0.254  0.061  0         0.00000  0
 0.288  0.080  0         0.00000  0
 0.502  0.070  0         0.00000  0
 0.229  0.074  0         0.00000  0
 0.450  0.070  0         0.00000  0
 0.239  0.080  0         0.00000  0
 0.100 -0.075 -1         0.00000  0
 0.100 -0.050 -1         0.00000  0
 0.100 -0.025  1         0.00000  0
 0.100  0.000  1      1074.79727  0
 0.761  0.021  0         0.00000  0
 0.744  0.034  0       355.03352  0
 0.687  0.020  0       752.15418  0
 0.540  0.024  0         0.00000  0
 0.629  0.025  0      1178.07516  0
 0.573  0.023  0      1859.83146  0
 0.681  0.055  0         0.00000  0
 0.736  0.061  0      1733.98223  0
 0.654  0.066  0         0.00000  0
 0.618  0.074  0         0.00000  0
 0.798  0.068  0         0.00000  0
 0.517  0.026  0         0.00000  0
 0.648  0.024  0       102.20587  0
 0.629  0.091  0      1242.96763  0
 0.559  0.043  0      2308.79754  0
 0.457  0.025  0      1448.66317  0
 0.507  0.082  0         0.00000  0
 0.414  0.066  0         0.00000  0
 0.535  0.051  0         0.00000  0
 0.427  0.058  0       435.63960  0
 0.125 -0.075 -1         0.00000  0
 0.125 -0.050 -1         0.00000  0
 0.125 -0.025  1         0.00000  0
 0.125  0.000  1      1200.54308  0
 0.843  0.039  0      1656.69815  0
 0.871  0.071  0      1705.17629  0
 0.862  0.023  0         0.00000  0
 0.724  0.024  0         0.00000  0
 0.894  0.127  0       311.06421  0
 0.942  0.095  0      1090.95999  0
 0.932  0.024  0       981.26656  0
 0.910  0.033  0      1716.40684  0
 0.880  0.134  0         0.00000  0
 0.800  0.022  0         0.00000  0
 0.823  0.023  0      2695.22517  0
 0.837  0.075  0         0.00000  0
 0.670  0.037  0         0.00000  0
 0.766  0.067  0       616.46188  0
 0.629  0.055  0      1972.40091  0
 0.470  0.043  0         0.00000  0
 0.579  0.068  0         0.00000  0
 0.479  0.071  0         0.00000  0
 0.586  0.050  0         0.00000  0
 0.542  0.067  0         0.00000  0
 0.150 -0.075 -1         0.00000  0
 0.150 -0.050 -1         0.00000  0
 0.150 -0.025  1         0.00000  0
 0.150  0.000  1       611.69088  0
 1.007  0.141  0      3578.15355  0
 0.914  0.055  0      2320.61857  0
 0.981  0.050  0      1587.48990  0
 0.969  0.195  0         0.00000  0
 0.925  0.299  0        66.18567  0
 0.920  0.078  0       826.79848  0
 0.952  0.024  0      1044.48371  0
 0.887  0.021  0      2831.53316  0
 0.940  0.156  0       215.46508  0
 0.892  0.075  0      1701.43922  0
 0.891  0.047  0       393.38826  0
 0.878  0.115  0         0.00000  0
 0.795  0.049  0      1558.85735  0
 0.703  0.043  0      1045.13205  0
 0.724  0.067  0         0.00000  0
 0.639  0.101  0         0.00000  0
 0.705  0.063  0         0.00000  0
 0.649  0.081  0      1483.67966  0
 0.564  0.078  0         0.00000  0
 0.611  0.045  0       173.70450  0
 0.175 -0.075 -1         0.00000  0
 0.175 -0.050 -1         0.00000  0
 0.175 -0.025  1         0.00000  0
 0.175  0.000  1       731.98302  0
 0.992  0.160  0         0.00000  0
 1.002  0.101  0      1504.06595  0
 0.926  0.283  0         0.00000  0
 0.956  0.328  0         0.00000  0
 0.915  0.260  0         0.00000  0
 0.998  0.325  0         0.00000  0
 0.917  0.353  0         0.00000  0
 0.950  0.115  0      1958.80600  0
 0.960  0.068  0      1578.52186  0
 0.951  0.213  0         0.00000  0
 0.990  0.224  0         0.00000  0
 1.006  0.200  0         0.00000  0
 0.985  0.124  0       391.33974  0
 0.927  0.134  0         0.00000  0
 0.912  0.183  0         0.00000  0
 0.866  0.094  0       447.53220  0
 0.923  0.115  0       423.63648  0
 0.767  0.048  0      1591.03917  0
 0.817  0.048  0         0.00000  0
 0.776  0.081  0         0.00000  0
 0.200 -0.075 -1         0.00000  0
 0.200 -0.050 -1         0.00000  0
 0.200 -0.025  1         0.00000  0
 0.200  0.000  1      1442.90248  0
 0.961  0.244  0         0.00000  0
 1.003  0.041  0      1486.28940  0
 0.983  0.317  0      1506.04414  0
 0.959  0.432  0         0.00000  0
 0.990  0.265  0         0.00000  0
 0.988  0.017  0      1416.21455  0
 0.886  0.286  0         0.00000  0
 0.972  0.493  0         0.00000  0
 0.888  0.381  0         0.00000  0
 0.838  0.231  0         0.00000  0
 0.984  0.190  0       962.35684  0
 0.962  0.046  0      1081.74647  0
 0.987  0.089  0      1627.88586  0
 0.971  0.103  0         0.00000  0
 0.927  0.210  0         0.00000  0
 0.965  0.137  0       647.15679  0
 0.975  0.157  0       478.36757  0
 0.948  0.168  0         0.00000  0
 0.912  0.156  0         0.00000  0
 0.848  0.097  0         0.00000  0
 0.225 -0.075 -1         0.00000  0
 0.225 -0.050 -1         0.00000  0
 0.225 -0.025  1         0.00000  0
 0.225  0.000  1      1091.94271  0
 1.002  0.437  0         0.00000  0
 0.839  0.620  0         0.00000  0
 0.787  0.933  0         0.00000  0
 0.830  0.806  0         0.00000  0
 0.969  0.470  0         0.00000  0
 0.970  0.371  0         0.00000  0
 0.982  0.839  0         0.00000  0
 1.001  0.285  0       560.93361  0
 0.915  0.324  0         0.00000  0
 1.000  0.251  0         0.00000  0
 0.842  0.251  0         0.00000  0
 0.913  0.311  0       208.97055  0
 0.998  0.422  0         0.00000  0
 0.983  0.297  0         0.00000  0
 0.831  0.283  0         0.00000  0
 0.935  0.249  0         0.00000  0
 0.941  0.069  0      1643.57246  0
 0.867  0.247  0         0.00000  0
 0.901  0.097  0         0.00000  0
 0.854  0.054  0       553.19243  0
 0.250 -0.075 -1         0.00000  0
 0.250 -0.050 -1         0.00000  0
 0.250 -0.025  1         0.00000  0
 0.250  0.000  1      1457.44146  0
 0.912  1.033  0         0.00000  0
 0.939  1.059  0         0.00000  0
 0.869  0.855  0         0.00000  0
 0.863  0.368  0         0.00000  0
 1.001  0.066  0       953.17042  0
 0.852  0.949  0         0.00000  0
 0.826  0.367  0         0.00000  0
 0.937  1.015  0         0.00000  0
 0.921  0.562  0         0.00000  0
 0.884  0.414  0         0.00000  0
 0.869  0.498  0         0.00000  0
 0.968  0.338  0         0.00000  0
 1.020  0.734  0         0.00000  0
 0.975  0.665  0         0.00000  0
 0.935  0.555  0         0.00000  0
 0.794  0.287  0         0.00000  0
 0.960  0.282  0         0.00000  0
 0.898  0.261  0         0.00000  0
 0.972  0.226  0       557.97614  0
 0.918  0.198  0         0.00000  0
 0.275 -0.075 -1         0.00000  0
 0.275 -0.050 -1         0.00000  0
 0.275 -0.025  1         0.00000  0
 0.275  0.000  1      1645.65334  0
 0.300 -0.075 -1         0.00000  0
 0.300 -0.050 -1         0.00000  0
 0.300 -0.025  1         0.00000  0
 0.300  0.000  1      1220.62753  0
 0.325 -0.075 -1         0.00000  0
 0.325 -0.050 -1         0.00000  0
 0.325 -0.025  1         0.00000  0
 0.325  0.000  1       844.05603  0
 0.350 -0.075 -1         0.00000  0
 0.350 -0.050 -1         0.00000  0
 0.350 -0.025  1         0.00000  0
 0.350  0.000  1         0.00000  0
 0.375 -0.075 -1         0.00000  0
 0.375 -0.050 -1         0.00000  0
 0.375 -0.025  1         0.00000  0
 0.375  0.000  1       166.41517  0
 0.400 -0.075 -1         0.00000  0
 0.400 -0.050 -1         0.00000  0
 0.400 -0.025  1         0.00000  0
 0.400  0.000  1      1136.77030  0
 0.425 -0.075 -1         0.00000  0
 0.425 -0.050 -1         0.00000  0
 0.425 -0.025  1         0.00000  0
 0.425  0.000  1      2528.58097  0
 0.450 -0.075 -1         0.00000  0
 0.450 -0.050 -1         0.00000  0
 0.450 -0.025  1         0.00000  0
 0.450  0.000  1         0.00000  0
 0.475 -0.075 -1         0.00000  0
 0.475 -0.050 -1         0.00000  0
 0.475 -0.025  1         0.00000  0
 0.475  0.000  1         0.00000  0
 0.500 -0.075 -1         0.00000  0
 0.500 -0.050 -1         0.00000  0
 0.500 -0.025  1         0.00000  0
 0.500  0.000  1         0.00000  0
 0.525 -0.075 -1         0.00000  0
 0.525 -0.050 -1         0.00000  0
 0.525 -0.025  1         0.00000  0
 0.525  0.000  1         0.00000  0
 0.550 -0.075 -1         0.00000  0
 0.550 -0.050 -1         0.00000  0
 0.550 -0.025  1         0.00000  0
 0.550  0.000  1         0.00000  0
 0.575 -0.075 -1         0.00000  0
 0.575 -0.050 -1         0.00000  0
 0.575 -0.025  1         0.00000  0
 0.575  0.000  1      2698.95480  0
 0.600 -0.075 -1         0.00000  0
 0.600 -0.050 -1         0.00000  0
 0.600 -0.025  1         0.00000  0
 0.600  0.000  1      2853.84273  0
 0.625 -0.075 -1         0.00000  0
 0.625 -0.050 -1         0.00000  0
 0.625 -0.025  1         0.00000  0
 0.625  0.000  1      1007.63142  0
 0.650 -0.075 -1         0.00000  0
 0.650 -0.050 -1         0.00000  0
 0.650 -0.025  1         0.00000  0
 0.650  0.000  1      1460.46440  0
 0.675 -0.075 -1         0.00000  0
 0.675 -0.050 -1         0.00000  0
 0.675 -0.025  1         0.00000  0
 0.675  0.000  1         0.00000  0
 0.700 -0.075 -1         0.00000  0
 0.700 -0.050 -1         0.00000  0
 0.700 -0.025  1         0.00000  0
 0.700  0.000  1         0.00000  0
 0.725 -0.075 -1         0.00000  0
 0.725 -0.050 -1         0.00000  0
 0.725 -0.025  1         0.00000  0
 0.725  0.000  1         0.00000  0
 0.750 -0.075 -1         0.00000  0
 0.750 -0.050 -1         0.00000  0
 0.750 -0.025  1         0.00000  0
 0.750  0.000  1      1173.89181  0
 0.775 -0.075 -1         0.00000  0
 0.775 -0.050 -1         0.00000  0
 0.775 -0.025  1         0.00000  0
 0.775  0.000  1         0.00000  0
 0.800 -0.075 -1         0.00000  0
 0.800 -0.050 -1         0.00000  0
 0.800 -0.025  1         0.00000  0
 0.800  0.000  1      1855.98429  0
 0.825 -0.075 -1         0.00000  0
 0.825 -0.050 -1         0.00000  0
 0.825 -0.025  1         0.00000  0
 0.825  0.000  1      2575.96997  0
 0.850 -0.075 -1         0.00000  0
 0.850 -0.050 -1         0.00000  0
 0.850 -0.025  1         0.00000  0
 0.850  0.000  1         0.00000  0
 0.875 -0.075 -1         0.00000  0
 0.875 -0.050 -1         0.00000  0
 0.875 -0.025  1         0.00000  0
 0.875  0.000  1      3333.11137  0
 0.900 -0.075 -1         0.00000  0
 0.900 -0.050 -1         0.00000  0
 0.900 -0.025  1         0.00000  0
 0.900  0.000  1      2056.31877  0
 0.925 -0.075 -1         0.00000  0
 0.925 -0.050 -1         0.00000  0
 0.925 -0.025  1         0.00000  0
 0.925  0.000  1      2109.27638  0
 0.950 -0.075 -1         0.00000  0
 0.950 -0.050 -1         0.00000  0
 0.950 -0.025  1         0.00000  0
 0.950  0.000  1      2835.95615  0
 0.975 -0.075 -1         0.00000  0
 0.975 -0.050 -1         0.00000  0
 0.975 -0.025  1         0.00000  0
 0.975  0.000  1      2219.54401  0
 1.000 -0.075 -1         0.00000  0
 1.000 -0.050 -1         0.00000  0
 1.000 -0.025  1         0.00000  0
 1.000  0.000  1      1699.19044  0
 1.025 -0.075 -1         0.00000  0
 1.025 -0.050 -1         0.00000  0
 1.025 -0.025  1         0.00000  0
 1.025  0.000  1         0.00000  0
 1.025  0.025  1         0.00000  0
 1.025  0.050  1      2342.37916  0
 1.025  0.075  1      1165.43904  0
 1.025  0.100  1       639.14996  0
 1.025  0.125  1      1460.63484  0
 1.025  0.150  1      2595.62014  0
 1.025  0.175  1         0.00000  0
 1.025  0.200  1      1102.76986  0
 1.025  0.225  1         0.00000  0
 1.025  0.250  1         0.00000  0
 1.025  0.275  1         0.00000  0
 1.025  0.300  1         0.00000  0
 1.025  0.325  1         0.00000  0
 1.025  0.350  1         0.00000  0
 1.025  0.375  1         0.00000  0
 1.025  0.400  1         0.00000  0
 1.025  0.425  1         0.00000  0
 1.025  0.450  1         0.00000  0
 1.025  0.475  1         0.00000  0
 1.025  0.500  1         0.00000  0
 1.025  0.525  1         0.00000  0
 1.025  0.550  1         0.00000  0
 1.025  0.575  1         0.00000  0
 1.025  0.600  1         0.00000  0
 1.050 -0.075 -1         0.00000  0
 1.050 -0.050 -1         0.00000  0
 1.050 -0.025  1         0.00000  0
 1.050  0.000  1         0.00000  0
 1.050  0.025  1         0.00000  0
 1.050  0.050  1         0.00000  0
 1.050  0.075  1         0.00000  0
 1.050  0.100  1         0.00000  0
 1.050  0.125  1         0.00000  0
 1.050  0.150  1         0.00000  0
 1.050  0.175  1         0.00000  0
 1.050  0.200  1         0.00000  0
 1.050  0.225  1         0.00000  0
 1.050  0.250  1         0.00000  0
 1.050  0.275  1         0.00000  0
 1.050  0.300  1         0.00000  0
 1.050  0.325  1         0.00000  0
 1.050  0.350  1         0.00000  0
 1.050  0.375  1         0.00000  0
 1.050  0.400  1         0.00000  0
 1.050  0.425  1         0.00000  0
 1.050  0.450  1         0.00000  0
 1.050  0.475  1         0.00000  0
 1.050  0.500  1         0.00000  0
 1.050  0.525  1         0.00000  0
 1.050  0.550  1         0.00000  0
 1.050  0.575  1         0.00000  0
 1.050  0.600  1         0.00000  0
 1.075 -0.075 -1         0.00000  0
 1.075 -0.050 -1         0.00000  0
 1.075 -0.025 -1         0.00000  0
 1.075  0.000 -1         0.00000  0
 1.075  0.025 -1         0.00000  0
 1.075  0.050 -1         0.00000  0
 1.075  0.075 -1         0.00000  0
 1.075  0.100 -1         0.00000  0
 1.075  0.125 -1         0.00000  0
 1.075  0.150 -1         0.00000  0
 1.075  0.175 -1         0.00000  0
 1.075  0.200 -1         0.00000  0
 1.075  0.225 -1         0.00000  0
 1.075  0.250 -1         0.00000  0
 1.075  0.275 -1         0.00000  0
 1.075  0.300 -1         0.00000  0
 1.075  0.325 -1         0.00000  0
 1.075  0.350 -1         0.00000  0
 1.075  0.375 -1         0.00000  0
 1.075  0.400 -1         0.00000  0
 1.075  0.425 -1         0.00000  0
 1.075  0.450 -1         0.00000  0
 1.075  0.475 -1         0.00000  0
 1.075  0.500 -1         0.00000  0
 1.075  0.525 -1         0.00000  0
 1.075  0.550 -1         0.00000  0
 1.075  0.575  1         0.00000  0
 1.075  0.600  1         0.00000  0
 1.100 -0.075 -1         0.00000  0
 1.100 -0.050 -1         0.00000  0
 1.100 -0.025 -1         0.00000  0
 1.100  0.000 -1         0.00000  0
 1.100  0.025 -1         0.00000  0
 1.100  0.050 -1         0.00000  0
 1.100  0.075 -1         0.00000  0
 1.100  0.100 -1         0.00000  0
 1.100  0.125 -1         0.00000  0
 1.100  0.150 -1         0.00000  0
 1.100  0.175 -1         0.00000  0
 1.100  0.200 -1         0.00000  0
 1.100  0.225 -1         0.00000  0
 1.100  0.250 -1         0.00000  0
 1.100  0.275 -1         0.00000  0
 1.100  0.300 -1         0.00000  0
 1.100  0.325 -1         0.00000  0
 1.100  0.350 -1         0.00000  0
 1.100  0.375 -1         0.00000  0
 1.100  0.400 -1         0.00000  0
 1.100  0.425 -1         0.00000  0
 1.100  0.450 -1         0.00000  0
 1.100  0.475 -1         0.00000  0
 1.100  0.500 -1         0.00000  0
 1.100  0.525 -1         0.00000  0
 1.100  0.550 -1         0.00000  0
 1.100  0.575  1         0.00000  0
 1.100  0.600  1         0.00000  0
