-0.075 -0.075 -1         0.00000  0
-0.075 -0.050 -1         0.00000  0
-0.075 -0.025 -1         0.00000  0
-0.075  0.000 -1         0.00000  0
-0.075  0.025 -1         0.00000  0
-0.075  0.050 -1         0.00000  0
-0.075  0.075 -1         0.00000  0
-0.075  0.100 -1         0.00000  0
-0.075  0.125 -1         0.00000  0
-0.075  0.150 -1         0.00000  0
-0.075  0.175 -1         0.00000  0
-0.075  0.200 -1         0.00000  0
-0.075  0.225 -1         0.00000  0
-0.075  0.250 -1         0.00000  0
-0.075  0.275 -1         0.00000  0
-0.075  0.300 -1         0.00000  0
-0.075  0.325 -1         0.00000  0
-0.075  0.350 -1         0.00000  0
-0.075  0.375 -1         0.00000  0
-0.075  0.400 -1         0.00000  0
-0.075  0.425 -1         0.00000  0
-0.075  0.450 -1         0.00000  0
-0.075  0.475 -1         0.00000  0
-0.075  0.500 -1         0.00000  0
-0.075  0.525 -1         0.00000  0
-0.075  0.550 -1         0.00000  0
-0.075  0.575  1         0.00000  0
-0.075  0.600  1         0.00000  0
-0.050 -0.075 -1         0.00000  0
-0.050 -0.050 -1         0.00000  0
-0.050 -0.025 -1         0.00000  0
-0.050  0.000 -1         0.00000  0
-0.050  0.025 -1         0.00000  0
-0.050  0.050 -1         0.00000  0
-0.050  0.075 -1         0.00000  0
-0.050  0.100 -1         0.00000  0
-0.050  0.125 -1         0.00000  0
-0.050  0.150 -1         0.00000  0
-0.050  0.175 -1         0.00000  0
-0.050  0.200 -1         0.00000  0
-0.050  0.225 -1         0.00000  0
-0.050  0.250 -1         0.00000  0
-0.050  0.275 -1         0.00000  0
-0.050  0.300 -1         0.00000  0
-0.050  0.325 -1         0.00000  0
-0.050  0.350 -1         0.00000  0
-0.050  0.375 -1         0.00000  0
-0.050  0.400 -1         0.00000  0
-0.050  0.425 -1         0.00000  0
-0.050  0.450 -1         0.00000  0
-0.050  0.475 -1         0.00000  0
-0.050  0.500 -1         0.00000  0
-0.050  0.525 -1         0.00000  0
-0.050  0.550 -1         0.00000  0
-0.050  0.575  1         0.00000  0
-0.050  0.600  1         0.00000  0
-0.025 -0.075 -1         0.00000  0
-0.025 -0.050 -1         0.00000  0
-0.025 -0.025  1         0.00000  0
-0.025  0.000  1         0.00000  0
-0.025  0.025  1         0.00000  0
-0.025  0.050  1         0.00000  0
-0.025  0.075  1         0.00000  0
-0.025  0.100  1         0.00000  0
-0.025  0.125  1         0.00000  0
-0.025  0.150  1         0.00000  0
-0.025  0.175  1         0.00000  0
-0.025  0.200  1         0.00000  0
-0.025  0.225  1         0.00000  0
-0.025  0.250  1         0.00000  0
-0.025  0.275  1         0.00000  0
-0.025  0.300  1         0.00000  0
-0.025  0.325  1         0.00000  0
-0.025  0.350  1         0.00000  0
-0.025  0.375  1         0.00000  0
-0.025  0.400  1         0.00000  0
-0.025  0.425  1         0.00000  0
-0.025  0.450  1         0.00000  0
-0.025  0.475  1         0.00000  0
-0.025  0.500  1         0.00000  0
-0.025  0.525  1         0.00000  0
-0.025  0.550  1         0.00000  0
-0.025  0.575  1         0.00000  0
-0.025  0.600  1         0.00000  0
 0.000 -0.075 -1         0.00000  0
 0.000 -0.050 -1         0.00000  0
 0.000 -0.025  1         0.00000  0
 0.000  0.000  1         0.00000  0
 0.000  0.025  1         0.00000  0
 0.000  0.050  1         0.00000  0
 0.000  0.075  1         0.00000  0
 0.000  0.100  1         0.00000  0
 0.000  0.125  1         0.00000  0
 0.000  0.150  1         0.00000  0
 0.000  0.175  1         0.00000  0
 0.000  0.200  1         0.00000  0
 0.000  0.225  1         0.00000  0
 0.000  0.250  1         0.00000  0
 0.000  0.275  1         0.00000  0
 0.000  0.300  1         0.00000  0
 0.000  0.325  1         0.00000  0
 0.000  0.350  1         0.00000  0
 0.000  0.375  1         0.00000  0
 0.000  0.400  1         0.00000  0
 0.000  0.425  1         0.00000  0
 0.000  0.450  1         0.00000  0
 0.000  0.475  1         0.00000  0
 0.000  0.500  1         0.00000  0
 0.000  0.525  1         0.00000  0
 0.000  0.550  1         0.00000  0
 0.000  0.575  1         0.00000  0
 0.000  0.600  1         0.00000  0
 0.025 -0.075 -1         0.00000  0
 0.025 -0.050 -1         0.00000  0
 0.025 -0.025  1         0.00000  0
 0.025  0.000  1      1018.12387  0
 0.087  0.020  0       461.03102  0
 0.353  0.030  0         0.00000  0
 0.139  0.021  0      1553.04695  0
 0.418  0.080  0         0.00000  0
 0.025  0.044  0        14.43439  0
 0.119  0.027  0       671.73785  0
 0.035  0.020  0       800.23750  0
 0.327  0.023  0      1160.62937  0
 0.176  0.022  0         0.00000  0
 0.142  0.051  0       107.03860  0
 0.172  0.070  0         0.00000  0
 0.057  0.058  0         0.00000  0
 0.055  0.032  0       899.69930  0
 0.046  0.071  0         0.00000  0
 0.093  0.070  0         0.00000  0
 0.110  0.079  0         0.00000  0
 0.155  0.063  0         0.00000  0
 0.200  0.059  0         0.00000  0
 0.204  0.040  0       530.90051  0
 0.023  0.065  0         0.00000  0
 0.050 -0.075 -1         0.00000  0
 0.050 -0.050 -1         0.00000  0
 0.050 -0.025  1         0.00000  0
 0.050  0.000  1         0.00000  0
 0.212  0.020  0       247.98113  0
 0.385  0.056  0         0.00000  0
 0.450  0.051  0         0.00000  0
 0.418  0.042  0      1836.00233  0
 0.377  0.022  0      1447.79439  0
 0.308  0.050  0         0.00000  0
 0.370  0.072  0         0.00000  0
 0.430  0.060  0         0.00000  0
 0.175  0.041  0       106.11716  0
 0.247  0.022  0         0.00000  0
 0.240  0.044  0        37.83808  0
 0.496  0.040  0       684.43821  0
 0.075  0.041  0       938.72179  0
 0.358  0.057  0         0.00000  0
 0.099  0.046  0       720.29862  0
 0.081  0.084  0         0.00000  0
 0.331  0.042  0       909.81532  0
 0.123  0.055  0         0.00000  0
 0.211  0.071  0         0.00000  0
 0.242  0.070  0         0.00000  0
 0.075 -0.075 -1         0.00000  0
 0.075 -0.050 -1         0.00000  0
 0.075 -0.025  1         0.00000  0
 0.075  0.000  1       330.58081  0
 0.394  0.031  0       798.89999  0
 0.295  0.021  0      1006.37672  0
 0.701  0.023  0       913.48031  0
 0.426  0.021  0         0.00000  0
 0.563  0.022  0        66.35099  0
 0.476  0.029  0       181.81931  0
 0.518  0.065  0         0.00000  0
 0.405  0.069  0         0.00000  0
 0.457  0.023  0         0.00000  0
 0.497  0.087  0         0.00000  0
 0.505  0.022  0         0.00000  0
 0.273  0.032  0         0.00000  0
 0.589  0.031  0         0.00000  0
 0.461  0.088  0         0.00000  0
 0.297  0.065  0         0.00000  0
 0.339  0.069  0         0.00000  0
 0.595  0.058  0         0.00000  0
 0.254  0.056  0         0.00000  0
 0.559  0.065  0         0.00000  0
 0.285  0.050  0         0.00000  0
 0.100 -0.075 -1         0.00000  0
 0.100 -0.050 -1         0.00000  0
 0.100 -0.025  1         0.00000  0
 0.100  0.000  1      2084.93727  0
 0.839  0.031  0      1581.14771  0
 0.833  0.058  0      3327.51696  0
 0.794  0.025  0      2828.96103  0
 0.652  0.023  0      1016.84568  0
 0.736  0.024  0         0.00000  0
 0.677  0.027  0         0.00000  0
 0.814  0.086  0       737.70774  0
 0.847  0.114  0         0.00000  0
 0.792  0.063  0       679.65972  0
 0.706  0.083  0         0.00000  0
 0.907  0.091  0      2598.10731  0
 0.613  0.020  0       870.89746  0
 0.762  0.024  0         0.00000  0
 0.741  0.070  0         0.00000  0
 0.699  0.043  0        46.76688  0
 0.532  0.035  0       239.32495  0
 0.637  0.059  0         0.00000  0
 0.473  0.061  0         0.00000  0
 0.624  0.038  0         0.00000  0
 0.500  0.069  0         0.00000  0
 0.125 -0.075 -1         0.00000  0
 0.125 -0.050 -1         0.00000  0
 0.125 -0.025  1         0.00000  0
 0.125  0.000  1      1595.02003  0
 0.896  0.044  0      2284.63432  0
 0.918  0.117  0      2022.05958  0
 0.915  0.022  0      3243.32371  0
 0.818  0.022  0      3864.90524  0
 0.934  0.191  0       979.88494  0
 0.966  0.108  0      2856.66547  0
 0.966  0.022  0      2733.29546  0
 0.952  0.045  0      2185.93083  0
 0.857  0.182  0         0.00000  0
 0.862  0.026  0      2465.57101  0
 0.883  0.025  0      3243.92418  0
 0.895  0.143  0         0.00000  0
 0.779  0.039  0      1495.42206  0
 0.870  0.088  0         0.00000  0
 0.758  0.069  0         0.00000  0
 0.541  0.046  0         0.00000  0
 0.703  0.062  0         0.00000  0
 0.571  0.042  0         0.00000  0
 0.722  0.053  0       264.90149  0
 0.652  0.071  0         0.00000  0
 0.150 -0.075 -1         0.00000  0
 0.150 -0.050 -1         0.00000  0
 0.150 -0.025  1         0.00000  0
 0.150  0.000  1        53.83366  0
 1.001  0.163  0         0.00000  0
 0.923  0.073  0      2995.01864  0
 0.968  0.065  0      2461.69560  0
 0.971  0.217  0         0.00000  0
 0.877  0.291  0         0.00000  0
 0.931  0.176  0      3154.01191  0
 0.984  0.039  0      2288.31279  0
 0.937  0.024  0      3225.00492  0
 0.954  0.204  0         0.00000  0
 0.933  0.095  0       542.60470  0
 0.914  0.052  0      2080.51155  0
 0.886  0.191  0         0.00000  0
 0.889  0.086  0      2133.64408  0
 0.810  0.054  0       318.32518  0
 0.829  0.094  0         0.00000  0
 0.789  0.097  0         0.00000  0
 0.809  0.120  0         0.00000  0
 0.780  0.083  0         0.00000  0
 0.655  0.044  0         0.00000  0
 0.749  0.050  0       381.13252  0
 0.175 -0.075 -1         0.00000  0
 0.175 -0.050 -1         0.00000  0
 0.175 -0.025  1         0.00000  0
 0.175  0.000  1       274.28611  0
 0.991  0.212  0         0.00000  0
 1.005  0.120  0      2389.66780  0
 0.870  0.263  0      1398.44970  0
 0.888  0.267  0       111.63195  0
 0.854  0.232  0         0.00000  0
 0.999  0.316  0         0.00000  0
 0.908  0.298  0         0.00000  0
 0.971  0.164  0       731.29298  0
 0.968  0.087  0      2080.87991  0
 0.918  0.241  0         0.00000  0
 0.970  0.264  0         0.00000  0
 0.997  0.233  0         0.00000  0
 0.983  0.148  0      1999.68664  0
 0.949  0.162  0       473.66555  0
 0.884  0.219  0         0.00000  0
 0.920  0.142  0      1859.19751  0
 0.943  0.139  0      2655.13834  0
 0.849  0.078  0      1364.86105  0
 0.855  0.054  0      3955.55727  0
 0.895  0.127  0         0.00000  0
 0.200 -0.075 -1         0.00000  0
 0.200 -0.050 -1         0.00000  0
 0.200 -0.025  1         0.00000  0
 0.200  0.000  1      1048.86469  0
 0.918  0.288  0      2028.36392  0
 1.000  0.054  0      1990.60303  0
 0.972  0.317  0         0.00000  0
 0.939  0.382  0         0.00000  0
 0.937  0.289  0         0.00000  0
 1.002  0.024  0      1899.97295  0
 0.794  0.237  0         0.00000  0
 0.964  0.439  0         0.00000  0
 0.854  0.336  0         0.00000  0
 0.775  0.171  0         0.00000  0
 0.999  0.253  0         0.00000  0
 0.945  0.065  0      2605.18765  0
 0.992  0.098  0      1999.42206  0
 0.982  0.127  0      1086.89309  0
 0.870  0.238  0         0.00000  0
 0.975  0.187  0         0.00000  0
 1.005  0.190  0      1128.72024  0
 0.952  0.240  0         0.00000  0
 0.934  0.227  0         0.00000  0
 0.899  0.164  0         0.00000  0
 0.225 -0.075 -1         0.00000  0
 0.225 -0.050 -1         0.00000  0
 0.225 -0.025  1         0.00000  0
 0.225  0.000  1       627.62397  0
 1.000  0.413  0         0.00000  0
 0.777  0.605  0         0.00000  0
 0.722  0.966  0         0.00000  0
 0.783  0.809  0         0.00000  0
 0.952  0.406  0         0.00000  0
 0.951  0.337  0         0.00000  0
 0.966  0.876  0         0.00000  0
 0.995  0.295  0         0.00000  0
 0.883  0.316  0         0.00000  0
 0.989  0.274  0         0.00000  0
 0.742  0.197  0         0.00000  0
 0.851  0.272  0         0.00000  0
 1.002  0.400  0         0.00000  0
 0.948  0.306  0       632.18247  0
 0.750  0.262  0         0.00000  0
 0.896  0.247  0         0.00000  0
 0.945  0.119  0      2165.13125  0
 0.781  0.242  0         0.00000  0
 0.903  0.196  0         0.00000  0
 0.878  0.062  0      1522.72421  0
 0.250 -0.075 -1         0.00000  0
 0.250 -0.050 -1         0.00000  0
 0.250 -0.025  1         0.00000  0
 0.250  0.000  1       212.44769  0
 0.884  1.105  0         0.00000  0
 0.911  1.131  0         0.00000  0
 0.832  0.867  0         0.00000  0
 0.804  0.296  0         0.00000  0
 1.001  0.077  0      1202.65932  0
 0.790  0.977  0         0.00000  0
 0.773  0.281  0         0.00000  0
 0.908  1.115  0         0.00000  0
 0.866  0.516  0         0.00000  0
 0.846  0.357  0         0.00000  0
 0.827  0.419  0         0.00000  0
 0.991  0.333  0         0.00000  0
 1.034  0.758  0         0.00000  0
 0.963  0.679  0         0.00000  0
 0.919  0.523  0         0.00000  0
 0.728  0.211  0         0.00000  0
 0.938  0.319  0         0.00000  0
 0.823  0.261  0         0.00000  0
 0.956  0.257  0       447.92927  0
 0.907  0.220  0       490.25787  0
 0.275 -0.075 -1         0.00000  0
 0.275 -0.050 -1         0.00000  0
 0.275 -0.025  1         0.00000  0
 0.275  0.000  1         0.00000  0
 0.300 -0.075 -1         0.00000  0
 0.300 -0.050 -1         0.00000  0
 0.300 -0.025  1         0.00000  0
 0.300  0.000  1      1259.57943  0
 0.325 -0.075 -1         0.00000  0
 0.325 -0.050 -1         0.00000  0
 0.325 -0.025  1         0.00000  0
 0.325  0.000  1      1282.92570  0
 0.350 -0.075 -1         0.00000  0
 0.350 -0.050 -1         0.00000  0
 0.350 -0.025  1         0.00000  0
 0.350  0.000  1         0.00000  0
 0.375 -0.075 -1         0.00000  0
 0.375 -0.050 -1         0.00000  0
 0.375 -0.025  1         0.00000  0
 0.375  0.000  1       687.22183  0
 0.400 -0.075 -1         0.00000  0
 0.400 -0.050 -1         0.00000  0
 0.400 -0.025  1         0.00000  0
 0.400  0.000  1         0.00000  0
 0.425 -0.075 -1         0.00000  0
 0.425 -0.050 -1         0.00000  0
 0.425 -0.025  1         0.00000  0
 0.425  0.000  1      1177.03063  0
 0.450 -0.075 -1         0.00000  0
 0.450 -0.050 -1         0.00000  0
 0.450 -0.025  1         0.00000  0
 0.450  0.000  1       463.90749  0
 0.475 -0.075 -1         0.00000  0
 0.475 -0.050 -1         0.00000  0
 0.475 -0.025  1         0.00000  0
 0.475  0.000  1       372.18758  0
 0.500 -0.075 -1         0.00000  0
 0.500 -0.050 -1         0.00000  0
 0.500 -0.025  1         0.00000  0
 0.500  0.000  1       730.07888  0
 0.525 -0.075 -1         0.00000  0
 0.525 -0.050 -1         0.00000  0
 0.525 -0.025  1         0.00000  0
 0.525  0.000  1         0.00000  0
 0.550 -0.075 -1         0.00000  0
 0.550 -0.050 -1         0.00000  0
 0.550 -0.025  1         0.00000  0
 0.550  0.000  1         0.00000  0
 0.575 -0.075 -1         0.00000  0
 0.575 -0.050 -1         0.00000  0
 0.575 -0.025  1         0.00000  0
 0.575  0.000  1         0.00000  0
 0.600 -0.075 -1         0.00000  0
 0.600 -0.050 -1         0.00000  0
 0.600 -0.025  1         0.00000  0
 0.600  0.000  1         0.00000  0
 0.625 -0.075 -1         0.00000  0
 0.625 -0.050 -1         0.00000  0
 0.625 -0.025  1         0.00000  0
 0.625  0.000  1       427.02876  0
 0.650 -0.075 -1         0.00000  0
 0.650 -0.050 -1         0.00000  0
 0.650 -0.025  1         0.00000  0
 0.650  0.000  1       620.92195  0
 0.675 -0.075 -1         0.00000  0
 0.675 -0.050 -1         0.00000  0
 0.675 -0.025  1         0.00000  0
 0.675  0.000  1       946.66148  0
 0.700 -0.075 -1         0.00000  0
 0.700 -0.050 -1         0.00000  0
 0.700 -0.025  1         0.00000  0
 0.700  0.000  1       596.92614  0
 0.725 -0.075 -1         0.00000  0
 0.725 -0.050 -1         0.00000  0
 0.725 -0.025  1         0.00000  0
 0.725  0.000  1         0.00000  0
 0.750 -0.075 -1         0.00000  0
 0.750 -0.050 -1         0.00000  0
 0.750 -0.025  1         0.00000  0
 0.750  0.000  1         0.00000  0
 0.775 -0.075 -1         0.00000  0
 0.775 -0.050 -1         0.00000  0
 0.775 -0.025  1         0.00000  0
 0.775  0.000  1       943.92458  0
 0.800 -0.075 -1         0.00000  0
 0.800 -0.050 -1         0.00000  0
 0.800 -0.025  1         0.00000  0
 0.800  0.000  1      3560.58627  0
 0.825 -0.075 -1         0.00000  0
 0.825 -0.050 -1         0.00000  0
 0.825 -0.025  1         0.00000  0
 0.825  0.000  1      3612.91719  0
 0.850 -0.075 -1         0.00000  0
 0.850 -0.050 -1         0.00000  0
 0.850 -0.025  1         0.00000  0
 0.850  0.000  1       412.17667  0
 0.875 -0.075 -1         0.00000  0
 0.875 -0.050 -1         0.00000  0
 0.875 -0.025  1         0.00000  0
 0.875  0.000  1      1150.49131  0
 0.900 -0.075 -1         0.00000  0
 0.900 -0.050 -1         0.00000  0
 0.900 -0.025  1         0.00000  0
 0.900  0.000  1      2509.37469  0
 0.925 -0.075 -1         0.00000  0
 0.925 -0.050 -1         0.00000  0
 0.925 -0.025  1         0.00000  0
 0.925  0.000  1      4377.05486  0
 0.950 -0.075 -1         0.00000  0
 0.950 -0.050 -1         0.00000  0
 0.950 -0.025  1         0.00000  0
 0.950  0.000  1      4147.50489  0
 0.975 -0.075 -1         0.00000  0
 0.975 -0.050 -1         0.00000  0
 0.975 -0.025  1         0.00000  0
 0.975  0.000  1      2046.26700  0
 1.000 -0.075 -1         0.00000  0
 1.000 -0.050 -1         0.00000  0
 1.000 -0.025  1         0.00000  0
 1.000  0.000  1      1804.86316  0
 1.025 -0.075 -1         0.00000  0
 1.025 -0.050 -1         0.00000  0
 1.025 -0.025  1         0.00000  0
 1.025  0.000  1      1094.88683  0
 1.025  0.025  1      3102.27668  0
 1.025  0.050  1      2242.71129  0
 1.025  0.075  1      1604.30910  0
 1.025  0.100  1       292.22392  0
 1.025  0.125  1      1603.57767  0
 1.025  0.150  1         0.00000  0
 1.025  0.175  1       196.34157  0
 1.025  0.200  1       517.45186  0
 1.025  0.225  1         0.00000  0
 1.025  0.250  1         0.00000  0
 1.025  0.275  1         0.00000  0
 1.025  0.300  1         0.00000  0
 1.025  0.325  1         0.00000  0
 1.025  0.350  1         0.00000  0
 1.025  0.375  1         0.00000  0
 1.025  0.400  1         0.00000  0
 1.025  0.425  1         0.00000  0
 1.025  0.450  1         0.00000  0
 1.025  0.475  1         0.00000  0
 1.025  0.500  1         0.00000  0
 1.025  0.525  1         0.00000  0
 1.025  0.550  1         0.00000  0
 1.025  0.575  1         0.00000  0
 1.025  0.600  1         0.00000  0
 1.050 -0.075 -1         0.00000  0
 1.050 -0.050 -1         0.00000  0
 1.050 -0.025  1         0.00000  0
 1.050  0.000  1         0.00000  0
 1.050  0.025  1         0.00000  0
 1.050  0.050  1         0.00000  0
 1.050  0.075  1         0.00000  0
 1.050  0.100  1         0.00000  0
 1.050  0.125  1         0.00000  0
 1.050  0.150  1         0.00000  0
 1.050  0.175  1         0.00000  0
 1.050  0.200  1         0.00000  0
 1.050  0.225  1         0.00000  0
 1.050  0.250  1         0.00000  0
 1.050  0.275  1         0.00000  0
 1.050  0.300  1         0.00000  0
 1.050  0.325  1         0.00000  0
 1.050  0.350  1         0.00000  0
 1.050  0.375  1         0.00000  0
 1.050  0.400  1         0.00000  0
 1.050  0.425  1         0.00000  0
 1.050  0.450  1         0.00000  0
 1.050  0.475  1         0.00000  0
 1.050  0.500  1         0.00000  0
 1.050  0.525  1         0.00000  0
 1.050  0.550  1         0.00000  0
 1.050  0.575  1         0.00000  0
 1.050  0.600  1         0.00000  0
 1.075 -0.075 -1         0.00000  0
 1.075 -0.050 -1         0.00000  0
 1.075 -0.025 -1         0.00000  0
 1.075  0.000 -1         0.00000  0
 1.075  0.025 -1         0.00000  0
 1.075  0.050 -1         0.00000  0
 1.075  0.075 -1         0.00000  0
 1.075  0.100 -1         0.00000  0
 1.075  0.125 -1         0.00000  0
 1.075  0.150 -1         0.00000  0
 1.075  0.175 -1         0.00000  0
 1.075  0.200 -1         0.00000  0
 1.075  0.225 -1         0.00000  0
 1.075  0.250 -1         0.00000  0
 1.075  0.275 -1         0.00000  0
 1.075  0.300 -1         0.00000  0
 1.075  0.325 -1         0.00000  0
 1.075  0.350 -1         0.00000  0
 1.075  0.375 -1         0.00000  0
 1.075  0.400 -1         0.00000  0
 1.075  0.425 -1         0.00000  0
 1.075  0.450 -1         0.00000  0
 1.075  0.475 -1         0.00000  0
 1.075  0.500 -1         0.00000  0
 1.075  0.525 -1         0.00000  0
 1.075  0.550 -1         0.00000  0
 1.075  0.575  1         0.00000  0
 1.075  0.600  1         0.00000  0
 1.100 -0.075 -1         0.00000  0
 1.100 -0.050 -1         0.00000  0
 1.100 -0.025 -1         0.00000  0
 1.100  0.000 -1         0.00000  0
 1.100  0.025 -1         0.00000  0
 1.100  0.050 -1         0.00000  0
 1.100  0.075 -1         0.00000  0
 1.100  0.100 -1         0.00000  0
 1.100  0.125 -1         0.00000  0
 1.100  0.150 -1         0.00000  0
 1.100  0.175 -1         0.00000  0
 1.100  0.200 -1         0.00000  0
 1.100  0.225 -1         0.00000  0
 1.100  0.250 -1         0.00000  0
 1.100  0.275 -1         0.00000  0
 1.100  0.300 -1         0.00000  0
 1.100  0.325 -1         0.00000  0
 1.100  0.350 -1         0.00000  0
 1.100  0.375 -1         0.00000  0
 1.100  0.400 -1         0.00000  0
 1.100  0.425 -1         0.00000  0
 1.100  0.450 -1         0.00000  0
 1.100  0.475 -1         0.00000  0
 1.100  0.500 -1         0.00000  0
 1.100  0.525 -1         0.00000  0
 1.100  0.550 -1         0.00000  0
 1.100  0.575  1         0.00000  0
 1.100  0.600  1         0.00000  0
