-0.060 -0.060 -1         0.00000  0
-0.060 -0.040 -1         0.00000  0
-0.060 -0.020 -1         0.00000  0
-0.060  0.000 -1         0.00000  0
-0.060  0.020 -1         0.00000  0
-0.060  0.040 -1         0.00000  0
-0.060  0.060 -1         0.00000  0
-0.060  0.080 -1         0.00000  0
-0.060  0.100 -1         0.00000  0
-0.060  0.120 -1         0.00000  0
-0.060  0.140 -1         0.00000  0
-0.060  0.160 -1         0.00000  0
-0.060  0.180 -1         0.00000  0
-0.060  0.200 -1         0.00000  0
-0.060  0.220 -1         0.00000  0
-0.060  0.240 -1         0.00000  0
-0.060  0.260 -1         0.00000  0
-0.060  0.280 -1         0.00000  0
-0.060  0.300 -1         0.00000  0
-0.060  0.320 -1         0.00000  0
-0.060  0.340 -1         0.00000  0
-0.060  0.360 -1         0.00000  0
-0.060  0.380 -1         0.00000  0
-0.060  0.400 -1         0.00000  0
-0.060  0.420 -1         0.00000  0
-0.060  0.440 -1         0.00000  0
-0.060  0.460 -1         0.00000  0
-0.060  0.480 -1         0.00000  0
-0.060  0.500 -1         0.00000  0
-0.060  0.520 -1         0.00000  0
-0.060  0.540 -1         0.00000  0
-0.060  0.560 -1         0.00000  0
-0.060  0.580  1         0.00000  0
-0.060  0.600  1         0.00000  0
-0.040 -0.060 -1         0.00000  0
-0.040 -0.040 -1         0.00000  0
-0.040 -0.020 -1         0.00000  0
-0.040  0.000 -1         0.00000  0
-0.040  0.020 -1         0.00000  0
-0.040  0.040 -1         0.00000  0
-0.040  0.060 -1         0.00000  0
-0.040  0.080 -1         0.00000  0
-0.040  0.100 -1         0.00000  0
-0.040  0.120 -1         0.00000  0
-0.040  0.140 -1         0.00000  0
-0.040  0.160 -1         0.00000  0
-0.040  0.180 -1         0.00000  0
-0.040  0.200 -1         0.00000  0
-0.040  0.220 -1         0.00000  0
-0.040  0.240 -1         0.00000  0
-0.040  0.260 -1         0.00000  0
-0.040  0.280 -1         0.00000  0
-0.040  0.300 -1         0.00000  0
-0.040  0.320 -1         0.00000  0
-0.040  0.340 -1         0.00000  0
-0.040  0.360 -1         0.00000  0
-0.040  0.380 -1         0.00000  0
-0.040  0.400 -1         0.00000  0
-0.040  0.420 -1         0.00000  0
-0.040  0.440 -1         0.00000  0
-0.040  0.460 -1         0.00000  0
-0.040  0.480 -1         0.00000  0
-0.040  0.500 -1         0.00000  0
-0.040  0.520 -1         0.00000  0
-0.040  0.540 -1         0.00000  0
-0.040  0.560 -1         0.00000  0
-0.040  0.580  1         0.00000  0
-0.040  0.600  1         0.00000  0
-0.020 -0.060 -1         0.00000  0
-0.020 -0.040 -1         0.00000  0
-0.020 -0.020  1         0.00000  0
-0.020  0.000  1         0.00000  0
-0.020  0.020  1         0.00000  0
-0.020  0.040  1         0.00000  0
-0.020  0.060  1         0.00000  0
-0.020  0.080  1         0.00000  0
-0.020  0.100  1         0.00000  0
-0.020  0.120  1         0.00000  0
-0.020  0.140  1         0.00000  0
-0.020  0.160  1         0.00000  0
-0.020  0.180  1         0.00000  0
-0.020  0.200  1         0.00000  0
-0.020  0.220  1         0.00000  0
-0.020  0.240  1         0.00000  0
-0.020  0.260  1         0.00000  0
-0.020  0.280  1         0.00000  0
-0.020  0.300  1         0.00000  0
-0.020  0.320  1         0.00000  0
-0.020  0.340  1         0.00000  0
-0.020  0.360  1         0.00000  0
-0.020  0.380  1         0.00000  0
-0.020  0.400  1         0.00000  0
-0.020  0.420  1         0.00000  0
-0.020  0.440  1         0.00000  0
-0.020  0.460  1         0.00000  0
-0.020  0.480  1         0.00000  0
-0.020  0.500  1         0.00000  0
-0.020  0.520  1         0.00000  0
-0.020  0.540  1         0.00000  0
-0.020  0.560  1         0.00000  0
-0.020  0.580  1         0.00000  0
-0.020  0.600  1         0.00000  0
 0.000 -0.060 -1         0.00000  0
 0.000 -0.040 -1         0.00000  0
 0.000 -0.020  1         0.00000  0
 0.000  0.000  1      1411.43439  0
 0.000  0.020  1      4786.17581  0
 0.000  0.040  1      3323.05594  0
 0.000  0.060  1      3509.66777  0
 0.000  0.080  1      2925.79219  0
 0.000  0.100  1      3104.27440  0
 0.000  0.120  1      2873.80271  0
 0.000  0.140  1      2774.04236  0
 0.000  0.160  1      2489.94926  0
 0.000  0.180  1      2141.44718  0
 0.000  0.200  1      1657.61743  0
 0.000  0.220  1      1062.88609  0
 0.000  0.240  1       383.45014  0
 0.000  0.260  1         0.00000  0
 0.000  0.280  1         0.00000  0
 0.000  0.300  1         0.00000  0
 0.000  0.320  1         0.00000  0
 0.000  0.340  1         0.00000  0
 0.000  0.360  1         0.00000  0
 0.000  0.380  1         0.00000  0
 0.000  0.400  1         0.00000  0
 0.000  0.420  1         0.00000  0
 0.000  0.440  1         0.00000  0
 0.000  0.460  1         0.00000  0
 0.000  0.480  1         0.00000  0
 0.000  0.500  1         0.00000  0
 0.000  0.520  1         0.00000  0
 0.000  0.540  1         0.00000  0
 0.000  0.560  1         0.00000  0
 0.000  0.580  1         0.00000  0
 0.000  0.600  1         0.00000  0
 0.020 -0.060 -1         0.00000  0
 0.020 -0.040 -1         0.00000  0
 0.020 -0.020  1         0.00000  0
 0.020  0.000  1      4813.27233  0
 0.019  0.019  0      4923.56597  0
 0.020  0.040  0      2916.70320  0
 0.020  0.059  0      3550.59540  0
 0.020  0.080  0      2817.38493  0
 0.020  0.099  0      3294.42525  0
 0.020  0.119  0      2895.57082  0
 0.020  0.139  0      3020.21959  0
 0.020  0.159  0      2845.43069  0
 0.020  0.179  0      2744.47943  0
 0.020  0.199  0      2568.57615  0
 0.020  0.219  0      2364.14159  0
 0.020  0.239  0      2113.23198  0
 0.020  0.259  0      1768.06167  0
 0.020  0.279  0      1242.23908  0
 0.020  0.299  0       505.47294  0
 0.020  0.319  0         0.00000  0
 0.020  0.339  0         0.00000  0
 0.020  0.359  0         0.00000  0
 0.020  0.379  0         0.00000  0
 0.020  0.399  0         0.00000  0
 0.020  0.419  0         0.00000  0
 0.020  0.439  0         0.00000  0
 0.020  0.459  0         0.00000  0
 0.020  0.479  0         0.00000  0
 0.020  0.499  0         0.00000  0
 0.040 -0.060 -1         0.00000  0
 0.040 -0.040 -1         0.00000  0
 0.040 -0.020  1         0.00000  0
 0.040  0.000  1      3390.16357  0
 0.040  0.020  0      2991.68861  0
 0.040  0.040  0      3313.96165  0
 0.040  0.059  0      3126.52441  0
 0.040  0.080  0      2124.98250  0
 0.040  0.099  0      2622.85202  0
 0.040  0.119  0      1671.12026  0
 0.040  0.139  0      1705.35297  0
 0.040  0.159  0      1222.25945  0
 0.040  0.179  0       997.22526  0
 0.040  0.199  0       814.79220  0
 0.040  0.219  0       830.37583  0
 0.040  0.239  0      1010.21759  0
 0.040  0.259  0      1261.97436  0
 0.040  0.279  0      1389.76771  0
 0.040  0.299  0      1176.22370  0
 0.040  0.319  0       562.53692  0
 0.040  0.339  0         0.00000  0
 0.040  0.359  0         0.00000  0
 0.040  0.379  0         0.00000  0
 0.040  0.399  0         0.00000  0
 0.040  0.419  0         0.00000  0
 0.040  0.439  0         0.00000  0
 0.040  0.459  0         0.00000  0
 0.040  0.479  0         0.00000  0
 0.040  0.499  0         0.00000  0
 0.060 -0.060 -1         0.00000  0
 0.060 -0.040 -1         0.00000  0
 0.060 -0.020  1         0.00000  0
 0.060  0.000  1      3484.05863  0
 0.060  0.020  0      3852.67543  0
 0.060  0.040  0      3964.10646  0
 0.060  0.059  0      3275.51917  0
 0.060  0.080  0      3182.00041  0
 0.060  0.099  0      3674.52487  0
 0.060  0.119  0      2728.95023  0
 0.060  0.139  0      2860.05812  0
 0.060  0.159  0      2184.88361  0
 0.060  0.179  0      1736.85709  0
 0.060  0.199  0      1196.53257  0
 0.060  0.219  0       827.80323  0
 0.060  0.239  0       687.33216  0
 0.060  0.259  0       806.25020  0
 0.060  0.279  0      1077.16746  0
 0.060  0.299  0      1242.19249  0
 0.060  0.319  0      1043.28077  0
 0.060  0.339  0       409.53130  0
 0.060  0.359  0         0.00000  0
 0.060  0.379  0         0.00000  0
 0.060  0.399  0         0.00000  0
 0.060  0.419  0         0.00000  0
 0.060  0.439  0         0.00000  0
 0.060  0.459  0         0.00000  0
 0.060  0.479  0         0.00000  0
 0.060  0.499  0         0.00000  0
 0.080 -0.060 -1         0.00000  0
 0.080 -0.040 -1         0.00000  0
 0.080 -0.020  1         0.00000  0
 0.080  0.000  1      2668.71158  0
 0.080  0.020  0      2552.89197  0
 0.080  0.040  0      2231.12087  0
 0.080  0.059  0      2101.02756  0
 0.080  0.080  0      1923.31964  0
 0.080  0.099  0      2435.25861  0
 0.080  0.119  0      1762.21682  0
 0.080  0.139  0      2165.10738  0
 0.080  0.159  0      1730.50005  0
 0.080  0.179  0      1536.08901  0
 0.080  0.199  0      1131.42196  0
 0.080  0.219  0       776.95306  0
 0.080  0.239  0       548.17948  0
 0.080  0.259  0       551.95552  0
 0.080  0.279  0       773.67892  0
 0.080  0.299  0      1052.42803  0
 0.080  0.319  0      1119.14972  0
 0.080  0.339  0       731.49404  0
 0.080  0.359  0         0.00000  0
 0.080  0.379  0         0.00000  0
 0.080  0.399  0         0.00000  0
 0.080  0.419  0         0.00000  0
 0.080  0.439  0         0.00000  0
 0.080  0.459  0         0.00000  0
 0.080  0.479  0         0.00000  0
 0.080  0.499  0         0.00000  0
 0.100 -0.060 -1         0.00000  0
 0.100 -0.040 -1         0.00000  0
 0.100 -0.020  1         0.00000  0
 0.100  0.000  1      2492.04850  0
 0.100  0.020  0      2541.77761  0
 0.100  0.040  0      2643.59860  0
 0.100  0.059  0      2374.75682  0
 0.100  0.080  0      1978.26864  0
 0.100  0.099  0      2484.44144  0
 0.100  0.119  0      1686.55048  0
 0.100  0.139  0      2037.35987  0
 0.100  0.159  0      1589.12227  0
 0.100  0.179  0      1427.24573  0
 0.100  0.199  0      1062.41154  0
 0.100  0.219  0       742.59988  0
 0.100  0.239  0       500.58699  0
 0.100  0.259  0       452.37709  0
 0.100  0.279  0       629.88574  0
 0.100  0.299  0       921.62828  0
 0.100  0.319  0      1080.26417  0
 0.100  0.339  0       831.70024  0
 0.100  0.359  0       144.61320  0
 0.100  0.379  0         0.00000  0
 0.100  0.399  0         0.00000  0
 0.100  0.419  0         0.00000  0
 0.100  0.439  0         0.00000  0
 0.100  0.459  0         0.00000  0
 0.100  0.479  0         0.00000  0
 0.100  0.499  0         0.00000  0
 0.120 -0.060 -1         0.00000  0
 0.120 -0.040 -1         0.00000  0
 0.120 -0.020  1         0.00000  0
 0.120  0.000  1      2149.03222  0
 0.120  0.020  0      2152.25547  0
 0.120  0.040  0      2266.11623  0
 0.120  0.059  0      1920.45687  0
 0.120  0.080  0      1635.73062  0
 0.120  0.099  0      2188.74482  0
 0.120  0.119  0      1405.37690  0
 0.120  0.139  0      1793.95810  0
 0.120  0.159  0      1378.32424  0
 0.120  0.179  0      1246.22086  0
 0.120  0.199  0       907.27736  0
 0.120  0.219  0       612.91694  0
 0.120  0.239  0       397.27508  0
 0.120  0.259  0       374.00694  0
 0.120  0.279  0       573.37842  0
 0.120  0.299  0       881.74304  0
 0.120  0.319  0      1047.26317  0
 0.120  0.339  0       800.29027  0
 0.120  0.359  0       122.73846  0
 0.120  0.379  0         0.00000  0
 0.120  0.399  0         0.00000  0
 0.120  0.419  0         0.00000  0
 0.120  0.439  0         0.00000  0
 0.120  0.459  0         0.00000  0
 0.120  0.479  0         0.00000  0
 0.120  0.499  0         0.00000  0
 0.140 -0.060 -1         0.00000  0
 0.140 -0.040 -1         0.00000  0
 0.140 -0.020  1         0.00000  0
 0.140  0.000  1      1838.71441  0
 0.140  0.020  0      1677.74103  0
 0.140  0.040  0      1836.77147  0
 0.140  0.059  0      1522.70835  0
 0.140  0.080  0      1264.01499  0
 0.140  0.099  0      1828.12901  0
 0.140  0.119  0      1153.08035  0
 0.140  0.139  0      1582.36805  0
 0.140  0.159  0      1181.55186  0
 0.140  0.179  0      1035.54592  0
 0.140  0.199  0       682.92757  0
 0.140  0.219  0       397.95572  0
 0.140  0.239  0       248.29157  0
 0.140  0.259  0       330.95881  0
 0.140  0.279  0       615.17047  0
 0.140  0.299  0       932.54339  0
 0.140  0.319  0      1014.46471  0
 0.140  0.339  0       638.21280  0
 0.140  0.359  0         0.00000  0
 0.140  0.379  0         0.00000  0
 0.140  0.399  0         0.00000  0
 0.140  0.419  0         0.00000  0
 0.140  0.439  0         0.00000  0
 0.140  0.459  0         0.00000  0
 0.140  0.479  0         0.00000  0
 0.140  0.499  0         0.00000  0
 0.160 -0.060 -1         0.00000  0
 0.160 -0.040 -1         0.00000  0
 0.160 -0.020  1         0.00000  0
 0.160  0.000  1      1531.44969  0
 0.161  0.020  0      1275.49836  0
 0.160  0.040  0      1465.29029  0
 0.160  0.059  0      1366.82927  0
 0.160  0.080  0      1406.00945  0
 0.160  0.099  0      1984.97451  0
 0.160  0.119  0      1263.59159  0
 0.160  0.139  0      1551.21232  0
 0.160  0.159  0      1007.03917  0
 0.160  0.179  0       725.78741  0
 0.160  0.199  0       353.20195  0
 0.160  0.219  0       168.11360  0
 0.160  0.239  0       198.72373  0
 0.160  0.259  0       461.44467  0
 0.160  0.279  0       817.22148  0
 0.160  0.299  0      1018.28014  0
 0.160  0.319  0       846.35407  0
 0.160  0.339  0       266.60637  0
 0.160  0.359  0         0.00000  0
 0.160  0.379  0         0.00000  0
 0.160  0.399  0         0.00000  0
 0.160  0.419  0         0.00000  0
 0.160  0.439  0         0.00000  0
 0.160  0.459  0         0.00000  0
 0.160  0.479  0         0.00000  0
 0.160  0.499  0         0.00000  0
 0.180 -0.060 -1         0.00000  0
 0.180 -0.040 -1         0.00000  0
 0.180 -0.020  1         0.00000  0
 0.180  0.000  1      1616.12892  0
 0.181  0.020  0      1577.54303  0
 0.181  0.040  0      2084.52186  0
 0.181  0.059  0      1455.14135  0
 0.180  0.079  0      1175.95890  0
 0.180  0.099  0      1545.33042  0
 0.180  0.119  0       601.16222  0
 0.180  0.139  0       697.08786  0
 0.180  0.159  0       202.15841  0
 0.180  0.179  0        75.73404  0
 0.180  0.199  0         0.99905  0
 0.180  0.219  0       149.85263  0
 0.180  0.239  0       443.89705  0
 0.180  0.259  0       785.16816  0
 0.180  0.279  0       968.12094  0
 0.180  0.299  0       807.82836  0
 0.180  0.319  0       294.57913  0
 0.180  0.339  0         0.00000  0
 0.180  0.359  0         0.00000  0
 0.180  0.379  0         0.00000  0
 0.180  0.399  0         0.00000  0
 0.180  0.419  0         0.00000  0
 0.180  0.439  0         0.00000  0
 0.180  0.459  0         0.00000  0
 0.180  0.479  0         0.00000  0
 0.180  0.499  0         0.00000  0
 0.200 -0.060 -1         0.00000  0
 0.200 -0.040 -1         0.00000  0
 0.200 -0.020  1         0.00000  0
 0.200  0.000  1       835.35340  0
 0.201  0.020  0       200.44665  0
 0.201  0.040  0       889.93282  0
 0.201  0.059  0       308.79717  0
 0.201  0.079  0         0.00000  0
 0.201  0.099  0       515.66661  0
 0.200  0.119  0        15.50034  0
 0.200  0.139  0       405.13852  0
 0.200  0.159  0       351.65949  0
 0.200  0.179  0       514.34565  0
 0.200  0.199  0       594.81277  0
 0.200  0.219  0       720.75656  0
 0.200  0.239  0       836.26662  0
 0.200  0.259  0       836.59571  0
 0.200  0.279  0       595.18529  0
 0.200  0.299  0        91.74033  0
 0.200  0.319  0         0.00000  0
 0.200  0.339  0         0.00000  0
 0.200  0.359  0         0.00000  0
 0.200  0.379  0         0.00000  0
 0.200  0.399  0         0.00000  0
 0.200  0.419  0         0.00000  0
 0.200  0.439  0         0.00000  0
 0.200  0.459  0         0.00000  0
 0.200  0.479  0         0.00000  0
 0.200  0.499  0         0.00000  0
 0.220 -0.060 -1         0.00000  0
 0.220 -0.040 -1         0.00000  0
 0.220 -0.020  1         0.00000  0
 0.220  0.000  1      1368.15367  0
 0.222  0.020  0       674.50745  0
 0.221  0.039  0       931.77469  0
 0.221  0.059  0       776.88928  0
 0.221  0.079  0       494.94149  0
 0.221  0.099  0       990.21360  0
 0.221  0.119  0       700.52878  0
 0.220  0.139  0       949.51078  0
 0.220  0.159  0       773.82542  0
 0.220  0.179  0       556.71821  0
 0.220  0.199  0       149.26437  0
 0.220  0.219  0         0.00000  0
 0.220  0.239  0         0.00000  0
 0.220  0.259  0         0.00000  0
 0.220  0.279  0         0.00000  0
 0.220  0.299  0         0.00000  0
 0.220  0.319  0         0.00000  0
 0.220  0.339  0         0.00000  0
 0.220  0.359  0         0.00000  0
 0.220  0.379  0         0.00000  0
 0.220  0.399  0         0.00000  0
 0.220  0.419  0         0.00000  0
 0.220  0.439  0         0.00000  0
 0.220  0.459  0         0.00000  0
 0.220  0.479  0         0.00000  0
 0.220  0.499  0         0.00000  0
 0.240 -0.060 -1         0.00000  0
 0.240 -0.040 -1         0.00000  0
 0.240 -0.020  1         0.00000  0
 0.240  0.000  1         0.00000  0
 0.241  0.019  0         0.00000  0
 0.241  0.039  0         0.00000  0
 0.241  0.059  0         0.00000  0
 0.240  0.079  0         0.00000  0
 0.240  0.099  0         0.00000  0
 0.240  0.119  0         0.00000  0
 0.240  0.139  0         0.00000  0
 0.240  0.159  0         0.00000  0
 0.240  0.179  0         0.00000  0
 0.240  0.199  0         0.00000  0
 0.240  0.219  0         0.00000  0
 0.240  0.239  0         0.00000  0
 0.240  0.259  0         0.00000  0
 0.240  0.279  0         0.00000  0
 0.240  0.299  0         0.00000  0
 0.240  0.319  0         0.00000  0
 0.240  0.339  0         0.00000  0
 0.240  0.359  0         0.00000  0
 0.240  0.379  0         0.00000  0
 0.240  0.399  0         0.00000  0
 0.240  0.419  0         0.00000  0
 0.240  0.439  0         0.00000  0
 0.240  0.459  0         0.00000  0
 0.240  0.479  0         0.00000  0
 0.240  0.499  0         0.00000  0
 0.260 -0.060 -1         0.00000  0
 0.260 -0.040 -1         0.00000  0
 0.260 -0.020  1         0.00000  0
 0.260  0.000  1         0.00000  0
 0.280 -0.060 -1         0.00000  0
 0.280 -0.040 -1         0.00000  0
 0.280 -0.020  1         0.00000  0
 0.280  0.000  1         0.00000  0
 0.300 -0.060 -1         0.00000  0
 0.300 -0.040 -1         0.00000  0
 0.300 -0.020  1         0.00000  0
 0.300  0.000  1         0.00000  0
 0.320 -0.060 -1         0.00000  0
 0.320 -0.040 -1         0.00000  0
 0.320 -0.020  1         0.00000  0
 0.320  0.000  1         0.00000  0
 0.340 -0.060 -1         0.00000  0
 0.340 -0.040 -1         0.00000  0
 0.340 -0.020  1         0.00000  0
 0.340  0.000  1         0.00000  0
 0.360 -0.060 -1         0.00000  0
 0.360 -0.040 -1         0.00000  0
 0.360 -0.020  1         0.00000  0
 0.360  0.000  1         0.00000  0
 0.380 -0.060 -1         0.00000  0
 0.380 -0.040 -1         0.00000  0
 0.380 -0.020  1         0.00000  0
 0.380  0.000  1         0.00000  0
 0.400 -0.060 -1         0.00000  0
 0.400 -0.040 -1         0.00000  0
 0.400 -0.020  1         0.00000  0
 0.400  0.000  1         0.00000  0
 0.420 -0.060 -1         0.00000  0
 0.420 -0.040 -1         0.00000  0
 0.420 -0.020  1         0.00000  0
 0.420  0.000  1         0.00000  0
 0.440 -0.060 -1         0.00000  0
 0.440 -0.040 -1         0.00000  0
 0.440 -0.020  1         0.00000  0
 0.440  0.000  1         0.00000  0
 0.460 -0.060 -1         0.00000  0
 0.460 -0.040 -1         0.00000  0
 0.460 -0.020  1         0.00000  0
 0.460  0.000  1         0.00000  0
 0.480 -0.060 -1         0.00000  0
 0.480 -0.040 -1         0.00000  0
 0.480 -0.020  1         0.00000  0
 0.480  0.000  1         0.00000  0
 0.500 -0.060 -1         0.00000  0
 0.500 -0.040 -1         0.00000  0
 0.500 -0.020  1         0.00000  0
 0.500  0.000  1         0.00000  0
 0.520 -0.060 -1         0.00000  0
 0.520 -0.040 -1         0.00000  0
 0.520 -0.020  1         0.00000  0
 0.520  0.000  1         0.00000  0
 0.540 -0.060 -1         0.00000  0
 0.540 -0.040 -1         0.00000  0
 0.540 -0.020  1         0.00000  0
 0.540  0.000  1         0.00000  0
 0.560 -0.060 -1         0.00000  0
 0.560 -0.040 -1         0.00000  0
 0.560 -0.020  1         0.00000  0
 0.560  0.000  1         0.00000  0
 0.580 -0.060 -1         0.00000  0
 0.580 -0.040 -1         0.00000  0
 0.580 -0.020  1         0.00000  0
 0.580  0.000  1         0.00000  0
 0.600 -0.060 -1         0.00000  0
 0.600 -0.040 -1         0.00000  0
 0.600 -0.020  1         0.00000  0
 0.600  0.000  1         0.00000  0
 0.620 -0.060 -1         0.00000  0
 0.620 -0.040 -1         0.00000  0
 0.620 -0.020  1         0.00000  0
 0.620  0.000  1         0.00000  0
 0.640 -0.060 -1         0.00000  0
 0.640 -0.040 -1         0.00000  0
 0.640 -0.020  1         0.00000  0
 0.640  0.000  1         0.00000  0
 0.660 -0.060 -1         0.00000  0
 0.660 -0.040 -1         0.00000  0
 0.660 -0.020  1         0.00000  0
 0.660  0.000  1         0.00000  0
 0.680 -0.060 -1         0.00000  0
 0.680 -0.040 -1         0.00000  0
 0.680 -0.020  1         0.00000  0
 0.680  0.000  1         0.00000  0
 0.700 -0.060 -1         0.00000  0
 0.700 -0.040 -1         0.00000  0
 0.700 -0.020  1         0.00000  0
 0.700  0.000  1         0.00000  0
 0.720 -0.060 -1         0.00000  0
 0.720 -0.040 -1         0.00000  0
 0.720 -0.020  1         0.00000  0
 0.720  0.000  1         0.00000  0
 0.740 -0.060 -1         0.00000  0
 0.740 -0.040 -1         0.00000  0
 0.740 -0.020  1         0.00000  0
 0.740  0.000  1         0.00000  0
 0.760 -0.060 -1         0.00000  0
 0.760 -0.040 -1         0.00000  0
 0.760 -0.020  1         0.00000  0
 0.760  0.000  1         0.00000  0
 0.780 -0.060 -1         0.00000  0
 0.780 -0.040 -1         0.00000  0
 0.780 -0.020  1         0.00000  0
 0.780  0.000  1         0.00000  0
 0.800 -0.060 -1         0.00000  0
 0.800 -0.040 -1         0.00000  0
 0.800 -0.020  1         0.00000  0
 0.800  0.000  1         0.00000  0
 0.820 -0.060 -1         0.00000  0
 0.820 -0.040 -1         0.00000  0
 0.820 -0.020  1         0.00000  0
 0.820  0.000  1         0.00000  0
 0.840 -0.060 -1         0.00000  0
 0.840 -0.040 -1         0.00000  0
 0.840 -0.020  1         0.00000  0
 0.840  0.000  1         0.00000  0
 0.860 -0.060 -1         0.00000  0
 0.860 -0.040 -1         0.00000  0
 0.860 -0.020  1         0.00000  0
 0.860  0.000  1         0.00000  0
 0.880 -0.060 -1         0.00000  0
 0.880 -0.040 -1         0.00000  0
 0.880 -0.020  1         0.00000  0
 0.880  0.000  1         0.00000  0
 0.900 -0.060 -1         0.00000  0
 0.900 -0.040 -1         0.00000  0
 0.900 -0.020  1         0.00000  0
 0.900  0.000  1         0.00000  0
 0.920 -0.060 -1         0.00000  0
 0.920 -0.040 -1         0.00000  0
 0.920 -0.020  1         0.00000  0
 0.920  0.000  1         0.00000  0
 0.940 -0.060 -1         0.00000  0
 0.940 -0.040 -1         0.00000  0
 0.940 -0.020  1         0.00000  0
 0.940  0.000  1         0.00000  0
 0.960 -0.060 -1         0.00000  0
 0.960 -0.040 -1         0.00000  0
 0.960 -0.020  1         0.00000  0
 0.960  0.000  1         0.00000  0
 0.980 -0.060 -1         0.00000  0
 0.980 -0.040 -1         0.00000  0
 0.980 -0.020  1         0.00000  0
 0.980  0.000  1         0.00000  0
 1.000 -0.060 -1         0.00000  0
 1.000 -0.040 -1         0.00000  0
 1.000 -0.020  1         0.00000  0
 1.000  0.000  1         0.00000  0
 1.020 -0.060 -1         0.00000  0
 1.020 -0.040 -1         0.00000  0
 1.020 -0.020  1         0.00000  0
 1.020  0.000  1         0.00000  0
 1.020  0.020  1         0.00000  0
 1.020  0.040  1         0.00000  0
 1.020  0.060  1         0.00000  0
 1.020  0.080  1         0.00000  0
 1.020  0.100  1         0.00000  0
 1.020  0.120  1         0.00000  0
 1.020  0.140  1         0.00000  0
 1.020  0.160  1         0.00000  0
 1.020  0.180  1         0.00000  0
 1.020  0.200  1         0.00000  0
 1.020  0.220  1         0.00000  0
 1.020  0.240  1         0.00000  0
 1.020  0.260  1         0.00000  0
 1.020  0.280  1         0.00000  0
 1.020  0.300  1         0.00000  0
 1.020  0.320  1         0.00000  0
 1.020  0.340  1         0.00000  0
 1.020  0.360  1         0.00000  0
 1.020  0.380  1         0.00000  0
 1.020  0.400  1         0.00000  0
 1.020  0.420  1         0.00000  0
 1.020  0.440  1         0.00000  0
 1.020  0.460  1         0.00000  0
 1.020  0.480  1         0.00000  0
 1.020  0.500  1         0.00000  0
 1.020  0.520  1         0.00000  0
 1.020  0.540  1         0.00000  0
 1.020  0.560  1         0.00000  0
 1.020  0.580  1         0.00000  0
 1.020  0.600  1         0.00000  0
 1.040 -0.060 -1         0.00000  0
 1.040 -0.040 -1         0.00000  0
 1.040 -0.020  1         0.00000  0
 1.040  0.000  1         0.00000  0
 1.040  0.020  1         0.00000  0
 1.040  0.040  1         0.00000  0
 1.040  0.060  1         0.00000  0
 1.040  0.080  1         0.00000  0
 1.040  0.100  1         0.00000  0
 1.040  0.120  1         0.00000  0
 1.040  0.140  1         0.00000  0
 1.040  0.160  1         0.00000  0
 1.040  0.180  1         0.00000  0
 1.040  0.200  1         0.00000  0
 1.040  0.220  1         0.00000  0
 1.040  0.240  1         0.00000  0
 1.040  0.260  1         0.00000  0
 1.040  0.280  1         0.00000  0
 1.040  0.300  1         0.00000  0
 1.040  0.320  1         0.00000  0
 1.040  0.340  1         0.00000  0
 1.040  0.360  1         0.00000  0
 1.040  0.380  1         0.00000  0
 1.040  0.400  1         0.00000  0
 1.040  0.420  1         0.00000  0
 1.040  0.440  1         0.00000  0
 1.040  0.460  1         0.00000  0
 1.040  0.480  1         0.00000  0
 1.040  0.500  1         0.00000  0
 1.040  0.520  1         0.00000  0
 1.040  0.540  1         0.00000  0
 1.040  0.560  1         0.00000  0
 1.040  0.580  1         0.00000  0
 1.040  0.600  1         0.00000  0
 1.060 -0.060 -1         0.00000  0
 1.060 -0.040 -1         0.00000  0
 1.060 -0.020 -1         0.00000  0
 1.060  0.000 -1         0.00000  0
 1.060  0.020 -1         0.00000  0
 1.060  0.040 -1         0.00000  0
 1.060  0.060 -1         0.00000  0
 1.060  0.080 -1         0.00000  0
 1.060  0.100 -1         0.00000  0
 1.060  0.120 -1         0.00000  0
 1.060  0.140 -1         0.00000  0
 1.060  0.160 -1         0.00000  0
 1.060  0.180 -1         0.00000  0
 1.060  0.200 -1         0.00000  0
 1.060  0.220 -1         0.00000  0
 1.060  0.240 -1         0.00000  0
 1.060  0.260 -1         0.00000  0
 1.060  0.280 -1         0.00000  0
 1.060  0.300 -1         0.00000  0
 1.060  0.320 -1         0.00000  0
 1.060  0.340 -1         0.00000  0
 1.060  0.360 -1         0.00000  0
 1.060  0.380 -1         0.00000  0
 1.060  0.400 -1         0.00000  0
 1.060  0.420 -1         0.00000  0
 1.060  0.440 -1         0.00000  0
 1.060  0.460 -1         0.00000  0
 1.060  0.480 -1         0.00000  0
 1.060  0.500 -1         0.00000  0
 1.060  0.520 -1         0.00000  0
 1.060  0.540 -1         0.00000  0
 1.060  0.560 -1         0.00000  0
 1.060  0.580  1         0.00000  0
 1.060  0.600  1         0.00000  0
 1.080 -0.060 -1         0.00000  0
 1.080 -0.040 -1         0.00000  0
 1.080 -0.020 -1         0.00000  0
 1.080  0.000 -1         0.00000  0
 1.080  0.020 -1         0.00000  0
 1.080  0.040 -1         0.00000  0
 1.080  0.060 -1         0.00000  0
 1.080  0.080 -1         0.00000  0
 1.080  0.100 -1         0.00000  0
 1.080  0.120 -1         0.00000  0
 1.080  0.140 -1         0.00000  0
 1.080  0.160 -1         0.00000  0
 1.080  0.180 -1         0.00000  0
 1.080  0.200 -1         0.00000  0
 1.080  0.220 -1         0.00000  0
 1.080  0.240 -1         0.00000  0
 1.080  0.260 -1         0.00000  0
 1.080  0.280 -1         0.00000  0
 1.080  0.300 -1         0.00000  0
 1.080  0.320 -1         0.00000  0
 1.080  0.340 -1         0.00000  0
 1.080  0.360 -1         0.00000  0
 1.080  0.380 -1         0.00000  0
 1.080  0.400 -1         0.00000  0
 1.080  0.420 -1         0.00000  0
 1.080  0.440 -1         0.00000  0
 1.080  0.460 -1         0.00000  0
 1.080  0.480 -1         0.00000  0
 1.080  0.500 -1         0.00000  0
 1.080  0.520 -1         0.00000  0
 1.080  0.540 -1         0.00000  0
 1.080  0.560 -1         0.00000  0
 1.080  0.580  1         0.00000  0
 1.080  0.600  1         0.00000  0
