-0.075 -0.075 -1         0.00000  0
-0.075 -0.050 -1         0.00000  0
-0.075 -0.025 -1         0.00000  0
-0.075  0.000 -1         0.00000  0
-0.075  0.025 -1         0.00000  0
-0.075  0.050 -1         0.00000  0
-0.075  0.075 -1         0.00000  0
-0.075  0.100 -1         0.00000  0
-0.075  0.125 -1         0.00000  0
-0.075  0.150 -1         0.00000  0
-0.075  0.175 -1         0.00000  0
-0.075  0.200 -1         0.00000  0
-0.075  0.225 -1         0.00000  0
-0.075  0.250 -1         0.00000  0
-0.075  0.275 -1         0.00000  0
-0.075  0.300 -1         0.00000  0
-0.075  0.325 -1         0.00000  0
-0.075  0.350 -1         0.00000  0
-0.075  0.375 -1         0.00000  0
-0.075  0.400 -1         0.00000  0
-0.075  0.425 -1         0.00000  0
-0.075  0.450 -1         0.00000  0
-0.075  0.475 -1         0.00000  0
-0.075  0.500 -1         0.00000  0
-0.075  0.525 -1         0.00000  0
-0.075  0.550 -1         0.00000  0
-0.075  0.575  1         0.00000  0
-0.075  0.600  1         0.00000  0
-0.050 -0.075 -1         0.00000  0
-0.050 -0.050 -1         0.00000  0
-0.050 -0.025 -1         0.00000  0
-0.050  0.000 -1         0.00000  0
-0.050  0.025 -1         0.00000  0
-0.050  0.050 -1         0.00000  0
-0.050  0.075 -1         0.00000  0
-0.050  0.100 -1         0.00000  0
-0.050  0.125 -1         0.00000  0
-0.050  0.150 -1         0.00000  0
-0.050  0.175 -1         0.00000  0
-0.050  0.200 -1         0.00000  0
-0.050  0.225 -1         0.00000  0
-0.050  0.250 -1         0.00000  0
-0.050  0.275 -1         0.00000  0
-0.050  0.300 -1         0.00000  0
-0.050  0.325 -1         0.00000  0
-0.050  0.350 -1         0.00000  0
-0.050  0.375 -1         0.00000  0
-0.050  0.400 -1         0.00000  0
-0.050  0.425 -1         0.00000  0
-0.050  0.450 -1         0.00000  0
-0.050  0.475 -1         0.00000  0
-0.050  0.500 -1         0.00000  0
-0.050  0.525 -1         0.00000  0
-0.050  0.550 -1         0.00000  0
-0.050  0.575  1         0.00000  0
-0.050  0.600  1         0.00000  0
-0.025 -0.075 -1         0.00000  0
-0.025 -0.050 -1         0.00000  0
-0.025 -0.025  1         0.00000  0
-0.025  0.000  1         0.00000  0
-0.025  0.025  1         0.00000  0
-0.025  0.050  1         0.00000  0
-0.025  0.075  1         0.00000  0
-0.025  0.100  1         0.00000  0
-0.025  0.125  1         0.00000  0
-0.025  0.150  1         0.00000  0
-0.025  0.175  1         0.00000  0
-0.025  0.200  1         0.00000  0
-0.025  0.225  1         0.00000  0
-0.025  0.250  1         0.00000  0
-0.025  0.275  1         0.00000  0
-0.025  0.300  1         0.00000  0
-0.025  0.325  1         0.00000  0
-0.025  0.350  1         0.00000  0
-0.025  0.375  1         0.00000  0
-0.025  0.400  1         0.00000  0
-0.025  0.425  1         0.00000  0
-0.025  0.450  1         0.00000  0
-0.025  0.475  1         0.00000  0
-0.025  0.500  1         0.00000  0
-0.025  0.525  1         0.00000  0
-0.025  0.550  1         0.00000  0
-0.025  0.575  1         0.00000  0
-0.025  0.600  1         0.00000  0
 0.000 -0.075 -1         0.00000  0
 0.000 -0.050 -1         0.00000  0
 0.000 -0.025  1         0.00000  0
 0.000  0.000  1         0.00000  0
 0.000  0.025  1         0.00000  0
 0.000  0.050  1       452.17785  0
 0.000  0.075  1         0.00000  0
 0.000  0.100  1         0.00000  0
 0.000  0.125  1         0.00000  0
 0.000  0.150  1         0.00000  0
 0.000  0.175  1         0.00000  0
 0.000  0.200  1         0.00000  0
 0.000  0.225  1         0.00000  0
 0.000  0.250  1         0.00000  0
 0.000  0.275  1         0.00000  0
 0.000  0.300  1         0.00000  0
 0.000  0.325  1         0.00000  0
 0.000  0.350  1         0.00000  0
 0.000  0.375  1         0.00000  0
 0.000  0.400  1         0.00000  0
 0.000  0.425  1         0.00000  0
 0.000  0.450  1         0.00000  0
 0.000  0.475  1         0.00000  0
 0.000  0.500  1         0.00000  0
 0.000  0.525  1         0.00000  0
 0.000  0.550  1         0.00000  0
 0.000  0.575  1         0.00000  0
 0.000  0.600  1         0.00000  0
 0.025 -0.075 -1         0.00000  0
 0.025 -0.050 -1         0.00000  0
 0.025 -0.025  1         0.00000  0
 0.025  0.000  1         0.00000  0
 0.085  0.019  0         0.00000  0
 0.260  0.055  0       239.12033  0
 0.129  0.026  0       720.49722  0
 0.312  0.102  0         0.00000  0
 0.023  0.030  0         0.00000  0
 0.108  0.030  0      1302.83656  0
 0.043  0.021  0       465.50517  0
 0.243  0.025  0       200.17801  0
 0.149  0.027  0      1503.51001  0
 0.105  0.051  0         0.00000  0
 0.116  0.073  0       332.97195  0
 0.019  0.062  0         0.00000  0
 0.048  0.049  0       432.27120  0
 0.044  0.100  0         0.00000  0
 0.042  0.073  0        45.78732  0
 0.075  0.077  0         0.00000  0
 0.107  0.100  0         0.00000  0
 0.134  0.088  0         0.00000  0
 0.153  0.071  0       642.07777  0
 0.019  0.106  0         0.00000  0
 0.050 -0.075 -1         0.00000  0
 0.050 -0.050 -1         0.00000  0
 0.050 -0.025  1         0.00000  0
 0.050  0.000  1       920.74733  0
 0.172  0.022  0      1833.51464  0
 0.284  0.032  0         0.00000  0
 0.346  0.071  0       882.22240  0
 0.304  0.053  0      1016.12081  0
 0.264  0.025  0      1224.50050  0
 0.226  0.046  0       687.16260  0
 0.294  0.069  0         0.00000  0
 0.323  0.133  0         0.00000  0
 0.149  0.055  0       142.53922  0
 0.193  0.031  0         0.00000  0
 0.178  0.052  0         0.00000  0
 0.364  0.053  0         0.00000  0
 0.064  0.040  0         0.00000  0
 0.258  0.069  0       123.69901  0
 0.084  0.057  0      1457.31230  0
 0.055  0.090  0         0.00000  0
 0.236  0.097  0         0.00000  0
 0.098  0.084  0         0.00000  0
 0.169  0.092  0         0.00000  0
 0.179  0.078  0       627.62183  0
 0.075 -0.075 -1         0.00000  0
 0.075 -0.050 -1         0.00000  0
 0.075 -0.025  1         0.00000  0
 0.075  0.000  1       698.91150  0
 0.305  0.024  0      1260.48347  0
 0.216  0.028  0      1840.81594  0
 0.534  0.025  0         0.00000  0
 0.329  0.025  0       240.83086  0
 0.433  0.028  0       526.96839  0
 0.326  0.054  0         0.00000  0
 0.395  0.021  0         0.00000  0
 0.315  0.080  0         0.00000  0
 0.351  0.031  0       872.42327  0
 0.329  0.108  0         0.00000  0
 0.370  0.023  0      1185.10533  0
 0.203  0.060  0       236.76034  0
 0.453  0.055  0         0.00000  0
 0.341  0.088  0         0.00000  0
 0.229  0.071  0      1226.10201  0
 0.252  0.092  0         0.00000  0
 0.444  0.072  0         0.00000  0
 0.203  0.082  0         0.00000  0
 0.394  0.076  0         0.00000  0
 0.222  0.104  0         0.00000  0
 0.100 -0.075 -1         0.00000  0
 0.100 -0.050 -1         0.00000  0
 0.100 -0.025  1         0.00000  0
 0.100  0.000  1      1002.63320  0
 0.701  0.024  0      1726.21791  0
 0.678  0.022  0       930.96992  0
 0.624  0.025  0         0.00000  0
 0.486  0.022  0       157.79744  0
 0.565  0.025  0       316.05258  0
 0.508  0.030  0         0.00000  0
 0.611  0.060  0         0.00000  0
 0.685  0.049  0         0.00000  0
 0.595  0.063  0         0.00000  0
 0.543  0.062  0         0.00000  0
 0.716  0.073  0         0.00000  0
 0.453  0.022  0         0.00000  0
 0.594  0.022  0       239.84295  0
 0.553  0.089  0         0.00000  0
 0.487  0.043  0       563.09750  0
 0.411  0.038  0         0.00000  0
 0.428  0.100  0         0.00000  0
 0.374  0.074  0         0.00000  0
 0.474  0.065  0         0.00000  0
 0.391  0.058  0      2080.47696  0
 0.125 -0.075 -1         0.00000  0
 0.125 -0.050 -1         0.00000  0
 0.125 -0.025  1         0.00000  0
 0.125  0.000  1       114.27791  0
 0.790  0.031  0         0.00000  0
 0.813  0.058  0       298.96469  0
 0.812  0.023  0       890.82993  0
 0.652  0.027  0         0.00000  0
 0.851  0.073  0         0.00000  0
 0.910  0.071  0         0.00000  0
 0.893  0.029  0      1637.26571  0
 0.861  0.021  0         0.00000  0
 0.829  0.091  0         0.00000  0
 0.745  0.025  0         0.00000  0
 0.763  0.023  0       594.48280  0
 0.766  0.057  0         0.00000  0
 0.595  0.042  0         0.00000  0
 0.686  0.075  0         0.00000  0
 0.553  0.036  0         0.00000  0
 0.429  0.052  0      1246.53285  0
 0.520  0.091  0         0.00000  0
 0.414  0.081  0         0.00000  0
 0.505  0.063  0         0.00000  0
 0.483  0.078  0         0.00000  0
 0.150 -0.075 -1         0.00000  0
 0.150 -0.050 -1         0.00000  0
 0.150 -0.025  1         0.00000  0
 0.150  0.000  1       708.57798  0
 0.989  0.107  0       602.10042  0
 0.878  0.042  0      1381.04559  0
 0.985  0.053  0       883.59410  0
 0.940  0.155  0         0.00000  0
 0.952  0.264  0         0.00000  1
 0.922  0.043  0         0.00000  0
 0.914  0.021  0      1869.20407  0
 0.834  0.026  0       181.44541  0
 0.915  0.107  0         0.00000  0
 0.861  0.056  0      1135.07432  0
 0.837  0.050  0      2051.67188  0
 0.821  0.074  0         0.00000  0
 0.725  0.036  0         0.00000  0
 0.641  0.044  0        81.63967  0
 0.671  0.063  0         0.00000  0
 0.563  0.099  0         0.00000  0
 0.635  0.061  0         0.00000  0
 0.583  0.093  0         0.00000  0
 0.516  0.101  0         0.00000  0
 0.526  0.056  0         0.00000  0
 0.175 -0.075 -1         0.00000  0
 0.175 -0.050 -1         0.00000  0
 0.175 -0.025  1         0.00000  0
 0.175  0.000  1      1604.58170  0
 1.001  0.142  0         0.00000  0
 1.004  0.098  0      1049.97814  0
 0.960  0.256  0         0.00000  1
 0.972  0.313  0         0.00000  0
 0.935  0.236  0         0.00000  1
 1.005  0.307  0         0.00000  0
 0.921  0.347  0         0.00000  0
 0.923  0.084  0      1436.14115  0
 0.954  0.057  0      1432.51048  0
 0.949  0.176  0         0.00000  0
 0.993  0.171  0         0.00000  0
 0.986  0.153  0         0.00000  0
 0.971  0.095  0      1977.02464  0
 0.891  0.100  0       793.12251  0
 0.907  0.129  0         0.00000  0
 0.783  0.089  0         0.00000  0
 0.865  0.096  0         0.00000  0
 0.711  0.048  0       754.01623  0
 0.747  0.072  0         0.00000  0
 0.719  0.091  0         0.00000  0
 0.200 -0.075 -1         0.00000  0
 0.200 -0.050 -1         0.00000  0
 0.200 -0.025  1         0.00000  0
 0.200  0.000  1         0.00000  0
 0.984  0.208  0         0.00000  0
 1.003  0.031  0      1231.67339  0
 0.993  0.293  0         0.00000  0
 0.970  0.421  0         0.00000  0
 0.997  0.238  0         0.00000  0
 0.982  0.025  0      1084.63759  0
 0.905  0.303  0         0.00000  0
 0.977  0.484  0         0.00000  0
 0.907  0.367  0         0.00000  0
 0.873  0.224  0         0.00000  0
 0.965  0.132  0         0.00000  0
 0.958  0.021  0      1549.20720  0
 0.973  0.071  0       718.25714  0
 0.941  0.077  0         0.00000  0
 0.945  0.192  0         0.00000  0
 0.953  0.106  0         0.00000  0
 0.950  0.130  0      1441.57297  0
 0.923  0.137  0         0.00000  0
 0.871  0.108  0         0.00000  0
 0.760  0.077  0         0.00000  0
 0.225 -0.075 -1         0.00000  0
 0.225 -0.050 -1         0.00000  0
 0.225 -0.025  1         0.00000  0
 0.225  0.000  1         0.00000  0
 1.002  0.411  0         0.00000  0
 0.873  0.589  0         0.00000  0
 0.823  0.876  0         0.00000  0
 0.856  0.765  0         0.00000  0
 0.979  0.466  0         0.00000  0
 0.980  0.353  0         0.00000  0
 0.990  0.780  0         0.00000  0
 0.998  0.258  0         0.00000  0
 0.931  0.314  0         0.00000  1
 1.005  0.190  0         0.00000  0
 0.897  0.241  0         0.00000  0
 0.922  0.310  0         0.00000  1
 0.996  0.395  0         0.00000  0
 0.989  0.275  0         0.00000  0
 0.875  0.256  0         0.00000  0
 0.959  0.213  0         0.00000  0
 0.942  0.039  0      1332.75187  0
 0.902  0.205  0         0.00000  0
 0.890  0.067  0         0.00000  0
 0.788  0.051  0         0.00000  0
 0.250 -0.075 -1         0.00000  0
 0.250 -0.050 -1         0.00000  0
 0.250 -0.025  1         0.00000  0
 0.250  0.000  1       275.23930  0
 0.927  0.954  0         0.00000  0
 0.954  0.980  0         0.00000  0
 0.888  0.810  0         0.00000  0
 0.895  0.369  0         0.00000  0
 1.004  0.064  0      1362.13209  0
 0.886  0.895  0         0.00000  0
 0.855  0.374  0         0.00000  0
 0.953  0.921  0         0.00000  0
 0.951  0.548  0         0.00000  0
 0.905  0.405  0         0.00000  0
 0.892  0.502  0         0.00000  0
 0.969  0.343  0         0.00000  0
 1.012  0.683  0         0.00000  0
 0.982  0.618  0         0.00000  0
 0.943  0.533  0         0.00000  0
 0.830  0.290  0         0.00000  0
 0.973  0.227  0         0.00000  0
 0.929  0.226  0         0.00000  1
 0.969  0.185  0         0.00000  0
 0.887  0.129  0         0.00000  0
 0.275 -0.075 -1         0.00000  0
 0.275 -0.050 -1         0.00000  0
 0.275 -0.025  1         0.00000  0
 0.275  0.000  1       463.59703  0
 0.300 -0.075 -1         0.00000  0
 0.300 -0.050 -1         0.00000  0
 0.300 -0.025  1         0.00000  0
 0.300  0.000  1       434.71339  0
 0.325 -0.075 -1         0.00000  0
 0.325 -0.050 -1         0.00000  0
 0.325 -0.025  1         0.00000  0
 0.325  0.000  1         0.00000  0
 0.350 -0.075 -1         0.00000  0
 0.350 -0.050 -1         0.00000  0
 0.350 -0.025  1         0.00000  0
 0.350  0.000  1         0.00000  0
 0.375 -0.075 -1         0.00000  0
 0.375 -0.050 -1         0.00000  0
 0.375 -0.025  1         0.00000  0
 0.375  0.000  1      2760.80968  0
 0.400 -0.075 -1         0.00000  0
 0.400 -0.050 -1         0.00000  0
 0.400 -0.025  1         0.00000  0
 0.400  0.000  1      2261.21199  0
 0.425 -0.075 -1         0.00000  0
 0.425 -0.050 -1         0.00000  0
 0.425 -0.025  1         0.00000  0
 0.425  0.000  1         0.00000  0
 0.450 -0.075 -1         0.00000  0
 0.450 -0.050 -1         0.00000  0
 0.450 -0.025  1         0.00000  0
 0.450  0.000  1       287.29615  0
 0.475 -0.075 -1         0.00000  0
 0.475 -0.050 -1         0.00000  0
 0.475 -0.025  1         0.00000  0
 0.475  0.000  1        34.74098  0
 0.500 -0.075 -1         0.00000  0
 0.500 -0.050 -1         0.00000  0
 0.500 -0.025  1         0.00000  0
 0.500  0.000  1         0.00000  0
 0.525 -0.075 -1         0.00000  0
 0.525 -0.050 -1         0.00000  0
 0.525 -0.025  1         0.00000  0
 0.525  0.000  1         0.00000  0
 0.550 -0.075 -1         0.00000  0
 0.550 -0.050 -1         0.00000  0
 0.550 -0.025  1         0.00000  0
 0.550  0.000  1         0.00000  0
 0.575 -0.075 -1         0.00000  0
 0.575 -0.050 -1         0.00000  0
 0.575 -0.025  1         0.00000  0
 0.575  0.000  1       444.80727  0
 0.600 -0.075 -1         0.00000  0
 0.600 -0.050 -1         0.00000  0
 0.600 -0.025  1         0.00000  0
 0.600  0.000  1      1361.65738  0
 0.625 -0.075 -1         0.00000  0
 0.625 -0.050 -1         0.00000  0
 0.625 -0.025  1         0.00000  0
 0.625  0.000  1         0.00000  0
 0.650 -0.075 -1         0.00000  0
 0.650 -0.050 -1         0.00000  0
 0.650 -0.025  1         0.00000  0
 0.650  0.000  1         0.00000  0
 0.675 -0.075 -1         0.00000  0
 0.675 -0.050 -1         0.00000  0
 0.675 -0.025  1         0.00000  0
 0.675  0.000  1      2433.33152  0
 0.700 -0.075 -1         0.00000  0
 0.700 -0.050 -1         0.00000  0
 0.700 -0.025  1         0.00000  0
 0.700  0.000  1      1015.44669  0
 0.725 -0.075 -1         0.00000  0
 0.725 -0.050 -1         0.00000  0
 0.725 -0.025  1         0.00000  0
 0.725  0.000  1         0.00000  0
 0.750 -0.075 -1         0.00000  0
 0.750 -0.050 -1         0.00000  0
 0.750 -0.025  1         0.00000  0
 0.750  0.000  1      1148.64141  0
 0.775 -0.075 -1         0.00000  0
 0.775 -0.050 -1         0.00000  0
 0.775 -0.025  1         0.00000  0
 0.775  0.000  1         0.00000  0
 0.800 -0.075 -1         0.00000  0
 0.800 -0.050 -1         0.00000  0
 0.800 -0.025  1         0.00000  0
 0.800  0.000  1         0.00000  0
 0.825 -0.075 -1         0.00000  0
 0.825 -0.050 -1         0.00000  0
 0.825 -0.025  1         0.00000  0
 0.825  0.000  1      1324.64433  0
 0.850 -0.075 -1         0.00000  0
 0.850 -0.050 -1         0.00000  0
 0.850 -0.025  1         0.00000  0
 0.850  0.000  1         0.00000  0
 0.875 -0.075 -1         0.00000  0
 0.875 -0.050 -1         0.00000  0
 0.875 -0.025  1         0.00000  0
 0.875  0.000  1         0.00000  0
 0.900 -0.075 -1         0.00000  0
 0.900 -0.050 -1         0.00000  0
 0.900 -0.025  1         0.00000  0
 0.900  0.000  1      1142.25906  0
 0.925 -0.075 -1         0.00000  0
 0.925 -0.050 -1         0.00000  0
 0.925 -0.025  1         0.00000  0
 0.925  0.000  1      1348.84070  0
 0.950 -0.075 -1         0.00000  0
 0.950 -0.050 -1         0.00000  0
 0.950 -0.025  1         0.00000  0
 0.950  0.000  1      1815.64748  0
 0.975 -0.075 -1         0.00000  0
 0.975 -0.050 -1         0.00000  0
 0.975 -0.025  1         0.00000  0
 0.975  0.000  1      1666.17676  0
 1.000 -0.075 -1         0.00000  0
 1.000 -0.050 -1         0.00000  0
 1.000 -0.025  1         0.00000  0
 1.000  0.000  1         0.00000  0
 1.025 -0.075 -1         0.00000  0
 1.025 -0.050 -1         0.00000  0
 1.025 -0.025  1         0.00000  0
 1.025  0.000  1         0.00000  0
 1.025  0.025  1      1201.55792  0
 1.025  0.050  1       697.84266  0
 1.025  0.075  1       290.21226  0
 1.025  0.100  1       774.43069  0
 1.025  0.125  1         0.00000  0
 1.025  0.150  1         0.00000  0
 1.025  0.175  1         0.00000  0
 1.025  0.200  1         0.00000  0
 1.025  0.225  1         0.00000  0
 1.025  0.250  1         0.00000  0
 1.025  0.275  1         0.00000  0
 1.025  0.300  1      1483.77012  0
 1.025  0.325  1         0.00000  0
 1.025  0.350  1         0.00000  0
 1.025  0.375  1         0.00000  0
 1.025  0.400  1         0.00000  0
 1.025  0.425  1         0.00000  0
 1.025  0.450  1         0.00000  0
 1.025  0.475  1         0.00000  0
 1.025  0.500  1         0.00000  0
 1.025  0.525  1         0.00000  0
 1.025  0.550  1         0.00000  0
 1.025  0.575  1         0.00000  0
 1.025  0.600  1         0.00000  0
 1.050 -0.075 -1         0.00000  0
 1.050 -0.050 -1         0.00000  0
 1.050 -0.025  1         0.00000  0
 1.050  0.000  1         0.00000  0
 1.050  0.025  1         0.00000  0
 1.050  0.050  1         0.00000  0
 1.050  0.075  1         0.00000  0
 1.050  0.100  1         0.00000  0
 1.050  0.125  1         0.00000  0
 1.050  0.150  1         0.00000  0
 1.050  0.175  1         0.00000  0
 1.050  0.200  1         0.00000  0
 1.050  0.225  1         0.00000  0
 1.050  0.250  1         0.00000  0
 1.050  0.275  1         0.00000  0
 1.050  0.300  1         0.00000  0
 1.050  0.325  1         0.00000  0
 1.050  0.350  1         0.00000  0
 1.050  0.375  1         0.00000  0
 1.050  0.400  1         0.00000  0
 1.050  0.425  1         0.00000  0
 1.050  0.450  1         0.00000  0
 1.050  0.475  1         0.00000  0
 1.050  0.500  1         0.00000  0
 1.050  0.525  1         0.00000  0
 1.050  0.550  1         0.00000  0
 1.050  0.575  1         0.00000  0
 1.050  0.600  1         0.00000  0
 1.075 -0.075 -1         0.00000  0
 1.075 -0.050 -1         0.00000  0
 1.075 -0.025 -1         0.00000  0
 1.075  0.000 -1         0.00000  0
 1.075  0.025 -1         0.00000  0
 1.075  0.050 -1         0.00000  0
 1.075  0.075 -1         0.00000  0
 1.075  0.100 -1         0.00000  0
 1.075  0.125 -1         0.00000  0
 1.075  0.150 -1         0.00000  0
 1.075  0.175 -1         0.00000  0
 1.075  0.200 -1         0.00000  0
 1.075  0.225 -1         0.00000  0
 1.075  0.250 -1         0.00000  0
 1.075  0.275 -1         0.00000  0
 1.075  0.300 -1         0.00000  0
 1.075  0.325 -1         0.00000  0
 1.075  0.350 -1         0.00000  0
 1.075  0.375 -1         0.00000  0
 1.075  0.400 -1         0.00000  0
 1.075  0.425 -1         0.00000  0
 1.075  0.450 -1         0.00000  0
 1.075  0.475 -1         0.00000  0
 1.075  0.500 -1         0.00000  0
 1.075  0.525 -1         0.00000  0
 1.075  0.550 -1         0.00000  0
 1.075  0.575  1         0.00000  0
 1.075  0.600  1         0.00000  0
 1.100 -0.075 -1         0.00000  0
 1.100 -0.050 -1         0.00000  0
 1.100 -0.025 -1         0.00000  0
 1.100  0.000 -1         0.00000  0
 1.100  0.025 -1         0.00000  0
 1.100  0.050 -1         0.00000  0
 1.100  0.075 -1         0.00000  0
 1.100  0.100 -1         0.00000  0
 1.100  0.125 -1         0.00000  0
 1.100  0.150 -1         0.00000  0
 1.100  0.175 -1         0.00000  0
 1.100  0.200 -1         0.00000  0
 1.100  0.225 -1         0.00000  0
 1.100  0.250 -1         0.00000  0
 1.100  0.275 -1         0.00000  0
 1.100  0.300 -1         0.00000  0
 1.100  0.325 -1         0.00000  0
 1.100  0.350 -1         0.00000  0
 1.100  0.375 -1         0.00000  0
 1.100  0.400 -1         0.00000  0
 1.100  0.425 -1         0.00000  0
 1.100  0.450 -1         0.00000  0
 1.100  0.475 -1         0.00000  0
 1.100  0.500 -1         0.00000  0
 1.100  0.525 -1         0.00000  0
 1.100  0.550 -1         0.00000  0
 1.100  0.575  1         0.00000  0
 1.100  0.600  1         0.00000  0
