-0.075 -0.075 -1         0.00000  0
-0.075 -0.050 -1         0.00000  0
-0.075 -0.025 -1         0.00000  0
-0.075  0.000 -1         0.00000  0
-0.075  0.025 -1         0.00000  0
-0.075  0.050 -1         0.00000  0
-0.075  0.075 -1         0.00000  0
-0.075  0.100 -1         0.00000  0
-0.075  0.125 -1         0.00000  0
-0.075  0.150 -1         0.00000  0
-0.075  0.175 -1         0.00000  0
-0.075  0.200 -1         0.00000  0
-0.075  0.225 -1         0.00000  0
-0.075  0.250 -1         0.00000  0
-0.075  0.275 -1         0.00000  0
-0.075  0.300 -1         0.00000  0
-0.075  0.325 -1         0.00000  0
-0.075  0.350 -1         0.00000  0
-0.075  0.375 -1         0.00000  0
-0.075  0.400 -1         0.00000  0
-0.075  0.425 -1         0.00000  0
-0.075  0.450 -1         0.00000  0
-0.075  0.475 -1         0.00000  0
-0.075  0.500 -1         0.00000  0
-0.075  0.525 -1         0.00000  0
-0.075  0.550 -1         0.00000  0
-0.075  0.575  1         0.00000  0
-0.075  0.600  1         0.00000  0
-0.050 -0.075 -1         0.00000  0
-0.050 -0.050 -1         0.00000  0
-0.050 -0.025 -1         0.00000  0
-0.050  0.000 -1         0.00000  0
-0.050  0.025 -1         0.00000  0
-0.050  0.050 -1         0.00000  0
-0.050  0.075 -1         0.00000  0
-0.050  0.100 -1         0.00000  0
-0.050  0.125 -1         0.00000  0
-0.050  0.150 -1         0.00000  0
-0.050  0.175 -1         0.00000  0
-0.050  0.200 -1         0.00000  0
-0.050  0.225 -1         0.00000  0
-0.050  0.250 -1         0.00000  0
-0.050  0.275 -1         0.00000  0
-0.050  0.300 -1         0.00000  0
-0.050  0.325 -1         0.00000  0
-0.050  0.350 -1         0.00000  0
-0.050  0.375 -1         0.00000  0
-0.050  0.400 -1         0.00000  0
-0.050  0.425 -1         0.00000  0
-0.050  0.450 -1         0.00000  0
-0.050  0.475 -1         0.00000  0
-0.050  0.500 -1         0.00000  0
-0.050  0.525 -1         0.00000  0
-0.050  0.550 -1         0.00000  0
-0.050  0.575  1         0.00000  0
-0.050  0.600  1         0.00000  0
-0.025 -0.075 -1         0.00000  0
-0.025 -0.050 -1         0.00000  0
-0.025 -0.025  1         0.00000  0
-0.025  0.000  1         0.00000  0
-0.025  0.025  1         0.00000  0
-0.025  0.050  1         0.00000  0
-0.025  0.075  1         0.00000  0
-0.025  0.100  1         0.00000  0
-0.025  0.125  1         0.00000  0
-0.025  0.150  1         0.00000  0
-0.025  0.175  1         0.00000  0
-0.025  0.200  1         0.00000  0
-0.025  0.225  1         0.00000  0
-0.025  0.250  1         0.00000  0
-0.025  0.275  1         0.00000  0
-0.025  0.300  1         0.00000  0
-0.025  0.325  1         0.00000  0
-0.025  0.350  1         0.00000  0
-0.025  0.375  1         0.00000  0
-0.025  0.400  1         0.00000  0
-0.025  0.425  1         0.00000  0
-0.025  0.450  1         0.00000  0
-0.025  0.475  1         0.00000  0
-0.025  0.500  1         0.00000  0
-0.025  0.525  1         0.00000  0
-0.025  0.550  1         0.00000  0
-0.025  0.575  1         0.00000  0
-0.025  0.600  1         0.00000  0
 0.000 -0.075 -1         0.00000  0
 0.000 -0.050 -1         0.00000  0
 0.000 -0.025  1         0.00000  0
 0.000  0.000  1         0.00000  0
 0.000  0.025  1         0.00000  0
 0.000  0.050  1         0.00000  0
 0.000  0.075  1         0.00000  0
 0.000  0.100  1         0.00000  0
 0.000  0.125  1         0.00000  0
 0.000  0.150  1         0.00000  0
 0.000  0.175  1         0.00000  0
 0.000  0.200  1         0.00000  0
 0.000  0.225  1         0.00000  0
 0.000  0.250  1         0.00000  0
 0.000  0.275  1         0.00000  0
 0.000  0.300  1         0.00000  0
 0.000  0.325  1         0.00000  0
 0.000  0.350  1         0.00000  0
 0.000  0.375  1         0.00000  0
 0.000  0.400  1         0.00000  0
 0.000  0.425  1         0.00000  0
 0.000  0.450  1         0.00000  0
 0.000  0.475  1         0.00000  0
 0.000  0.500  1         0.00000  0
 0.000  0.525  1         0.00000  0
 0.000  0.550  1         0.00000  0
 0.000  0.575  1         0.00000  0
 0.000  0.600  1         0.00000  0
 0.025 -0.075 -1         0.00000  0
 0.025 -0.050 -1         0.00000  0
 0.025 -0.025  1         0.00000  0
 0.025  0.000  1         0.00000  0
 0.124  0.103  0         0.00000  0
 0.073  0.780  0         0.00000  0
31.878 ******  0         0.00000  0
 1.322  2.323  0         0.00000  0
 0.055  0.018  0         0.00000  0
 0.386  2.209  0         0.00000  0
-0.124 -0.648  0         0.00000  0
 0.444  0.643  0         0.00000  0
-3.597  0.651  0         0.00000  0
 6.081 ******  0         0.00000  0
-1.951 -9.782  0         0.00000  0
-3.287 -1.103  0         0.00000  0
 0.033  0.106  0         0.00000  0
 4.058  1.475  0         0.00000  0
 0.079  0.247  0         0.00000  0
 0.084  0.109  0         0.00000  0
 0.264  0.155  0         0.00000  0
****** ******  0         0.00000  0
 5.832 -2.342  0         0.00000  0
-2.277  3.589  0         0.00000  0
 0.050 -0.075 -1         0.00000  0
 0.050 -0.050 -1         0.00000  0
 0.050 -0.025  1         0.00000  0
 0.050  0.000  1         0.00000  0
71.243 27.155  0         0.00000  0
 0.330  0.779  0         0.00000  0
 4.781 -0.930  0         0.00000  0
-2.772 -5.810  0         0.00000  0
 0.126 -0.855  0         0.00000  0
 0.242  0.584  0         0.00000  0
-1.018  1.928  0         0.00000  0
 5.466  8.356  0         0.00000  0
 0.438  0.022  0         0.00000  0
 0.201  0.135  0         0.00000  0
 0.195  0.527  0         0.00000  0
 6.957  4.140  0         0.00000  0
 0.059  0.155  0         0.00000  0
 0.784  0.502  0         0.00000  0
 0.045  0.162  0         0.00000  0
-6.934 18.124  0         0.00000  0
 0.041  0.616  0         0.00000  0
 0.156  0.388  0         0.00000  0
 0.103  0.242  0         0.00000  0
 0.182  0.456  0         0.00000  0
 0.075 -0.075 -1         0.00000  0
 0.075 -0.050 -1         0.00000  0
 0.075 -0.025  1         0.00000  0
 0.075  0.000  1         0.00000  0
 0.578 -0.327  0         0.00000  0
****** ******  0         0.00000  0
-0.611 -1.273  0         0.00000  0
 0.710  0.452  0         0.00000  0
 0.143  1.100  0         0.00000  0
 0.461  0.038  0         0.00000  0
 4.789 17.725  0         0.00000  0
-5.607 28.362  0         0.00000  0
 0.306  0.249  0     40605.74238  1
 0.349  0.456  0         0.00000  0
 0.533  0.089  0         0.00000  0
 0.390  0.261  0         0.00000  0
 0.507  0.023  0         0.00000  0
-1.074  1.519  0         0.00000  0
 1.104 -0.087  0         0.00000  0
 0.197  0.811  0         0.00000  0
 1.868 10.242  0         0.00000  0
****** ******  0         0.00000  0
 0.689  0.193  0         0.00000  0
89.937 58.736  0         0.00000  0
 0.100 -0.075 -1         0.00000  0
 0.100 -0.050 -1         0.00000  0
 0.100 -0.025  1         0.00000  0
 0.100  0.000  1         0.00000  0
 0.835  0.055  0         0.00000  0
 0.757  0.255  0         0.00000  0
 3.967  0.980  0         0.00000  0
 0.734  0.253  0         0.00000  0
 0.645  0.132  0         0.00000  0
 4.559  3.011  0         0.00000  0
 0.669  1.640  0         0.00000  0
 0.835  0.198  0         0.00000  0
-1.326  2.919  0         0.00000  0
-6.149 -3.701  0         0.00000  0
 0.825  0.162  0         0.00000  0
 0.864  0.340  0         0.00000  0
-1.912 -1.239  0         0.00000  0
-1.069  0.829  0         0.00000  0
 0.731  0.190  0         0.00000  0
****** ******  0         0.00000  0
-8.101 ******  0         0.00000  0
-5.398 -9.181  0         0.00000  0
 3.442 ******  0         0.00000  0
21.439  2.900  0         0.00000  0
 0.125 -0.075 -1         0.00000  0
 0.125 -0.050 -1         0.00000  0
 0.125 -0.025  1         0.00000  0
 0.125  0.000  1         0.00000  0
 0.763  0.147  0         0.00000  0
 0.907  0.153  0         0.00000  0
 0.274  2.000  0         0.00000  0
 0.899  0.138  0         0.00000  0
 3.935 12.861  0         0.00000  0
 0.896  0.061  0         0.00000  0
 1.712 -1.948  0         0.00000  0
 0.943  0.016  0         0.00000  0
 0.967  0.340  0         0.00000  0
 0.913  0.089  0         0.00000  0
 0.880  0.068  0         0.00000  0
 0.621 -0.142  0         0.00000  0
****** 21.734  0         0.00000  0
 0.963  0.143  0         0.00000  0
 0.440  0.309  0         0.00000  0
-1.034  2.373  0         0.00000  0
 2.672  3.483  0         0.00000  0
 0.760 -1.029  0         0.00000  0
 0.918  0.109  0         0.00000  0
-9.942  5.555  0         0.00000  0
 0.150 -0.075 -1         0.00000  0
 0.150 -0.050 -1         0.00000  0
 0.150 -0.025  1         0.00000  0
 0.150  0.000  1         0.00000  0
 0.929  0.368  0         0.00000  0
 0.762  0.103  0         0.00000  0
-0.457 ******  0         0.00000  0
 0.548  0.505  0         0.00000  0
-0.158  1.450  0         0.00000  0
11.640 ******  0         0.00000  0
 1.007  0.102  0         0.00000  0
 1.086 -0.445  0         0.00000  0
-5.442  5.575  0         0.00000  0
 0.825  0.221  0         0.00000  0
 0.878  0.232  0         0.00000  0
****** ******  0         0.00000  0
 0.765  0.172  0         0.00000  0
****** ******  0         0.00000  0
 1.039  2.162  0         0.00000  0
-1.010  1.482  0         0.00000  0
****** ******  0         0.00000  0
 7.005 -6.424  0         0.00000  0
 0.737  0.154  0         0.00000  0
 0.921  0.163  0      1027.73917  0
 0.175 -0.075 -1         0.00000  0
 0.175 -0.050 -1         0.00000  0
 0.175 -0.025  1         0.00000  0
 0.175  0.000  1         0.00000  0
****** 40.269  0         0.00000  0
19.440 -6.342  0         0.00000  0
 3.333  3.031  0         0.00000  0
****** 34.625  0         0.00000  0
 0.734  0.112  0         0.00000  0
 0.974  0.372  0         0.00000  0
 0.493  0.578  0         0.00000  0
 0.972  0.203  0         0.00000  0
-0.786 -0.836  0         0.00000  0
****** -7.418  0         0.00000  0
-5.785  2.104  0         0.00000  0
 0.988  0.172  0         0.00000  0
 0.717  0.298  0         0.00000  0
****** ******  0         0.00000  0
55.851 22.406  0         0.00000  0
16.602 71.190  0         0.00000  0
 0.932  0.173  0         0.00000  0
 0.684  0.589  0         0.00000  0
 0.811  0.017  0         0.00000  0
 0.920  0.186  0         0.00000  0
 0.200 -0.075 -1         0.00000  0
 0.200 -0.050 -1         0.00000  0
 0.200 -0.025  1         0.00000  0
 0.200  0.000  1         0.00000  0
 0.305  0.268  0     23246.98789  1
 0.988  0.261  0         0.00000  0
 0.982  0.576  0         0.00000  0
 0.805  0.542  0         0.00000  0
 0.587  3.131  0         0.00000  0
 0.970  0.125  0         0.00000  0
 0.264  0.060  0         0.00000  0
 2.319 12.992  0         0.00000  0
34.460 24.101  0         0.00000  0
 1.359  4.612  0         0.00000  0
 0.941  0.395  0         0.00000  0
 0.814  0.145  0         0.00000  0
 0.860  0.308  0         0.00000  0
 0.885  0.201  0         0.00000  0
-2.164  1.090  0         0.00000  0
 0.833  0.302  0         0.00000  0
 0.879  0.306  0         0.00000  0
-0.139  2.633  0         0.00000  0
48.798  8.406  0         0.00000  0
****** ******  0         0.00000  0
 0.225 -0.075 -1         0.00000  0
 0.225 -0.050 -1         0.00000  0
 0.225 -0.025  1         0.00000  0
 0.225  0.000  1         0.00000  0
 0.940  0.285  0         0.00000  0
 0.560  0.062  0         0.00000  0
 0.480  0.281  0         0.00000  0
 0.321  0.247  0         0.00000  1
 8.157 -1.258  0         0.00000  0
 0.608  0.949  0         0.00000  0
 1.669  4.861  0         0.00000  0
 0.947  0.357  0         0.00000  0
 4.159  4.586  0         0.00000  0
 0.805  0.255  0         0.00000  0
 0.431  0.081  0         0.00000  0
 0.038  0.240  0         0.00000  0
 0.223 -4.091  0         0.00000  0
 0.777  0.552  0         0.00000  1
 0.106  0.305  0         0.00000  0
 0.584  1.173  0         0.00000  0
 0.983  0.192  0       950.46517  0
-6.558  0.129  0         0.00000  0
 0.385  0.158  0         0.00000  0
 2.563 -4.396  0         0.00000  0
 0.250 -0.075 -1         0.00000  0
 0.250 -0.050 -1         0.00000  0
 0.250 -0.025  1         0.00000  0
 0.250  0.000  1         0.00000  0
 0.778  0.563  0         0.00000  1
 0.871  0.700  0         0.00000  0
 0.783  0.223  0         0.00000  0
 0.843  0.371  0         0.00000  0
 0.996  0.202  0         0.00000  0
 0.549  0.269  0         0.00000  0
 0.622  0.147  0         0.00000  0
 0.799  0.681  0         0.00000  0
 0.393  0.818  0         0.00000  0
 2.741 -5.507  0         0.00000  0
****** ******  0         0.00000  0
-6.953 -4.420  0         0.00000  0
 1.229  0.548  0         0.00000  0
 0.957  0.273  0         0.00000  0
10.384  5.097  0         0.00000  0
 0.830  0.127  0         0.00000  0
 0.795  0.616  0         0.00000  0
 0.903  0.228  0         0.00000  0
 0.789  0.580  0         0.00000  0
****** ******  0         0.00000  0
 0.275 -0.075 -1         0.00000  0
 0.275 -0.050 -1         0.00000  0
 0.275 -0.025  1         0.00000  0
 0.275  0.000  1         0.00000  0
 0.300 -0.075 -1         0.00000  0
 0.300 -0.050 -1         0.00000  0
 0.300 -0.025  1         0.00000  0
 0.300  0.000  1         0.00000  0
 0.325 -0.075 -1         0.00000  0
 0.325 -0.050 -1         0.00000  0
 0.325 -0.025  1         0.00000  0
 0.325  0.000  1         0.00000  0
 0.350 -0.075 -1         0.00000  0
 0.350 -0.050 -1         0.00000  0
 0.350 -0.025  1         0.00000  0
 0.350  0.000  1         0.00000  0
 0.375 -0.075 -1         0.00000  0
 0.375 -0.050 -1         0.00000  0
 0.375 -0.025  1         0.00000  0
 0.375  0.000  1         0.00000  0
 0.400 -0.075 -1         0.00000  0
 0.400 -0.050 -1         0.00000  0
 0.400 -0.025  1         0.00000  0
 0.400  0.000  1         0.00000  0
 0.425 -0.075 -1         0.00000  0
 0.425 -0.050 -1         0.00000  0
 0.425 -0.025  1         0.00000  0
 0.425  0.000  1         0.00000  0
 0.450 -0.075 -1         0.00000  0
 0.450 -0.050 -1         0.00000  0
 0.450 -0.025  1         0.00000  0
 0.450  0.000  1         0.00000  0
 0.475 -0.075 -1         0.00000  0
 0.475 -0.050 -1         0.00000  0
 0.475 -0.025  1         0.00000  0
 0.475  0.000  1         0.00000  0
 0.500 -0.075 -1         0.00000  0
 0.500 -0.050 -1         0.00000  0
 0.500 -0.025  1         0.00000  0
 0.500  0.000  1         0.00000  0
 0.525 -0.075 -1         0.00000  0
 0.525 -0.050 -1         0.00000  0
 0.525 -0.025  1         0.00000  0
 0.525  0.000  1         0.00000  0
 0.550 -0.075 -1         0.00000  0
 0.550 -0.050 -1         0.00000  0
 0.550 -0.025  1         0.00000  0
 0.550  0.000  1         0.00000  0
 0.575 -0.075 -1         0.00000  0
 0.575 -0.050 -1         0.00000  0
 0.575 -0.025  1         0.00000  0
 0.575  0.000  1         0.00000  0
 0.600 -0.075 -1         0.00000  0
 0.600 -0.050 -1         0.00000  0
 0.600 -0.025  1         0.00000  0
 0.600  0.000  1         0.00000  0
 0.625 -0.075 -1         0.00000  0
 0.625 -0.050 -1         0.00000  0
 0.625 -0.025  1         0.00000  0
 0.625  0.000  1         0.00000  0
 0.650 -0.075 -1         0.00000  0
 0.650 -0.050 -1         0.00000  0
 0.650 -0.025  1         0.00000  0
 0.650  0.000  1         0.00000  0
 0.675 -0.075 -1         0.00000  0
 0.675 -0.050 -1         0.00000  0
 0.675 -0.025  1         0.00000  0
 0.675  0.000  1         0.00000  0
 0.700 -0.075 -1         0.00000  0
 0.700 -0.050 -1         0.00000  0
 0.700 -0.025  1         0.00000  0
 0.700  0.000  1         0.00000  0
 0.725 -0.075 -1         0.00000  0
 0.725 -0.050 -1         0.00000  0
 0.725 -0.025  1         0.00000  0
 0.725  0.000  1         0.00000  0
 0.750 -0.075 -1         0.00000  0
 0.750 -0.050 -1         0.00000  0
 0.750 -0.025  1         0.00000  0
 0.750  0.000  1         0.00000  0
 0.775 -0.075 -1         0.00000  0
 0.775 -0.050 -1         0.00000  0
 0.775 -0.025  1         0.00000  0
 0.775  0.000  1         0.00000  0
 0.800 -0.075 -1         0.00000  0
 0.800 -0.050 -1         0.00000  0
 0.800 -0.025  1         0.00000  0
 0.800  0.000  1         0.00000  0
 0.825 -0.075 -1         0.00000  0
 0.825 -0.050 -1         0.00000  0
 0.825 -0.025  1         0.00000  0
 0.825  0.000  1         0.00000  0
 0.850 -0.075 -1         0.00000  0
 0.850 -0.050 -1         0.00000  0
 0.850 -0.025  1         0.00000  0
 0.850  0.000  1         0.00000  0
 0.875 -0.075 -1         0.00000  0
 0.875 -0.050 -1         0.00000  0
 0.875 -0.025  1         0.00000  0
 0.875  0.000  1         0.00000  0
 0.900 -0.075 -1         0.00000  0
 0.900 -0.050 -1         0.00000  0
 0.900 -0.025  1         0.00000  0
 0.900  0.000  1         0.00000  0
 0.925 -0.075 -1         0.00000  0
 0.925 -0.050 -1         0.00000  0
 0.925 -0.025  1         0.00000  0
 0.925  0.000  1         0.00000  0
 0.950 -0.075 -1         0.00000  0
 0.950 -0.050 -1         0.00000  0
 0.950 -0.025  1         0.00000  0
 0.950  0.000  1         0.00000  0
 0.975 -0.075 -1         0.00000  0
 0.975 -0.050 -1         0.00000  0
 0.975 -0.025  1         0.00000  0
 0.975  0.000  1         0.00000  0
 1.000 -0.075 -1         0.00000  0
 1.000 -0.050 -1         0.00000  0
 1.000 -0.025  1         0.00000  0
 1.000  0.000  1         0.00000  0
 1.025 -0.075 -1         0.00000  0
 1.025 -0.050 -1         0.00000  0
 1.025 -0.025  1         0.00000  0
 1.025  0.000  1         0.00000  0
 1.025  0.025  1         0.00000  0
 1.025  0.050  1         0.00000  0
 1.025  0.075  1         0.00000  0
 1.025  0.100  1         0.00000  0
 1.025  0.125  1         0.00000  0
 1.025  0.150  1         0.00000  0
 1.025  0.175  1         0.00000  0
 1.025  0.200  1         0.00000  0
 1.025  0.225  1         0.00000  0
 1.025  0.250  1         0.00000  0
 1.025  0.275  1         0.00000  0
 1.025  0.300  1         0.00000  0
 1.025  0.325  1         0.00000  0
 1.025  0.350  1         0.00000  0
 1.025  0.375  1         0.00000  0
 1.025  0.400  1         0.00000  0
 1.025  0.425  1         0.00000  0
 1.025  0.450  1         0.00000  0
 1.025  0.475  1         0.00000  0
 1.025  0.500  1         0.00000  0
 1.025  0.525  1         0.00000  0
 1.025  0.550  1         0.00000  0
 1.025  0.575  1         0.00000  0
 1.025  0.600  1         0.00000  0
 1.050 -0.075 -1         0.00000  0
 1.050 -0.050 -1         0.00000  0
 1.050 -0.025  1         0.00000  0
 1.050  0.000  1         0.00000  0
 1.050  0.025  1         0.00000  0
 1.050  0.050  1         0.00000  0
 1.050  0.075  1         0.00000  0
 1.050  0.100  1         0.00000  0
 1.050  0.125  1         0.00000  0
 1.050  0.150  1         0.00000  0
 1.050  0.175  1         0.00000  0
 1.050  0.200  1         0.00000  0
 1.050  0.225  1         0.00000  0
 1.050  0.250  1         0.00000  0
 1.050  0.275  1         0.00000  0
 1.050  0.300  1         0.00000  0
 1.050  0.325  1         0.00000  0
 1.050  0.350  1         0.00000  0
 1.050  0.375  1         0.00000  0
 1.050  0.400  1         0.00000  0
 1.050  0.425  1         0.00000  0
 1.050  0.450  1         0.00000  0
 1.050  0.475  1         0.00000  0
 1.050  0.500  1         0.00000  0
 1.050  0.525  1         0.00000  0
 1.050  0.550  1         0.00000  0
 1.050  0.575  1         0.00000  0
 1.050  0.600  1         0.00000  0
 1.075 -0.075 -1         0.00000  0
 1.075 -0.050 -1         0.00000  0
 1.075 -0.025 -1         0.00000  0
 1.075  0.000 -1         0.00000  0
 1.075  0.025 -1         0.00000  0
 1.075  0.050 -1         0.00000  0
 1.075  0.075 -1         0.00000  0
 1.075  0.100 -1         0.00000  0
 1.075  0.125 -1         0.00000  0
 1.075  0.150 -1         0.00000  0
 1.075  0.175 -1         0.00000  0
 1.075  0.200 -1         0.00000  0
 1.075  0.225 -1         0.00000  0
 1.075  0.250 -1         0.00000  0
 1.075  0.275 -1         0.00000  0
 1.075  0.300 -1         0.00000  0
 1.075  0.325 -1         0.00000  0
 1.075  0.350 -1         0.00000  0
 1.075  0.375 -1         0.00000  0
 1.075  0.400 -1         0.00000  0
 1.075  0.425 -1         0.00000  0
 1.075  0.450 -1         0.00000  0
 1.075  0.475 -1         0.00000  0
 1.075  0.500 -1         0.00000  0
 1.075  0.525 -1         0.00000  0
 1.075  0.550 -1         0.00000  0
 1.075  0.575  1         0.00000  0
 1.075  0.600  1         0.00000  0
 1.100 -0.075 -1         0.00000  0
 1.100 -0.050 -1         0.00000  0
 1.100 -0.025 -1         0.00000  0
 1.100  0.000 -1         0.00000  0
 1.100  0.025 -1         0.00000  0
 1.100  0.050 -1         0.00000  0
 1.100  0.075 -1         0.00000  0
 1.100  0.100 -1         0.00000  0
 1.100  0.125 -1         0.00000  0
 1.100  0.150 -1         0.00000  0
 1.100  0.175 -1         0.00000  0
 1.100  0.200 -1         0.00000  0
 1.100  0.225 -1         0.00000  0
 1.100  0.250 -1         0.00000  0
 1.100  0.275 -1         0.00000  0
 1.100  0.300 -1         0.00000  0
 1.100  0.325 -1         0.00000  0
 1.100  0.350 -1         0.00000  0
 1.100  0.375 -1         0.00000  0
 1.100  0.400 -1         0.00000  0
 1.100  0.425 -1         0.00000  0
 1.100  0.450 -1         0.00000  0
 1.100  0.475 -1         0.00000  0
 1.100  0.500 -1         0.00000  0
 1.100  0.525 -1         0.00000  0
 1.100  0.550 -1         0.00000  0
 1.100  0.575  1         0.00000  0
 1.100  0.600  1         0.00000  0
