-0.060 -0.060 -1         0.00000  0
-0.060 -0.040 -1         0.00000  0
-0.060 -0.020 -1         0.00000  0
-0.060  0.000 -1         0.00000  0
-0.060  0.020 -1         0.00000  0
-0.060  0.040 -1         0.00000  0
-0.060  0.060 -1         0.00000  0
-0.060  0.080 -1         0.00000  0
-0.060  0.100 -1         0.00000  0
-0.060  0.120 -1         0.00000  0
-0.060  0.140 -1         0.00000  0
-0.060  0.160 -1         0.00000  0
-0.060  0.180 -1         0.00000  0
-0.060  0.200 -1         0.00000  0
-0.060  0.220 -1         0.00000  0
-0.060  0.240 -1         0.00000  0
-0.060  0.260 -1         0.00000  0
-0.060  0.280 -1         0.00000  0
-0.060  0.300 -1         0.00000  0
-0.060  0.320 -1         0.00000  0
-0.060  0.340 -1         0.00000  0
-0.060  0.360 -1         0.00000  0
-0.060  0.380 -1         0.00000  0
-0.060  0.400 -1         0.00000  0
-0.060  0.420 -1         0.00000  0
-0.060  0.440 -1         0.00000  0
-0.060  0.460 -1         0.00000  0
-0.060  0.480 -1         0.00000  0
-0.060  0.500 -1         0.00000  0
-0.060  0.520 -1         0.00000  0
-0.060  0.540 -1         0.00000  0
-0.060  0.560 -1         0.00000  0
-0.060  0.580  1         0.00000  0
-0.060  0.600  1         0.00000  0
-0.040 -0.060 -1         0.00000  0
-0.040 -0.040 -1         0.00000  0
-0.040 -0.020 -1         0.00000  0
-0.040  0.000 -1         0.00000  0
-0.040  0.020 -1         0.00000  0
-0.040  0.040 -1         0.00000  0
-0.040  0.060 -1         0.00000  0
-0.040  0.080 -1         0.00000  0
-0.040  0.100 -1         0.00000  0
-0.040  0.120 -1         0.00000  0
-0.040  0.140 -1         0.00000  0
-0.040  0.160 -1         0.00000  0
-0.040  0.180 -1         0.00000  0
-0.040  0.200 -1         0.00000  0
-0.040  0.220 -1         0.00000  0
-0.040  0.240 -1         0.00000  0
-0.040  0.260 -1         0.00000  0
-0.040  0.280 -1         0.00000  0
-0.040  0.300 -1         0.00000  0
-0.040  0.320 -1         0.00000  0
-0.040  0.340 -1         0.00000  0
-0.040  0.360 -1         0.00000  0
-0.040  0.380 -1         0.00000  0
-0.040  0.400 -1         0.00000  0
-0.040  0.420 -1         0.00000  0
-0.040  0.440 -1         0.00000  0
-0.040  0.460 -1         0.00000  0
-0.040  0.480 -1         0.00000  0
-0.040  0.500 -1         0.00000  0
-0.040  0.520 -1         0.00000  0
-0.040  0.540 -1         0.00000  0
-0.040  0.560 -1         0.00000  0
-0.040  0.580  1         0.00000  0
-0.040  0.600  1         0.00000  0
-0.020 -0.060 -1         0.00000  0
-0.020 -0.040 -1         0.00000  0
-0.020 -0.020  1         0.00000  0
-0.020  0.000  1         0.00000  0
-0.020  0.020  1         0.00000  0
-0.020  0.040  1         0.00000  0
-0.020  0.060  1         0.00000  0
-0.020  0.080  1         0.00000  0
-0.020  0.100  1         0.00000  0
-0.020  0.120  1         0.00000  0
-0.020  0.140  1         0.00000  0
-0.020  0.160  1         0.00000  0
-0.020  0.180  1         0.00000  0
-0.020  0.200  1         0.00000  0
-0.020  0.220  1         0.00000  0
-0.020  0.240  1         0.00000  0
-0.020  0.260  1         0.00000  0
-0.020  0.280  1         0.00000  0
-0.020  0.300  1         0.00000  0
-0.020  0.320  1         0.00000  0
-0.020  0.340  1         0.00000  0
-0.020  0.360  1         0.00000  0
-0.020  0.380  1         0.00000  0
-0.020  0.400  1         0.00000  0
-0.020  0.420  1         0.00000  0
-0.020  0.440  1         0.00000  0
-0.020  0.460  1         0.00000  0
-0.020  0.480  1         0.00000  0
-0.020  0.500  1         0.00000  0
-0.020  0.520  1         0.00000  0
-0.020  0.540  1         0.00000  0
-0.020  0.560  1         0.00000  0
-0.020  0.580  1         0.00000  0
-0.020  0.600  1         0.00000  0
 0.000 -0.060 -1         0.00000  0
 0.000 -0.040 -1         0.00000  0
 0.000 -0.020  1         0.00000  0
 0.000  0.000  1         0.00000  0
 0.000  0.020  1       464.57747  0
 0.000  0.040  1         0.00000  0
 0.000  0.060  1       958.40689  0
 0.000  0.080  1         0.00000  0
 0.000  0.100  1         0.00000  0
 0.000  0.120  1         0.00000  0
 0.000  0.140  1         0.00000  0
 0.000  0.160  1         0.00000  0
 0.000  0.180  1         0.00000  0
 0.000  0.200  1         0.00000  0
 0.000  0.220  1         0.00000  0
 0.000  0.240  1         0.00000  0
 0.000  0.260  1         0.00000  0
 0.000  0.280  1         0.00000  0
 0.000  0.300  1         0.00000  0
 0.000  0.320  1         0.00000  0
 0.000  0.340  1         0.00000  0
 0.000  0.360  1         0.00000  0
 0.000  0.380  1         0.00000  0
 0.000  0.400  1         0.00000  0
 0.000  0.420  1         0.00000  0
 0.000  0.440  1         0.00000  0
 0.000  0.460  1         0.00000  0
 0.000  0.480  1         0.00000  0
 0.000  0.500  1         0.00000  0
 0.000  0.520  1         0.00000  0
 0.000  0.540  1         0.00000  0
 0.000  0.560  1         0.00000  0
 0.000  0.580  1         0.00000  0
 0.000  0.600  1         0.00000  0
 0.020 -0.060 -1         0.00000  0
 0.020 -0.040 -1         0.00000  0
 0.020 -0.020  1         0.00000  0
 0.020  0.000  1      1374.80085  0
 0.375  0.023  0      1278.22899  0
 0.126  0.055  0       262.54493  0
 0.212  0.091  0         0.00000  0
 0.458  0.061  0      1704.34392  0
 0.152  0.111  0         0.00000  0
 0.106  0.081  0         0.00000  0
 0.395  0.134  0         0.00000  0
 0.610  0.059  0         0.00000  0
 0.393  0.017  0       953.90727  0
 0.047  0.038  0         0.00000  0
 0.086  0.100  0         0.00000  0
 0.378  0.100  0      1877.02208  0
 0.050  0.091  0         0.00000  0
 0.202  0.110  0         0.00000  0
 0.094  0.091  0       392.49765  0
 0.483  0.053  0      2340.45709  0
 0.424  0.138  0         0.00000  0
 0.019  0.018  0         0.00000  0
 0.143  0.058  0       386.03281  0
 0.050  0.017  0       788.87333  0
 0.123  0.023  0       273.93988  0
 0.174  0.077  0         0.00000  0
 0.106  0.018  0      1874.61658  0
 0.242  0.097  0         0.00000  0
 0.408  0.060  0      2468.44852  0
 0.040 -0.060 -1         0.00000  0
 0.040 -0.040 -1         0.00000  0
 0.040 -0.020  1         0.00000  0
 0.040  0.000  1         0.00000  0
 0.316  0.039  0       944.14674  0
 0.320  0.097  0         0.00000  0
 0.342  0.120  0         0.00000  0
 0.425  0.054  0         0.00000  0
 0.038  0.099  0         0.00000  0
 0.310  0.071  0       358.28583  0
 0.406  0.036  0      1240.71853  0
 0.378  0.124  0         0.00000  0
 0.415  0.083  0         0.00000  0
 0.229  0.035  0      1840.38584  0
 0.274  0.097  0         0.00000  0
 0.157  0.090  0         0.00000  0
 0.681  0.121  0         0.00000  0
 0.371  0.083  0       126.06473  0
 0.441  0.019  0      2124.95738  0
 0.269  0.049  0      3022.53786  0
 0.402  0.105  0         0.00000  0
 0.191  0.015  0      1902.97479  0
 0.254  0.018  0      2517.51442  0
 0.055  0.057  0      1373.36209  0
 0.272  0.024  0         0.00000  0
 0.201  0.053  0      1457.33960  0
 0.232  0.121  0         0.00000  0
 0.033  0.061  0         0.00000  0
 0.247  0.035  0       508.23125  0
 0.060 -0.060 -1         0.00000  0
 0.060 -0.040 -1         0.00000  0
 0.060 -0.020  1         0.00000  0
 0.060  0.000  1         0.00000  0
 0.310  0.089  0         0.00000  0
 0.210  0.033  0      2005.75493  0
 0.331  0.018  0       917.30451  0
 0.452  0.103  0         0.00000  0
 0.457  0.031  0      1141.14420  0
 0.628  0.020  0      1726.81459  0
 0.569  0.070  0      1900.15309  0
 1.008  0.152  0         0.00000  0
 0.548  0.064  0         0.00000  0
 0.105  0.049  0       871.57485  0
 0.188  0.089  0         0.00000  0
 0.290  0.115  0         0.00000  0
 0.391  0.087  0         0.00000  0
 0.676  0.105  0         0.00000  0
 0.344  0.070  0         0.00000  0
 0.396  0.147  0         0.00000  0
 0.330  0.117  0         0.00000  0
 0.370  0.140  0         0.00000  0
 0.361  0.073  0      1604.05767  0
 0.018  0.048  0       353.88715  0
 0.030  0.033  0         0.00000  0
 0.162  0.057  0       914.87581  0
 0.284  0.090  0       406.19785  0
 0.141  0.019  0      1080.53906  0
 0.342  0.051  0      1982.32067  0
 0.080 -0.060 -1         0.00000  0
 0.080 -0.040 -1         0.00000  0
 0.080 -0.020  1         0.00000  0
 0.080  0.000  1         0.00000  0
 0.706  0.074  0         0.00000  0
 0.514  0.115  0         0.00000  0
 0.146  0.084  0         0.00000  0
 0.070  0.048  0         0.00000  0
 0.717  0.126  0         0.00000  0
 0.544  0.139  0         0.00000  0
 0.494  0.038  0      2178.08031  0
 0.768  0.069  0         0.00000  0
 0.662  0.084  0      1881.61955  0
 0.629  0.130  0         0.00000  0
 0.223  0.105  0         0.00000  0
 0.827  0.114  0         0.00000  0
 0.093  0.036  0      1483.45461  0
 0.070  0.100  0         0.00000  0
 0.433  0.079  0         0.00000  0
 0.441  0.052  0         0.00000  0
 0.530  0.017  0      4956.25625  0
 0.743  0.071  0         0.00000  0
 0.179  0.105  0         0.00000  0
 0.865  0.140  0         0.00000  0
 0.252  0.055  0       813.44091  0
 0.066  0.026  0         0.00000  0
 0.364  0.040  0         0.00000  0
 0.489  0.072  0       856.88231  0
 0.017  0.073  0         0.00000  0
 0.100 -0.060 -1         0.00000  0
 0.100 -0.040 -1         0.00000  0
 0.100 -0.020  1         0.00000  0
 0.100  0.000  1       790.03820  0
 0.709  0.023  0      2259.71046  0
 0.804  0.029  0      1182.33438  0
 0.650  0.105  0       232.45760  0
 0.709  0.098  0      1516.49865  0
 0.082  0.059  0         0.00000  0
 0.309  0.020  0        68.61474  0
 0.602  0.108  0       761.74786  0
 0.852  0.101  0         0.00000  0
 0.667  0.048  0      1815.19645  0
 0.567  0.091  0         0.00000  0
 0.341  0.033  0      1937.04830  0
 0.193  0.035  0      2937.63251  0
 0.806  0.078  0       537.91864  0
 0.508  0.099  0       775.01187  0
 0.492  0.019  0      3644.17037  0
 0.582  0.065  0       518.54388  0
 0.304  0.047  0       380.22209  0
 0.219  0.054  0         0.00000  0
 0.556  0.019  0         0.00000  0
 0.183  0.061  0         0.00000  0
 0.393  0.064  0         0.00000  0
 0.467  0.045  0       556.43722  0
 0.469  0.017  0         0.00000  0
 0.229  0.081  0       962.82769  0
 0.253  0.077  0       489.84116  0
 0.120 -0.060 -1         0.00000  0
 0.120 -0.040 -1         0.00000  0
 0.120 -0.020  1         0.00000  0
 0.120  0.000  1         0.00000  0
 0.771  0.127  0         0.00000  0
 0.773  0.050  0       362.36675  0
 0.952  0.043  0      1181.61342  0
 1.002  0.025  0      1446.27177  0
 0.938  0.054  0         0.00000  0
 0.725  0.069  0         0.00000  0
 0.833  0.040  0      1507.89876  0
 0.609  0.089  0       500.13154  0
 0.277  0.069  0         0.00000  0
 0.459  0.125  0         0.00000  0
 0.693  0.020  0      2194.72482  0
 0.531  0.034  0      1248.17712  0
 0.619  0.109  0         0.00000  0
 0.545  0.045  0      2421.55858  0
 0.430  0.034  0      1790.79676  0
 0.550  0.085  0         0.00000  0
 0.692  0.098  0       861.19029  0
 0.347  0.107  0       718.58692  0
 0.084  0.022  0         0.00000  0
 0.160  0.020  0      2362.24209  0
 0.228  0.016  0        74.47691  0
 0.389  0.043  0      1342.45348  0
 0.492  0.099  0      1154.21145  0
 0.465  0.161  0         0.00000  0
 0.422  0.158  0         0.00000  0
 0.140 -0.060 -1         0.00000  0
 0.140 -0.040 -1         0.00000  0
 0.140 -0.020  1         0.00000  0
 0.140  0.000  1      2157.81291  0
 0.821  0.128  0         0.00000  0
 0.923  0.044  0       857.85396  0
 0.942  0.116  0         0.00000  0
 0.749  0.019  0      2823.82084  0
 0.716  0.049  0      2859.88119  0
 0.869  0.087  0      1863.30012  0
 0.745  0.141  0         0.00000  0
 0.933  0.101  0         0.00000  0
 0.667  0.018  0      2817.63270  0
 0.730  0.100  0       734.84291  0
 0.887  0.102  0         0.00000  0
 0.893  0.061  0      1875.44715  0
 0.534  0.112  0         0.00000  0
 0.515  0.082  0       618.47099  0
 0.636  0.040  0      1859.92612  0
 0.748  0.039  0        27.93281  0
 0.762  0.131  0         0.00000  0
 0.688  0.078  0         0.00000  0
 0.599  0.130  0         0.00000  0
 0.748  0.114  0         0.00000  0
 0.414  0.113  0         0.00000  0
 0.336  0.089  0         0.00000  0
 0.584  0.101  0         0.00000  0
 0.258  0.095  0         0.00000  0
 0.443  0.120  0         0.00000  0
 0.160 -0.060 -1         0.00000  0
 0.160 -0.040 -1         0.00000  0
 0.160 -0.020  1         0.00000  0
 0.160  0.000  1         0.00000  0
 0.237  0.065  0      1063.61274  0
 0.891  0.018  0      2933.59878  0
 0.527  0.158  0         0.00000  0
 0.791  0.115  0         0.00000  0
 0.862  0.036  0      1778.76823  0
 0.801  0.125  0         0.00000  0
 0.915  0.079  0         0.00000  0
 0.579  0.126  0         0.00000  0
 0.990  0.065  0         0.00000  0
 0.586  0.137  0         0.00000  0
 0.964  0.019  0        77.73314  0
 0.835  0.087  0         0.00000  0
 0.368  0.113  0      1732.04704  0
 0.594  0.022  0      1520.91742  0
 0.983  0.041  0         0.00000  0
 0.985  0.019  0         0.00000  0
 0.791  0.016  0      1997.04730  0
 0.728  0.042  0         0.00000  0
 0.923  0.116  0         0.00000  0
 0.814  0.096  0         0.00000  0
 0.636  0.106  0       720.21422  0
 0.661  0.119  0         0.00000  0
 0.952  0.075  0         0.00000  0
 0.327  0.060  0      1507.24635  0
 0.526  0.061  0      3002.72759  0
 0.180 -0.060 -1         0.00000  0
 0.180 -0.040 -1         0.00000  0
 0.180 -0.020  1         0.00000  0
 0.180  0.000  1      2174.47671  0
 0.473  0.131  0         0.00000  0
 0.999  0.047  0      1133.09947  0
 0.917  0.063  0         0.00000  0
 0.688  0.060  0      2469.89909  0
 0.968  0.119  0         0.00000  0
 0.856  0.082  0       393.77058  0
 0.731  0.086  0       340.81799  0
 0.889  0.124  0         0.00000  0
 0.560  0.039  0         0.00000  0
 0.676  0.032  0      3145.17777  0
 0.356  0.019  0      1480.81126  0
 0.967  0.049  0       913.25121  0
 0.845  0.135  0         0.00000  0
 0.911  0.021  0         0.00000  0
 0.417  0.020  0         0.00000  0
 0.291  0.019  0      1974.88263  0
 0.667  0.067  0       828.78768  0
 0.829  0.071  0       825.88521  0
 0.100  0.064  0         0.00000  0
 0.939  0.082  0         0.00000  0
 0.726  0.019  0      1502.63468  0
 0.581  0.041  0         0.00000  0
 0.910  0.098  0         0.00000  0
 0.595  0.153  0         0.00000  0
 0.728  0.124  0         0.00000  0
 0.200 -0.060 -1         0.00000  0
 0.200 -0.040 -1         0.00000  0
 0.200 -0.020  1         0.00000  0
 0.200  0.000  1      1997.13471  0
 0.508  0.024  0       802.29701  0
 0.796  0.067  0         0.00000  0
 1.002  0.075  0       377.22457  0
 0.839  0.058  0       999.52979  0
 0.853  0.048  0       541.81422  0
 0.882  0.051  0      1617.42100  0
 0.968  0.070  0         0.00000  0
 0.494  0.139  0         0.00000  0
 0.435  0.140  0         0.00000  0
 0.506  0.129  0         0.00000  0
 0.753  0.055  0      1750.83678  0
 0.628  0.083  0        76.13321  0
 0.404  0.165  0         0.00000  0
 0.820  0.021  0       172.92671  0
 0.948  0.025  0        40.95152  0
 0.761  0.096  0         0.00000  0
 0.929  0.018  0      1244.66593  0
 0.799  0.049  0      1457.84568  0
 0.512  0.045  0      1993.16815  0
 0.704  0.121  0         0.00000  0
 0.817  0.144  0         0.00000  0
 0.873  0.069  0         0.00000  0
 0.504  0.157  0         0.00000  0
 0.696  0.046  0         0.00000  0
 0.594  0.051  0      1206.57847  0
 0.220 -0.060 -1         0.00000  0
 0.220 -0.040 -1         0.00000  0
 0.220 -0.020  1         0.00000  0
 0.220  0.000  1         0.00000  0
 0.620  0.045  0      1000.44582  0
 0.985  0.131  0         0.00000  0
 0.553  0.106  0         0.00000  0
 0.799  0.096  0       421.27677  0
 0.964  0.106  0       117.11718  0
 0.480  0.091  0       139.52972  0
 1.000  0.104  0         0.00000  0
 0.878  0.112  0         0.00000  0
 0.989  0.118  0         0.00000  0
 0.968  0.089  0         0.00000  0
 0.576  0.020  0      2669.97036  0
 0.861  0.018  0         0.00000  0
 0.283  0.041  0         0.00000  0
 0.990  0.093  0         0.00000  0
 0.532  0.078  0      2044.05680  0
 0.770  0.083  0         0.00000  0
 0.931  0.130  0         0.00000  0
 0.778  0.036  0      1570.06087  0
 0.649  0.051  0       958.28778  0
 0.647  0.077  0      1093.22037  0
 0.465  0.076  0         0.00000  0
 0.647  0.020  0         0.00000  0
 0.536  0.127  0         0.00000  0
 0.838  0.019  0       811.51879  0
 0.896  0.081  0         0.00000  0
 0.240 -0.060 -1         0.00000  0
 0.240 -0.040 -1         0.00000  0
 0.240 -0.020  1         0.00000  0
 0.240  0.000  1      2492.28844  0
 0.594  0.084  0         0.00000  0
 0.766  0.021  0       494.93410  0
 0.174  0.030  0       776.93823  0
 0.897  0.130  0         0.00000  0
 0.883  0.032  0      1400.72737  0
 0.775  0.106  0      1535.23220  0
 0.630  0.067  0         0.00000  0
 0.908  0.040  0         0.00000  0
 0.844  0.123  0         0.00000  0
 0.160  0.042  0       849.08321  0
 0.075  0.085  0      1039.26745  0
 0.374  0.054  0       873.24217  0
 0.447  0.086  0       391.64046  0
 0.505  0.065  0      1543.44261  0
 0.047  0.071  0         0.00000  0
 0.561  0.121  0         0.00000  0
 0.471  0.112  0         0.00000  0
 0.292  0.066  0         0.00000  0
 0.133  0.078  0         0.00000  0
 0.490  0.153  0         0.00000  0
 0.815  0.051  0       313.03313  0
 0.133  0.041  0      1119.74456  0
 0.610  0.023  0       355.48196  0
 0.201  0.075  0         0.00000  0
 0.423  0.097  0         0.00000  0
 0.260 -0.060 -1         0.00000  0
 0.260 -0.040 -1         0.00000  0
 0.260 -0.020  1         0.00000  0
 0.260  0.000  1         0.00000  0
 0.280 -0.060 -1         0.00000  0
 0.280 -0.040 -1         0.00000  0
 0.280 -0.020  1         0.00000  0
 0.280  0.000  1         0.00000  0
 0.300 -0.060 -1         0.00000  0
 0.300 -0.040 -1         0.00000  0
 0.300 -0.020  1         0.00000  0
 0.300  0.000  1      1566.71355  0
 0.320 -0.060 -1         0.00000  0
 0.320 -0.040 -1         0.00000  0
 0.320 -0.020  1         0.00000  0
 0.320  0.000  1      2036.12202  0
 0.340 -0.060 -1         0.00000  0
 0.340 -0.040 -1         0.00000  0
 0.340 -0.020  1         0.00000  0
 0.340  0.000  1      2537.39368  0
 0.360 -0.060 -1         0.00000  0
 0.360 -0.040 -1         0.00000  0
 0.360 -0.020  1         0.00000  0
 0.360  0.000  1      1307.16314  0
 0.380 -0.060 -1         0.00000  0
 0.380 -0.040 -1         0.00000  0
 0.380 -0.020  1         0.00000  0
 0.380  0.000  1         0.00000  0
 0.400 -0.060 -1         0.00000  0
 0.400 -0.040 -1         0.00000  0
 0.400 -0.020  1         0.00000  0
 0.400  0.000  1      1322.42218  0
 0.420 -0.060 -1         0.00000  0
 0.420 -0.040 -1         0.00000  0
 0.420 -0.020  1         0.00000  0
 0.420  0.000  1         0.00000  0
 0.440 -0.060 -1         0.00000  0
 0.440 -0.040 -1         0.00000  0
 0.440 -0.020  1         0.00000  0
 0.440  0.000  1      2191.52423  0
 0.460 -0.060 -1         0.00000  0
 0.460 -0.040 -1         0.00000  0
 0.460 -0.020  1         0.00000  0
 0.460  0.000  1      2307.48066  0
 0.480 -0.060 -1         0.00000  0
 0.480 -0.040 -1         0.00000  0
 0.480 -0.020  1         0.00000  0
 0.480  0.000  1      1179.80030  0
 0.500 -0.060 -1         0.00000  0
 0.500 -0.040 -1         0.00000  0
 0.500 -0.020  1         0.00000  0
 0.500  0.000  1       658.81895  0
 0.520 -0.060 -1         0.00000  0
 0.520 -0.040 -1         0.00000  0
 0.520 -0.020  1         0.00000  0
 0.520  0.000  1      1211.54487  0
 0.540 -0.060 -1         0.00000  0
 0.540 -0.040 -1         0.00000  0
 0.540 -0.020  1         0.00000  0
 0.540  0.000  1      1687.37092  0
 0.560 -0.060 -1         0.00000  0
 0.560 -0.040 -1         0.00000  0
 0.560 -0.020  1         0.00000  0
 0.560  0.000  1      1135.42100  0
 0.580 -0.060 -1         0.00000  0
 0.580 -0.040 -1         0.00000  0
 0.580 -0.020  1         0.00000  0
 0.580  0.000  1        41.79621  0
 0.600 -0.060 -1         0.00000  0
 0.600 -0.040 -1         0.00000  0
 0.600 -0.020  1         0.00000  0
 0.600  0.000  1         0.00000  0
 0.620 -0.060 -1         0.00000  0
 0.620 -0.040 -1         0.00000  0
 0.620 -0.020  1         0.00000  0
 0.620  0.000  1         0.00000  0
 0.640 -0.060 -1         0.00000  0
 0.640 -0.040 -1         0.00000  0
 0.640 -0.020  1         0.00000  0
 0.640  0.000  1      2842.36623  0
 0.660 -0.060 -1         0.00000  0
 0.660 -0.040 -1         0.00000  0
 0.660 -0.020  1         0.00000  0
 0.660  0.000  1      4377.10993  0
 0.680 -0.060 -1         0.00000  0
 0.680 -0.040 -1         0.00000  0
 0.680 -0.020  1         0.00000  0
 0.680  0.000  1      1476.26595  0
 0.700 -0.060 -1         0.00000  0
 0.700 -0.040 -1         0.00000  0
 0.700 -0.020  1         0.00000  0
 0.700  0.000  1      1057.40933  0
 0.720 -0.060 -1         0.00000  0
 0.720 -0.040 -1         0.00000  0
 0.720 -0.020  1         0.00000  0
 0.720  0.000  1      3342.48310  0
 0.740 -0.060 -1         0.00000  0
 0.740 -0.040 -1         0.00000  0
 0.740 -0.020  1         0.00000  0
 0.740  0.000  1      1900.18230  0
 0.760 -0.060 -1         0.00000  0
 0.760 -0.040 -1         0.00000  0
 0.760 -0.020  1         0.00000  0
 0.760  0.000  1      1535.52415  0
 0.780 -0.060 -1         0.00000  0
 0.780 -0.040 -1         0.00000  0
 0.780 -0.020  1         0.00000  0
 0.780  0.000  1      2830.97016  0
 0.800 -0.060 -1         0.00000  0
 0.800 -0.040 -1         0.00000  0
 0.800 -0.020  1         0.00000  0
 0.800  0.000  1      1423.59042  0
 0.820 -0.060 -1         0.00000  0
 0.820 -0.040 -1         0.00000  0
 0.820 -0.020  1         0.00000  0
 0.820  0.000  1         0.00000  0
 0.840 -0.060 -1         0.00000  0
 0.840 -0.040 -1         0.00000  0
 0.840 -0.020  1         0.00000  0
 0.840  0.000  1      2337.98951  0
 0.860 -0.060 -1         0.00000  0
 0.860 -0.040 -1         0.00000  0
 0.860 -0.020  1         0.00000  0
 0.860  0.000  1      2488.82577  0
 0.880 -0.060 -1         0.00000  0
 0.880 -0.040 -1         0.00000  0
 0.880 -0.020  1         0.00000  0
 0.880  0.000  1         0.00000  0
 0.900 -0.060 -1         0.00000  0
 0.900 -0.040 -1         0.00000  0
 0.900 -0.020  1         0.00000  0
 0.900  0.000  1      1818.47739  0
 0.920 -0.060 -1         0.00000  0
 0.920 -0.040 -1         0.00000  0
 0.920 -0.020  1         0.00000  0
 0.920  0.000  1      2342.81551  0
 0.940 -0.060 -1         0.00000  0
 0.940 -0.040 -1         0.00000  0
 0.940 -0.020  1         0.00000  0
 0.940  0.000  1         0.00000  0
 0.960 -0.060 -1         0.00000  0
 0.960 -0.040 -1         0.00000  0
 0.960 -0.020  1         0.00000  0
 0.960  0.000  1      2301.28232  0
 0.980 -0.060 -1         0.00000  0
 0.980 -0.040 -1         0.00000  0
 0.980 -0.020  1         0.00000  0
 0.980  0.000  1       889.48036  0
 1.000 -0.060 -1         0.00000  0
 1.000 -0.040 -1         0.00000  0
 1.000 -0.020  1         0.00000  0
 1.000  0.000  1         0.00000  0
 1.020 -0.060 -1         0.00000  0
 1.020 -0.040 -1         0.00000  0
 1.020 -0.020  1         0.00000  0
 1.020  0.000  1         0.00000  0
 1.020  0.020  1         0.00000  0
 1.020  0.040  1         0.00000  0
 1.020  0.060  1         0.00000  0
 1.020  0.080  1         0.00000  0
 1.020  0.100  1         0.00000  0
 1.020  0.120  1         0.00000  0
 1.020  0.140  1         0.00000  0
 1.020  0.160  1         0.00000  0
 1.020  0.180  1         0.00000  0
 1.020  0.200  1         0.00000  0
 1.020  0.220  1         0.00000  0
 1.020  0.240  1         0.00000  0
 1.020  0.260  1         0.00000  0
 1.020  0.280  1         0.00000  0
 1.020  0.300  1         0.00000  0
 1.020  0.320  1         0.00000  0
 1.020  0.340  1         0.00000  0
 1.020  0.360  1         0.00000  0
 1.020  0.380  1         0.00000  0
 1.020  0.400  1         0.00000  0
 1.020  0.420  1         0.00000  0
 1.020  0.440  1         0.00000  0
 1.020  0.460  1         0.00000  0
 1.020  0.480  1         0.00000  0
 1.020  0.500  1         0.00000  0
 1.020  0.520  1         0.00000  0
 1.020  0.540  1         0.00000  0
 1.020  0.560  1         0.00000  0
 1.020  0.580  1         0.00000  0
 1.020  0.600  1         0.00000  0
 1.040 -0.060 -1         0.00000  0
 1.040 -0.040 -1         0.00000  0
 1.040 -0.020  1         0.00000  0
 1.040  0.000  1         0.00000  0
 1.040  0.020  1         0.00000  0
 1.040  0.040  1         0.00000  0
 1.040  0.060  1         0.00000  0
 1.040  0.080  1         0.00000  0
 1.040  0.100  1         0.00000  0
 1.040  0.120  1         0.00000  0
 1.040  0.140  1         0.00000  0
 1.040  0.160  1         0.00000  0
 1.040  0.180  1         0.00000  0
 1.040  0.200  1         0.00000  0
 1.040  0.220  1         0.00000  0
 1.040  0.240  1         0.00000  0
 1.040  0.260  1         0.00000  0
 1.040  0.280  1         0.00000  0
 1.040  0.300  1         0.00000  0
 1.040  0.320  1         0.00000  0
 1.040  0.340  1         0.00000  0
 1.040  0.360  1         0.00000  0
 1.040  0.380  1         0.00000  0
 1.040  0.400  1         0.00000  0
 1.040  0.420  1         0.00000  0
 1.040  0.440  1         0.00000  0
 1.040  0.460  1         0.00000  0
 1.040  0.480  1         0.00000  0
 1.040  0.500  1         0.00000  0
 1.040  0.520  1         0.00000  0
 1.040  0.540  1         0.00000  0
 1.040  0.560  1         0.00000  0
 1.040  0.580  1         0.00000  0
 1.040  0.600  1         0.00000  0
 1.060 -0.060 -1         0.00000  0
 1.060 -0.040 -1         0.00000  0
 1.060 -0.020 -1         0.00000  0
 1.060  0.000 -1         0.00000  0
 1.060  0.020 -1         0.00000  0
 1.060  0.040 -1         0.00000  0
 1.060  0.060 -1         0.00000  0
 1.060  0.080 -1         0.00000  0
 1.060  0.100 -1         0.00000  0
 1.060  0.120 -1         0.00000  0
 1.060  0.140 -1         0.00000  0
 1.060  0.160 -1         0.00000  0
 1.060  0.180 -1         0.00000  0
 1.060  0.200 -1         0.00000  0
 1.060  0.220 -1         0.00000  0
 1.060  0.240 -1         0.00000  0
 1.060  0.260 -1         0.00000  0
 1.060  0.280 -1         0.00000  0
 1.060  0.300 -1         0.00000  0
 1.060  0.320 -1         0.00000  0
 1.060  0.340 -1         0.00000  0
 1.060  0.360 -1         0.00000  0
 1.060  0.380 -1         0.00000  0
 1.060  0.400 -1         0.00000  0
 1.060  0.420 -1         0.00000  0
 1.060  0.440 -1         0.00000  0
 1.060  0.460 -1         0.00000  0
 1.060  0.480 -1         0.00000  0
 1.060  0.500 -1         0.00000  0
 1.060  0.520 -1         0.00000  0
 1.060  0.540 -1         0.00000  0
 1.060  0.560 -1         0.00000  0
 1.060  0.580  1         0.00000  0
 1.060  0.600  1         0.00000  0
 1.080 -0.060 -1         0.00000  0
 1.080 -0.040 -1         0.00000  0
 1.080 -0.020 -1         0.00000  0
 1.080  0.000 -1         0.00000  0
 1.080  0.020 -1         0.00000  0
 1.080  0.040 -1         0.00000  0
 1.080  0.060 -1         0.00000  0
 1.080  0.080 -1         0.00000  0
 1.080  0.100 -1         0.00000  0
 1.080  0.120 -1         0.00000  0
 1.080  0.140 -1         0.00000  0
 1.080  0.160 -1         0.00000  0
 1.080  0.180 -1         0.00000  0
 1.080  0.200 -1         0.00000  0
 1.080  0.220 -1         0.00000  0
 1.080  0.240 -1         0.00000  0
 1.080  0.260 -1         0.00000  0
 1.080  0.280 -1         0.00000  0
 1.080  0.300 -1         0.00000  0
 1.080  0.320 -1         0.00000  0
 1.080  0.340 -1         0.00000  0
 1.080  0.360 -1         0.00000  0
 1.080  0.380 -1         0.00000  0
 1.080  0.400 -1         0.00000  0
 1.080  0.420 -1         0.00000  0
 1.080  0.440 -1         0.00000  0
 1.080  0.460 -1         0.00000  0
 1.080  0.480 -1         0.00000  0
 1.080  0.500 -1         0.00000  0
 1.080  0.520 -1         0.00000  0
 1.080  0.540 -1         0.00000  0
 1.080  0.560 -1         0.00000  0
 1.080  0.580  1         0.00000  0
 1.080  0.600  1         0.00000  0
