-0.075 -0.075 -1         0.00000  0
-0.075 -0.050 -1         0.00000  0
-0.075 -0.025 -1         0.00000  0
-0.075  0.000 -1         0.00000  0
-0.075  0.025 -1         0.00000  0
-0.075  0.050 -1         0.00000  0
-0.075  0.075 -1         0.00000  0
-0.075  0.100 -1         0.00000  0
-0.075  0.125 -1         0.00000  0
-0.075  0.150 -1         0.00000  0
-0.075  0.175 -1         0.00000  0
-0.075  0.200 -1         0.00000  0
-0.075  0.225 -1         0.00000  0
-0.075  0.250 -1         0.00000  0
-0.075  0.275 -1         0.00000  0
-0.075  0.300 -1         0.00000  0
-0.075  0.325 -1         0.00000  0
-0.075  0.350 -1         0.00000  0
-0.075  0.375 -1         0.00000  0
-0.075  0.400 -1         0.00000  0
-0.075  0.425 -1         0.00000  0
-0.075  0.450 -1         0.00000  0
-0.075  0.475 -1         0.00000  0
-0.075  0.500 -1         0.00000  0
-0.075  0.525 -1         0.00000  0
-0.075  0.550 -1         0.00000  0
-0.075  0.575  1         0.00000  0
-0.075  0.600  1         0.00000  0
-0.050 -0.075 -1         0.00000  0
-0.050 -0.050 -1         0.00000  0
-0.050 -0.025 -1         0.00000  0
-0.050  0.000 -1         0.00000  0
-0.050  0.025 -1         0.00000  0
-0.050  0.050 -1         0.00000  0
-0.050  0.075 -1         0.00000  0
-0.050  0.100 -1         0.00000  0
-0.050  0.125 -1         0.00000  0
-0.050  0.150 -1         0.00000  0
-0.050  0.175 -1         0.00000  0
-0.050  0.200 -1         0.00000  0
-0.050  0.225 -1         0.00000  0
-0.050  0.250 -1         0.00000  0
-0.050  0.275 -1         0.00000  0
-0.050  0.300 -1         0.00000  0
-0.050  0.325 -1         0.00000  0
-0.050  0.350 -1         0.00000  0
-0.050  0.375 -1         0.00000  0
-0.050  0.400 -1         0.00000  0
-0.050  0.425 -1         0.00000  0
-0.050  0.450 -1         0.00000  0
-0.050  0.475 -1         0.00000  0
-0.050  0.500 -1         0.00000  0
-0.050  0.525 -1         0.00000  0
-0.050  0.550 -1         0.00000  0
-0.050  0.575  1         0.00000  0
-0.050  0.600  1         0.00000  0
-0.025 -0.075 -1         0.00000  0
-0.025 -0.050 -1         0.00000  0
-0.025 -0.025  1         0.00000  0
-0.025  0.000  1         0.00000  0
-0.025  0.025  1         0.00000  0
-0.025  0.050  1         0.00000  0
-0.025  0.075  1         0.00000  0
-0.025  0.100  1         0.00000  0
-0.025  0.125  1         0.00000  0
-0.025  0.150  1         0.00000  0
-0.025  0.175  1         0.00000  0
-0.025  0.200  1         0.00000  0
-0.025  0.225  1         0.00000  0
-0.025  0.250  1         0.00000  0
-0.025  0.275  1         0.00000  0
-0.025  0.300  1         0.00000  0
-0.025  0.325  1         0.00000  0
-0.025  0.350  1         0.00000  0
-0.025  0.375  1         0.00000  0
-0.025  0.400  1         0.00000  0
-0.025  0.425  1         0.00000  0
-0.025  0.450  1         0.00000  0
-0.025  0.475  1         0.00000  0
-0.025  0.500  1         0.00000  0
-0.025  0.525  1         0.00000  0
-0.025  0.550  1         0.00000  0
-0.025  0.575  1         0.00000  0
-0.025  0.600  1         0.00000  0
 0.000 -0.075 -1         0.00000  0
 0.000 -0.050 -1         0.00000  0
 0.000 -0.025  1         0.00000  0
 0.000  0.000  1         0.00000  0
 0.000  0.025  1         0.00000  0
 0.000  0.050  1         0.00000  0
 0.000  0.075  1         0.00000  0
 0.000  0.100  1         0.00000  0
 0.000  0.125  1         0.00000  0
 0.000  0.150  1         0.00000  0
 0.000  0.175  1         0.00000  0
 0.000  0.200  1         0.00000  0
 0.000  0.225  1         0.00000  0
 0.000  0.250  1         0.00000  0
 0.000  0.275  1      7090.49345  0
 0.000  0.300  1      9194.37964  0
 0.000  0.325  1         0.00000  0
 0.000  0.350  1         0.00000  0
 0.000  0.375  1         0.00000  0
 0.000  0.400  1         0.00000  0
 0.000  0.425  1         0.00000  0
 0.000  0.450  1         0.00000  0
 0.000  0.475  1         0.00000  0
 0.000  0.500  1         0.00000  0
 0.000  0.525  1         0.00000  0
 0.000  0.550  1         0.00000  0
 0.000  0.575  1         0.00000  0
 0.000  0.600  1         0.00000  0
 0.025 -0.075 -1         0.00000  0
 0.025 -0.050 -1         0.00000  0
 0.025 -0.025  1         0.00000  0
 0.025  0.000  1         0.00000  0
 0.129  0.085  0         0.00000  0
-0.018  0.922  0         0.00000  0
****** ******  0         0.00000  0
 2.337  4.973  0         0.00000  0
 0.059  0.017  0         0.00000  0
 0.445  2.704  0         0.00000  0
-0.765 -2.383  0         0.00000  0
 0.473  0.771  0         0.00000  0
-6.751  1.098  0         0.00000  0
 9.316 ******  0         0.00000  0
-2.889 ******  0         0.00000  0
-5.225 -1.805  0         0.00000  0
 0.033  0.128  0         0.00000  0
 6.399  2.286  0         0.00000  0
 0.120  0.229  0         0.00000  0
 0.050  0.085  0         0.00000  0
 0.327  0.216  0         0.00000  0
****** ******  0         0.00000  0
 9.675 -4.341  0         0.00000  0
-3.608  5.613  0         0.00000  0
 0.050 -0.075 -1         0.00000  0
 0.050 -0.050 -1         0.00000  0
 0.050 -0.025  1         0.00000  0
 0.050  0.000  1         0.00000  0
94.296 35.937  0         0.00000  0
 0.295  0.913  0         0.00000  0
 8.805 -1.910  0         0.00000  0
-3.605 -7.352  0         0.00000  0
-0.377 -2.234  0         0.00000  0
 0.202  0.675  0         0.00000  0
-1.685  2.729  0         0.00000  0
 6.654 10.306  0         0.00000  0
 0.315  0.014  0         0.00000  0
-1.956  0.180  0         0.00000  0
 0.353  0.645  0         0.00000  0
 9.465  5.437  0         0.00000  0
 0.070  0.148  0         0.00000  0
 0.659  0.728  0         0.00000  0
 0.035  0.151  0         0.00000  0
****** 27.909  0         0.00000  0
-0.051  0.713  0         0.00000  0
 0.232  1.214  0         0.00000  0
 0.790  0.596  0         0.00000  0
 0.146  0.514  0         0.00000  0
 0.075 -0.075 -1         0.00000  0
 0.075 -0.050 -1         0.00000  0
 0.075 -0.025  1         0.00000  0
 0.075  0.000  1         0.00000  0
 1.038 -1.048  0         0.00000  0
****** ******  0         0.00000  0
-1.584 -2.271  0         0.00000  0
 1.369  1.221  0         0.00000  0
-0.817  3.769  0         0.00000  0
 0.091  0.522  0         0.00000  0
 5.776 21.955  0         0.00000  0
-7.729 37.642  0         0.00000  0
 0.175  0.282  0         0.00000  0
 0.305  0.459  0         0.00000  0
 0.258  0.045  0         0.00000  0
 0.397  0.252  0         0.00000  0
 0.590  0.060  0         0.00000  0
-1.458  1.808  0         0.00000  0
 1.274 -1.072  0         0.00000  0
 0.137  0.958  0         0.00000  0
 2.529 14.439  0         0.00000  0
****** ******  0         0.00000  0
 0.798  0.250  0         0.00000  0
****** ******  0         0.00000  0
 0.100 -0.075 -1         0.00000  0
 0.100 -0.050 -1         0.00000  0
 0.100 -0.025  1         0.00000  0
 0.100  0.000  1         0.00000  0
 0.806  0.087  0         0.00000  0
 0.703  0.264  0         0.00000  0
 8.737  2.408  0         0.00000  0
 0.739  0.393  0         0.00000  0
 0.507  0.203  0         0.00000  0
 6.414  4.361  0         0.00000  0
 0.619  1.951  0         0.00000  0
 0.699  0.159  0         0.00000  0
-2.041  3.783  0         0.00000  0
-7.970 -4.769  0         0.00000  0
 0.497  2.340  0         0.00000  0
 3.478  0.867  0         0.00000  0
-4.562 -2.502  0         0.00000  0
-3.302  1.733  0         0.00000  0
 0.719  0.225  0         0.00000  0
****** ******  0         0.00000  0
****** ******  0         0.00000  0
-6.824 ******  0         0.00000  0
 4.092 ******  0         0.00000  0
26.357  3.518  0         0.00000  0
 0.125 -0.075 -1         0.00000  0
 0.125 -0.050 -1         0.00000  0
 0.125 -0.025  1         0.00000  0
 0.125  0.000  1         0.00000  0
 0.750  0.175  0         0.00000  0
 0.207 -0.878  0         0.00000  0
****** 40.118  0         0.00000  0
 0.828  0.139  0         0.00000  0
 5.042 17.336  0         0.00000  0
 0.842  0.028  0         0.00000  0
15.798 ******  0         0.00000  0
****** ******  0         0.00000  0
 1.165  1.730  0         0.00000  0
 0.845  0.182  0         0.00000  0
 0.933  0.120  0         0.00000  0
 1.635 -0.571  0         0.00000  0
****** 74.615  0         0.00000  0
 0.931  0.220  0         0.00000  0
 0.376  0.362  0         0.00000  0
-1.350  2.872  0         0.00000  0
 3.667  5.132  0         0.00000  0
 1.418 -3.871  0         0.00000  0
-0.171 -1.687  0         0.00000  0
******  6.797  0         0.00000  0
 0.150 -0.075 -1         0.00000  0
 0.150 -0.050 -1         0.00000  0
 0.150 -0.025  1         0.00000  0
 0.150  0.000  1         0.00000  0
 0.868  0.426  0         0.00000  0
 0.489  0.185  0         0.00000  0
-1.859 ******  0         0.00000  0
 0.330  0.740  0         0.00000  0
-0.380  1.724  0         0.00000  0
15.208 ******  0         0.00000  0
 1.005  0.187  0         0.00000  0
 1.336 -1.283  0         0.00000  0
****** 12.074  0         0.00000  0
-2.857  0.560  0         0.00000  0
 0.900  0.380  0         0.00000  0
****** ******  0         0.00000  0
 0.750  0.223  0         0.00000  0
****** ******  0         0.00000  0
 1.114  2.616  0         0.00000  0
-1.607  1.879  0         0.00000  0
****** ******  0         0.00000  0
 8.474 -7.983  0         0.00000  0
 0.726  0.154  0         0.00000  0
 0.970  0.280  0         0.00000  0
 0.175 -0.075 -1         0.00000  0
 0.175 -0.050 -1         0.00000  0
 0.175 -0.025  1         0.00000  0
 0.175  0.000  1         0.00000  0
****** 58.343  0         0.00000  0
26.477 -8.820  0         0.00000  0
 4.001  3.685  0         0.00000  0
****** 43.025  0         0.00000  0
 0.676  0.287  0         0.00000  0
****** ******  0         0.00000  0
 0.426  0.634  0         0.00000  0
 1.023  0.267  0     59598.58898  1
-3.496 -2.234  0         0.00000  0
****** ******  0         0.00000  0
-8.116  2.717  0         0.00000  0
 0.993  0.218  0         0.00000  0
 0.455  0.650  0         0.00000  0
****** ******  0         0.00000  0
68.989 27.670  0         0.00000  0
22.241 96.539  0         0.00000  0
 0.941  0.305  0         0.00000  0
 0.622  0.728  0         0.00000  0
 0.698  0.037  0         0.00000  0
 0.928  0.201  0         0.00000  0
 0.200 -0.075 -1         0.00000  0
 0.200 -0.050 -1         0.00000  0
 0.200 -0.025  1         0.00000  0
 0.200  0.000  1         0.00000  0
-2.496  0.177  0         0.00000  0
79.761 ******  0         0.00000  0
 0.975  0.639  0         0.00000  0
 1.526  2.016  0         0.00000  0
 0.567  3.772  0         0.00000  0
-1.944  0.123  0         0.00000  0
 0.150  0.037  0         0.00000  0
 3.692 25.811  0         0.00000  0
42.843 30.007  0         0.00000  0
 1.591  5.759  0         0.00000  0
 0.851  0.438  0         0.00000  0
 4.398  0.643  0         0.00000  0
 0.883  0.302  0         0.00000  0
 0.735  0.101  0         0.00000  0
-4.055  1.738  0         0.00000  0
 0.772  0.304  0         0.00000  0
 0.849  0.274  0         0.00000  0
-0.513  3.464  0         0.00000  0
66.982 11.449  0         0.00000  0
****** ******  0         0.00000  0
 0.225 -0.075 -1         0.00000  0
 0.225 -0.050 -1         0.00000  0
 0.225 -0.025  1         0.00000  0
 0.225  0.000  1         0.00000  0
 0.922  0.271  0         0.00000  0
80.447 ******  0         0.00000  0
 0.453  0.131  0         0.00000  0
 0.462  1.652  0         0.00000  0
10.678 -1.817  0         0.00000  0
 0.511  1.141  0         0.00000  0
 2.369  9.036  0         0.00000  0
 0.975  0.262  0         0.00000  0
 5.117  5.741  0         0.00000  0
 0.739  0.240  0         0.00000  0
 0.318  0.141  0         0.00000  0
 0.088  0.290  0         0.00000  0
-0.415 -8.211  0         0.00000  0
****** ******  0         0.00000  0
 0.009  0.288  0      7866.79710  0
 0.528  1.455  0         0.00000  0
 0.986  0.295  0         0.00000  0
******  0.093  0         0.00000  0
 2.514 -0.047  0         0.00000  0
 3.524 -6.722  0         0.00000  0
 0.250 -0.075 -1         0.00000  0
 0.250 -0.050 -1         0.00000  0
 0.250 -0.025  1         0.00000  0
 0.250  0.000  1         0.00000  0
 1.283  2.151  0         0.00000  0
 0.869  0.582  0         0.00000  0
 0.645  0.366  0         0.00000  0
 0.941  0.504  0         0.00000  0
 0.940  0.437  0         0.00000  0
 0.399  0.079  0         0.00000  0
 0.484  0.202  0         0.00000  0
 0.763  0.702  0         0.00000  0
 0.380  1.435  0         0.00000  0
 3.594 -8.489  0         0.00000  0
****** ******  0         0.00000  0
-9.670 -6.117  0         0.00000  0
 1.260  0.490  0         0.00000  0
 0.947  0.214  0         0.00000  0
13.716  6.754  0         0.00000  0
 0.903  0.068  0         0.00000  0
 0.801  0.679  0         0.00000  0
 0.956  0.407  0         0.00000  0
 0.901  0.648  0         0.00000  0
****** ******  0         0.00000  0
 0.275 -0.075 -1         0.00000  0
 0.275 -0.050 -1         0.00000  0
 0.275 -0.025  1         0.00000  0
 0.275  0.000  1         0.00000  0
 0.300 -0.075 -1         0.00000  0
 0.300 -0.050 -1         0.00000  0
 0.300 -0.025  1         0.00000  0
 0.300  0.000  1         0.00000  0
 0.325 -0.075 -1         0.00000  0
 0.325 -0.050 -1         0.00000  0
 0.325 -0.025  1         0.00000  0
 0.325  0.000  1         0.00000  0
 0.350 -0.075 -1         0.00000  0
 0.350 -0.050 -1         0.00000  0
 0.350 -0.025  1         0.00000  0
 0.350  0.000  1         0.00000  0
 0.375 -0.075 -1         0.00000  0
 0.375 -0.050 -1         0.00000  0
 0.375 -0.025  1         0.00000  0
 0.375  0.000  1         0.00000  0
 0.400 -0.075 -1         0.00000  0
 0.400 -0.050 -1         0.00000  0
 0.400 -0.025  1         0.00000  0
 0.400  0.000  1         0.00000  0
 0.425 -0.075 -1         0.00000  0
 0.425 -0.050 -1         0.00000  0
 0.425 -0.025  1         0.00000  0
 0.425  0.000  1         0.00000  0
 0.450 -0.075 -1         0.00000  0
 0.450 -0.050 -1         0.00000  0
 0.450 -0.025  1         0.00000  0
 0.450  0.000  1         0.00000  0
 0.475 -0.075 -1         0.00000  0
 0.475 -0.050 -1         0.00000  0
 0.475 -0.025  1         0.00000  0
 0.475  0.000  1         0.00000  0
 0.500 -0.075 -1         0.00000  0
 0.500 -0.050 -1         0.00000  0
 0.500 -0.025  1         0.00000  0
 0.500  0.000  1         0.00000  0
 0.525 -0.075 -1         0.00000  0
 0.525 -0.050 -1         0.00000  0
 0.525 -0.025  1         0.00000  0
 0.525  0.000  1         0.00000  0
 0.550 -0.075 -1         0.00000  0
 0.550 -0.050 -1         0.00000  0
 0.550 -0.025  1         0.00000  0
 0.550  0.000  1         0.00000  0
 0.575 -0.075 -1         0.00000  0
 0.575 -0.050 -1         0.00000  0
 0.575 -0.025  1         0.00000  0
 0.575  0.000  1         0.00000  0
 0.600 -0.075 -1         0.00000  0
 0.600 -0.050 -1         0.00000  0
 0.600 -0.025  1         0.00000  0
 0.600  0.000  1         0.00000  0
 0.625 -0.075 -1         0.00000  0
 0.625 -0.050 -1         0.00000  0
 0.625 -0.025  1         0.00000  0
 0.625  0.000  1         0.00000  0
 0.650 -0.075 -1         0.00000  0
 0.650 -0.050 -1         0.00000  0
 0.650 -0.025  1         0.00000  0
 0.650  0.000  1         0.00000  0
 0.675 -0.075 -1         0.00000  0
 0.675 -0.050 -1         0.00000  0
 0.675 -0.025  1         0.00000  0
 0.675  0.000  1         0.00000  0
 0.700 -0.075 -1         0.00000  0
 0.700 -0.050 -1         0.00000  0
 0.700 -0.025  1         0.00000  0
 0.700  0.000  1         0.00000  0
 0.725 -0.075 -1         0.00000  0
 0.725 -0.050 -1         0.00000  0
 0.725 -0.025  1         0.00000  0
 0.725  0.000  1         0.00000  0
 0.750 -0.075 -1         0.00000  0
 0.750 -0.050 -1         0.00000  0
 0.750 -0.025  1         0.00000  0
 0.750  0.000  1         0.00000  0
 0.775 -0.075 -1         0.00000  0
 0.775 -0.050 -1         0.00000  0
 0.775 -0.025  1         0.00000  0
 0.775  0.000  1         0.00000  0
 0.800 -0.075 -1         0.00000  0
 0.800 -0.050 -1         0.00000  0
 0.800 -0.025  1         0.00000  0
 0.800  0.000  1         0.00000  0
 0.825 -0.075 -1         0.00000  0
 0.825 -0.050 -1         0.00000  0
 0.825 -0.025  1         0.00000  0
 0.825  0.000  1         0.00000  0
 0.850 -0.075 -1         0.00000  0
 0.850 -0.050 -1         0.00000  0
 0.850 -0.025  1         0.00000  0
 0.850  0.000  1         0.00000  0
 0.875 -0.075 -1         0.00000  0
 0.875 -0.050 -1         0.00000  0
 0.875 -0.025  1         0.00000  0
 0.875  0.000  1         0.00000  0
 0.900 -0.075 -1         0.00000  0
 0.900 -0.050 -1         0.00000  0
 0.900 -0.025  1         0.00000  0
 0.900  0.000  1         0.00000  0
 0.925 -0.075 -1         0.00000  0
 0.925 -0.050 -1         0.00000  0
 0.925 -0.025  1         0.00000  0
 0.925  0.000  1         0.00000  0
 0.950 -0.075 -1         0.00000  0
 0.950 -0.050 -1         0.00000  0
 0.950 -0.025  1         0.00000  0
 0.950  0.000  1         0.00000  0
 0.975 -0.075 -1         0.00000  0
 0.975 -0.050 -1         0.00000  0
 0.975 -0.025  1         0.00000  0
 0.975  0.000  1         0.00000  0
 1.000 -0.075 -1         0.00000  0
 1.000 -0.050 -1         0.00000  0
 1.000 -0.025  1         0.00000  0
 1.000  0.000  1         0.00000  0
 1.025 -0.075 -1         0.00000  0
 1.025 -0.050 -1         0.00000  0
 1.025 -0.025  1         0.00000  0
 1.025  0.000  1         0.00000  0
 1.025  0.025  1         0.00000  0
 1.025  0.050  1         0.00000  0
 1.025  0.075  1         0.00000  0
 1.025  0.100  1         0.00000  0
 1.025  0.125  1         0.00000  0
 1.025  0.150  1         0.00000  0
 1.025  0.175  1         0.00000  0
 1.025  0.200  1         0.00000  0
 1.025  0.225  1         0.00000  0
 1.025  0.250  1     55184.11210  1
 1.025  0.275  1     25799.17584  0
 1.025  0.300  1         0.00000  0
 1.025  0.325  1         0.00000  0
 1.025  0.350  1         0.00000  0
 1.025  0.375  1         0.00000  0
 1.025  0.400  1         0.00000  0
 1.025  0.425  1         0.00000  0
 1.025  0.450  1         0.00000  0
 1.025  0.475  1         0.00000  0
 1.025  0.500  1         0.00000  0
 1.025  0.525  1         0.00000  0
 1.025  0.550  1         0.00000  0
 1.025  0.575  1         0.00000  0
 1.025  0.600  1         0.00000  0
 1.050 -0.075 -1         0.00000  0
 1.050 -0.050 -1         0.00000  0
 1.050 -0.025  1         0.00000  0
 1.050  0.000  1         0.00000  0
 1.050  0.025  1         0.00000  0
 1.050  0.050  1         0.00000  0
 1.050  0.075  1         0.00000  0
 1.050  0.100  1         0.00000  0
 1.050  0.125  1         0.00000  0
 1.050  0.150  1         0.00000  0
 1.050  0.175  1         0.00000  0
 1.050  0.200  1         0.00000  0
 1.050  0.225  1         0.00000  0
 1.050  0.250  1         0.00000  0
 1.050  0.275  1         0.00000  0
 1.050  0.300  1         0.00000  0
 1.050  0.325  1         0.00000  0
 1.050  0.350  1         0.00000  0
 1.050  0.375  1         0.00000  0
 1.050  0.400  1         0.00000  0
 1.050  0.425  1         0.00000  0
 1.050  0.450  1         0.00000  0
 1.050  0.475  1         0.00000  0
 1.050  0.500  1         0.00000  0
 1.050  0.525  1         0.00000  0
 1.050  0.550  1         0.00000  0
 1.050  0.575  1         0.00000  0
 1.050  0.600  1         0.00000  0
 1.075 -0.075 -1         0.00000  0
 1.075 -0.050 -1         0.00000  0
 1.075 -0.025 -1         0.00000  0
 1.075  0.000 -1         0.00000  0
 1.075  0.025 -1         0.00000  0
 1.075  0.050 -1         0.00000  0
 1.075  0.075 -1         0.00000  0
 1.075  0.100 -1         0.00000  0
 1.075  0.125 -1         0.00000  0
 1.075  0.150 -1         0.00000  0
 1.075  0.175 -1         0.00000  0
 1.075  0.200 -1         0.00000  0
 1.075  0.225 -1         0.00000  0
 1.075  0.250 -1         0.00000  0
 1.075  0.275 -1         0.00000  0
 1.075  0.300 -1         0.00000  0
 1.075  0.325 -1         0.00000  0
 1.075  0.350 -1         0.00000  0
 1.075  0.375 -1         0.00000  0
 1.075  0.400 -1         0.00000  0
 1.075  0.425 -1         0.00000  0
 1.075  0.450 -1         0.00000  0
 1.075  0.475 -1         0.00000  0
 1.075  0.500 -1         0.00000  0
 1.075  0.525 -1         0.00000  0
 1.075  0.550 -1         0.00000  0
 1.075  0.575  1         0.00000  0
 1.075  0.600  1         0.00000  0
 1.100 -0.075 -1         0.00000  0
 1.100 -0.050 -1         0.00000  0
 1.100 -0.025 -1         0.00000  0
 1.100  0.000 -1         0.00000  0
 1.100  0.025 -1         0.00000  0
 1.100  0.050 -1         0.00000  0
 1.100  0.075 -1         0.00000  0
 1.100  0.100 -1         0.00000  0
 1.100  0.125 -1         0.00000  0
 1.100  0.150 -1         0.00000  0
 1.100  0.175 -1         0.00000  0
 1.100  0.200 -1         0.00000  0
 1.100  0.225 -1         0.00000  0
 1.100  0.250 -1         0.00000  0
 1.100  0.275 -1         0.00000  0
 1.100  0.300 -1         0.00000  0
 1.100  0.325 -1         0.00000  0
 1.100  0.350 -1         0.00000  0
 1.100  0.375 -1         0.00000  0
 1.100  0.400 -1         0.00000  0
 1.100  0.425 -1         0.00000  0
 1.100  0.450 -1         0.00000  0
 1.100  0.475 -1         0.00000  0
 1.100  0.500 -1         0.00000  0
 1.100  0.525 -1         0.00000  0
 1.100  0.550 -1         0.00000  0
 1.100  0.575  1         0.00000  0
 1.100  0.600  1         0.00000  0
