-0.075 -0.075 -1         0.00000  0
-0.075 -0.050 -1         0.00000  0
-0.075 -0.025 -1         0.00000  0
-0.075  0.000 -1         0.00000  0
-0.075  0.025 -1         0.00000  0
-0.075  0.050 -1         0.00000  0
-0.075  0.075 -1         0.00000  0
-0.075  0.100 -1         0.00000  0
-0.075  0.125 -1         0.00000  0
-0.075  0.150 -1         0.00000  0
-0.075  0.175 -1         0.00000  0
-0.075  0.200 -1         0.00000  0
-0.075  0.225 -1         0.00000  0
-0.075  0.250 -1         0.00000  0
-0.075  0.275 -1         0.00000  0
-0.075  0.300 -1         0.00000  0
-0.075  0.325 -1         0.00000  0
-0.075  0.350 -1         0.00000  0
-0.075  0.375 -1         0.00000  0
-0.075  0.400 -1         0.00000  0
-0.075  0.425 -1         0.00000  0
-0.075  0.450 -1         0.00000  0
-0.075  0.475 -1         0.00000  0
-0.075  0.500 -1         0.00000  0
-0.075  0.525 -1         0.00000  0
-0.075  0.550 -1         0.00000  0
-0.075  0.575  1         0.00000  0
-0.075  0.600  1         0.00000  0
-0.050 -0.075 -1         0.00000  0
-0.050 -0.050 -1         0.00000  0
-0.050 -0.025 -1         0.00000  0
-0.050  0.000 -1         0.00000  0
-0.050  0.025 -1         0.00000  0
-0.050  0.050 -1         0.00000  0
-0.050  0.075 -1         0.00000  0
-0.050  0.100 -1         0.00000  0
-0.050  0.125 -1         0.00000  0
-0.050  0.150 -1         0.00000  0
-0.050  0.175 -1         0.00000  0
-0.050  0.200 -1         0.00000  0
-0.050  0.225 -1         0.00000  0
-0.050  0.250 -1         0.00000  0
-0.050  0.275 -1         0.00000  0
-0.050  0.300 -1         0.00000  0
-0.050  0.325 -1         0.00000  0
-0.050  0.350 -1         0.00000  0
-0.050  0.375 -1         0.00000  0
-0.050  0.400 -1         0.00000  0
-0.050  0.425 -1         0.00000  0
-0.050  0.450 -1         0.00000  0
-0.050  0.475 -1         0.00000  0
-0.050  0.500 -1         0.00000  0
-0.050  0.525 -1         0.00000  0
-0.050  0.550 -1         0.00000  0
-0.050  0.575  1         0.00000  0
-0.050  0.600  1         0.00000  0
-0.025 -0.075 -1         0.00000  0
-0.025 -0.050 -1         0.00000  0
-0.025 -0.025  1         0.00000  0
-0.025  0.000  1         0.00000  0
-0.025  0.025  1         0.00000  0
-0.025  0.050  1         0.00000  0
-0.025  0.075  1         0.00000  0
-0.025  0.100  1         0.00000  0
-0.025  0.125  1         0.00000  0
-0.025  0.150  1         0.00000  0
-0.025  0.175  1         0.00000  0
-0.025  0.200  1         0.00000  0
-0.025  0.225  1         0.00000  0
-0.025  0.250  1         0.00000  0
-0.025  0.275  1         0.00000  0
-0.025  0.300  1         0.00000  0
-0.025  0.325  1         0.00000  0
-0.025  0.350  1         0.00000  0
-0.025  0.375  1         0.00000  0
-0.025  0.400  1         0.00000  0
-0.025  0.425  1         0.00000  0
-0.025  0.450  1         0.00000  0
-0.025  0.475  1         0.00000  0
-0.025  0.500  1         0.00000  0
-0.025  0.525  1         0.00000  0
-0.025  0.550  1         0.00000  0
-0.025  0.575  1         0.00000  0
-0.025  0.600  1         0.00000  0
 0.000 -0.075 -1         0.00000  0
 0.000 -0.050 -1         0.00000  0
 0.000 -0.025  1         0.00000  0
 0.000  0.000  1         0.00000  0
 0.000  0.025  1       431.91989  0
 0.000  0.050  1       979.57369  0
 0.000  0.075  1         0.00000  0
 0.000  0.100  1      1016.97197  0
 0.000  0.125  1         0.00000  0
 0.000  0.150  1         0.00000  0
 0.000  0.175  1         0.00000  0
 0.000  0.200  1         0.00000  0
 0.000  0.225  1         0.00000  0
 0.000  0.250  1         0.00000  0
 0.000  0.275  1         0.00000  0
 0.000  0.300  1         0.00000  0
 0.000  0.325  1         0.00000  0
 0.000  0.350  1         0.00000  0
 0.000  0.375  1         0.00000  0
 0.000  0.400  1         0.00000  0
 0.000  0.425  1         0.00000  0
 0.000  0.450  1         0.00000  0
 0.000  0.475  1         0.00000  0
 0.000  0.500  1         0.00000  0
 0.000  0.525  1         0.00000  0
 0.000  0.550  1         0.00000  0
 0.000  0.575  1         0.00000  0
 0.000  0.600  1         0.00000  0
 0.025 -0.075 -1         0.00000  0
 0.025 -0.050 -1         0.00000  0
 0.025 -0.025  1         0.00000  0
 0.025  0.000  1         0.00000  0
 0.085  0.020  0       403.64358  0
 0.266  0.053  0         2.43945  0
 0.131  0.025  0       812.71746  0
 0.319  0.103  0         0.00000  0
 0.022  0.031  0      1256.47977  0
 0.109  0.029  0       807.87900  0
 0.043  0.022  0      1636.47868  0
 0.250  0.024  0       334.15803  0
 0.150  0.027  0        23.72887  0
 0.108  0.050  0         0.00000  0
 0.118  0.074  0       313.90340  0
 0.019  0.063  0         0.00000  0
 0.048  0.047  0         0.00000  0
 0.044  0.100  0         0.00000  0
 0.045  0.070  0       310.89547  0
 0.073  0.077  0         0.00000  0
 0.112  0.096  0         0.00000  0
 0.138  0.088  0         0.00000  0
 0.159  0.070  0       306.39839  0
 0.018  0.106  0         0.00000  0
 0.050 -0.075 -1         0.00000  0
 0.050 -0.050 -1         0.00000  0
 0.050 -0.025  1         0.00000  0
 0.050  0.000  1      1273.16773  0
 0.177  0.024  0       491.89574  0
 0.291  0.033  0         0.00000  0
 0.353  0.070  0        16.91922  0
 0.313  0.055  0         0.00000  0
 0.272  0.025  0       878.49012  0
 0.230  0.044  0         0.00000  0
 0.304  0.071  0         0.00000  0
 0.332  0.132  0         0.00000  0
 0.151  0.053  0         0.00000  0
 0.197  0.028  0         0.00000  0
 0.182  0.050  0         0.00000  0
 0.373  0.051  0       139.54603  0
 0.066  0.038  0         0.00000  0
 0.265  0.067  0         0.00000  0
 0.085  0.057  0       822.75156  0
 0.054  0.089  0         0.00000  0
 0.242  0.093  0         0.00000  0
 0.100  0.078  0         0.00000  0
 0.172  0.089  0         0.00000  0
 0.182  0.076  0        50.97617  0
 0.075 -0.075 -1         0.00000  0
 0.075 -0.050 -1         0.00000  0
 0.075 -0.025  1         0.00000  0
 0.075  0.000  1      1066.77918  0
 0.311  0.025  0       446.59786  0
 0.222  0.025  0       899.77487  0
 0.547  0.024  0      2341.87975  0
 0.335  0.024  0      1677.80257  0
 0.444  0.027  0      1119.40421  0
 0.337  0.051  0         0.00000  0
 0.401  0.025  0         0.00000  0
 0.321  0.080  0      1233.50773  0
 0.356  0.028  0         0.00000  0
 0.340  0.106  0         0.00000  0
 0.380  0.025  0      1120.55888  0
 0.207  0.057  0         0.00000  0
 0.464  0.054  0       149.70999  0
 0.348  0.088  0         0.00000  0
 0.234  0.068  0      1096.32604  0
 0.259  0.090  0         0.00000  0
 0.457  0.072  0         0.00000  0
 0.210  0.081  0         0.00000  0
 0.405  0.076  0         0.00000  0
 0.224  0.097  0         0.00000  0
 0.100 -0.075 -1         0.00000  0
 0.100 -0.050 -1         0.00000  0
 0.100 -0.025  1         0.00000  0
 0.100  0.000  1       577.13632  0
 0.716  0.025  0      1034.33516  0
 0.692  0.023  0         0.00000  0
 0.639  0.026  0      1381.62522  0
 0.497  0.022  0       874.47942  0
 0.578  0.026  0       181.01476  0
 0.525  0.028  0         0.00000  0
 0.624  0.059  0         0.00000  0
 0.697  0.052  0      1384.52757  0
 0.607  0.065  0         0.00000  0
 0.558  0.066  0         0.00000  0
 0.732  0.072  0         0.00000  0
 0.466  0.023  0         0.00000  0
 0.605  0.022  0       872.54373  0
 0.569  0.092  0         0.00000  0
 0.501  0.041  0       739.93142  0
 0.423  0.034  0         0.00000  0
 0.445  0.096  0         0.00000  0
 0.381  0.072  0         0.00000  0
 0.488  0.061  0      1115.86555  0
 0.397  0.059  0         0.00000  0
 0.125 -0.075 -1         0.00000  0
 0.125 -0.050 -1         0.00000  0
 0.125 -0.025  1         0.00000  0
 0.125  0.000  1       307.66195  0
 0.801  0.031  0      2531.39724  0
 0.830  0.060  0         0.00000  0
 0.824  0.022  0       869.31808  0
 0.666  0.022  0      2717.91889  0
 0.862  0.082  0        18.33237  0
 0.916  0.076  0      1793.90787  0
 0.902  0.029  0       868.22133  0
 0.873  0.022  0       343.16511  0
 0.842  0.095  0         0.00000  0
 0.757  0.024  0      2885.03124  0
 0.781  0.024  0       909.33372  0
 0.782  0.061  0      1061.47702  0
 0.611  0.041  0         0.00000  0
 0.703  0.073  0         0.00000  0
 0.566  0.038  0         0.00000  0
 0.439  0.049  0         0.00000  0
 0.532  0.086  0       144.14720  0
 0.429  0.081  0         0.00000  0
 0.521  0.062  0         0.00000  0
 0.494  0.074  0         0.00000  0
 0.150 -0.075 -1         0.00000  0
 0.150 -0.050 -1         0.00000  0
 0.150 -0.025  1         0.00000  0
 0.150  0.000  1         0.00000  0
 0.991  0.112  0         0.00000  0
 0.888  0.044  0       463.76434  0
 0.983  0.052  0       105.51564  0
 0.946  0.164  0         0.00000  0
 0.946  0.273  0         0.00000  1
 0.922  0.051  0         0.00000  0
 0.925  0.022  0       469.00490  0
 0.849  0.026  0       169.47577  0
 0.923  0.118  0         0.00000  0
 0.870  0.060  0      1142.42947  0
 0.849  0.050  0      1457.41465  0
 0.835  0.080  0         0.00000  0
 0.742  0.035  0      2479.14349  0
 0.653  0.041  0      1246.83394  0
 0.684  0.063  0         0.00000  0
 0.579  0.101  0         0.00000  0
 0.649  0.060  0         0.00000  0
 0.598  0.088  0         0.00000  0
 0.527  0.096  0         0.00000  0
 0.544  0.053  0         0.00000  0
 0.175 -0.075 -1         0.00000  0
 0.175 -0.050 -1         0.00000  0
 0.175 -0.025  1         0.00000  0
 0.175  0.000  1         0.00000  0
 1.004  0.148  0       667.28377  0
 1.004  0.099  0       466.52959  0
 0.953  0.265  0         0.00000  1
 0.969  0.319  0         0.00000  0
 0.930  0.243  0         0.00000  0
 1.005  0.312  0         0.00000  0
 0.920  0.350  0         0.00000  0
 0.930  0.089  0       376.87145  0
 0.958  0.058  0      1098.51651  0
 0.951  0.184  0         0.00000  0
 0.995  0.180  0         0.00000  0
 0.994  0.162  0      2526.64545  0
 0.975  0.101  0      1298.53924  0
 0.902  0.106  0         0.00000  0
 0.912  0.142  0         0.00000  0
 0.802  0.090  0         0.00000  0
 0.880  0.098  0       587.03108  0
 0.726  0.046  0      1068.25572  0
 0.765  0.065  0         0.00000  0
 0.731  0.090  0         0.00000  0
 0.200 -0.075 -1         0.00000  0
 0.200 -0.050 -1         0.00000  0
 0.200 -0.025  1         0.00000  0
 0.200  0.000  1         0.00000  0
 0.979  0.217  0      3990.15831  0
 1.004  0.031  0      1820.89873  0
 0.991  0.299  0         0.00000  0
 0.968  0.425  0         0.00000  0
 0.996  0.244  0         0.00000  0
 0.983  0.024  0      1335.65800  0
 0.901  0.302  0         0.00000  0
 0.976  0.488  0         0.00000  0
 0.903  0.372  0         0.00000  0
 0.866  0.228  0         0.00000  0
 0.970  0.141  0         0.00000  0
 0.958  0.022  0       342.96932  0
 0.975  0.073  0       466.74083  0
 0.950  0.083  0       371.64546  0
 0.943  0.197  0         0.00000  0
 0.956  0.109  0         0.00000  0
 0.952  0.137  0       429.96149  0
 0.932  0.141  0      2348.60369  0
 0.882  0.114  0         0.00000  0
 0.780  0.080  0         0.00000  0
 0.225 -0.075 -1         0.00000  0
 0.225 -0.050 -1         0.00000  0
 0.225 -0.025  1         0.00000  0
 0.225  0.000  1         0.00000  0
 1.002  0.418  0         0.00000  0
 0.866  0.598  0         0.00000  0
 0.815  0.890  0         0.00000  0
 0.851  0.776  0         0.00000  0
 0.977  0.469  0         0.00000  0
 0.978  0.359  0         0.00000  0
 0.988  0.795  0         0.00000  0
 0.998  0.266  0         0.00000  0
 0.928  0.318  0         0.00000  1
 1.006  0.205  0         0.00000  0
 0.885  0.246  0         0.00000  0
 0.920  0.312  0         0.00000  1
 0.996  0.403  0         0.00000  0
 0.988  0.281  0         0.00000  0
 0.866  0.264  0         0.00000  0
 0.957  0.222  0         0.00000  0
 0.942  0.041  0       547.41115  0
 0.895  0.216  0         0.00000  0
 0.896  0.071  0         0.00000  0
 0.806  0.050  0         0.00000  0
 0.250 -0.075 -1         0.00000  0
 0.250 -0.050 -1         0.00000  0
 0.250 -0.025  1         0.00000  0
 0.250  0.000  1      1235.88045  0
 0.924  0.973  0         0.00000  0
 0.951  0.999  0         0.00000  0
 0.884  0.822  0         0.00000  0
 0.888  0.371  0         0.00000  0
 1.004  0.064  0         0.00000  0
 0.879  0.909  0         0.00000  0
 0.849  0.375  0         0.00000  0
 0.950  0.942  0         0.00000  0
 0.944  0.553  0         0.00000  0
 0.901  0.409  0         0.00000  0
 0.887  0.504  0         0.00000  0
 0.968  0.344  0         0.00000  0
 1.014  0.696  0         0.00000  0
 0.981  0.630  0         0.00000  0
 0.941  0.540  0         0.00000  0
 0.822  0.292  0         0.00000  0
 0.971  0.238  0         0.00000  0
 0.923  0.236  0         0.00000  0
 0.972  0.199  0      1198.95911  0
 0.897  0.144  0         0.00000  0
 0.275 -0.075 -1         0.00000  0
 0.275 -0.050 -1         0.00000  0
 0.275 -0.025  1         0.00000  0
 0.275  0.000  1       772.47653  0
 0.300 -0.075 -1         0.00000  0
 0.300 -0.050 -1         0.00000  0
 0.300 -0.025  1         0.00000  0
 0.300  0.000  1         0.00000  0
 0.325 -0.075 -1         0.00000  0
 0.325 -0.050 -1         0.00000  0
 0.325 -0.025  1         0.00000  0
 0.325  0.000  1       385.23436  0
 0.350 -0.075 -1         0.00000  0
 0.350 -0.050 -1         0.00000  0
 0.350 -0.025  1         0.00000  0
 0.350  0.000  1         0.00000  0
 0.375 -0.075 -1         0.00000  0
 0.375 -0.050 -1         0.00000  0
 0.375 -0.025  1         0.00000  0
 0.375  0.000  1        90.76720  0
 0.400 -0.075 -1         0.00000  0
 0.400 -0.050 -1         0.00000  0
 0.400 -0.025  1         0.00000  0
 0.400  0.000  1         0.00000  0
 0.425 -0.075 -1         0.00000  0
 0.425 -0.050 -1         0.00000  0
 0.425 -0.025  1         0.00000  0
 0.425  0.000  1         0.00000  0
 0.450 -0.075 -1         0.00000  0
 0.450 -0.050 -1         0.00000  0
 0.450 -0.025  1         0.00000  0
 0.450  0.000  1         0.00000  0
 0.475 -0.075 -1         0.00000  0
 0.475 -0.050 -1         0.00000  0
 0.475 -0.025  1         0.00000  0
 0.475  0.000  1       800.11648  0
 0.500 -0.075 -1         0.00000  0
 0.500 -0.050 -1         0.00000  0
 0.500 -0.025  1         0.00000  0
 0.500  0.000  1      2911.76140  0
 0.525 -0.075 -1         0.00000  0
 0.525 -0.050 -1         0.00000  0
 0.525 -0.025  1         0.00000  0
 0.525  0.000  1         0.00000  0
 0.550 -0.075 -1         0.00000  0
 0.550 -0.050 -1         0.00000  0
 0.550 -0.025  1         0.00000  0
 0.550  0.000  1       906.60284  0
 0.575 -0.075 -1         0.00000  0
 0.575 -0.050 -1         0.00000  0
 0.575 -0.025  1         0.00000  0
 0.575  0.000  1       407.97567  0
 0.600 -0.075 -1         0.00000  0
 0.600 -0.050 -1         0.00000  0
 0.600 -0.025  1         0.00000  0
 0.600  0.000  1      1205.88162  0
 0.625 -0.075 -1         0.00000  0
 0.625 -0.050 -1         0.00000  0
 0.625 -0.025  1         0.00000  0
 0.625  0.000  1         0.00000  0
 0.650 -0.075 -1         0.00000  0
 0.650 -0.050 -1         0.00000  0
 0.650 -0.025  1         0.00000  0
 0.650  0.000  1      1907.13925  0
 0.675 -0.075 -1         0.00000  0
 0.675 -0.050 -1         0.00000  0
 0.675 -0.025  1         0.00000  0
 0.675  0.000  1      4967.91977  0
 0.700 -0.075 -1         0.00000  0
 0.700 -0.050 -1         0.00000  0
 0.700 -0.025  1         0.00000  0
 0.700  0.000  1      2057.39309  0
 0.725 -0.075 -1         0.00000  0
 0.725 -0.050 -1         0.00000  0
 0.725 -0.025  1         0.00000  0
 0.725  0.000  1        50.66478  0
 0.750 -0.075 -1         0.00000  0
 0.750 -0.050 -1         0.00000  0
 0.750 -0.025  1         0.00000  0
 0.750  0.000  1      1496.38348  0
 0.775 -0.075 -1         0.00000  0
 0.775 -0.050 -1         0.00000  0
 0.775 -0.025  1         0.00000  0
 0.775  0.000  1      2437.67928  0
 0.800 -0.075 -1         0.00000  0
 0.800 -0.050 -1         0.00000  0
 0.800 -0.025  1         0.00000  0
 0.800  0.000  1       864.09044  0
 0.825 -0.075 -1         0.00000  0
 0.825 -0.050 -1         0.00000  0
 0.825 -0.025  1         0.00000  0
 0.825  0.000  1      2352.41852  0
 0.850 -0.075 -1         0.00000  0
 0.850 -0.050 -1         0.00000  0
 0.850 -0.025  1         0.00000  0
 0.850  0.000  1      2266.88515  0
 0.875 -0.075 -1         0.00000  0
 0.875 -0.050 -1         0.00000  0
 0.875 -0.025  1         0.00000  0
 0.875  0.000  1      2163.62097  0
 0.900 -0.075 -1         0.00000  0
 0.900 -0.050 -1         0.00000  0
 0.900 -0.025  1         0.00000  0
 0.900  0.000  1         0.00000  0
 0.925 -0.075 -1         0.00000  0
 0.925 -0.050 -1         0.00000  0
 0.925 -0.025  1         0.00000  0
 0.925  0.000  1      1769.74258  0
 0.950 -0.075 -1         0.00000  0
 0.950 -0.050 -1         0.00000  0
 0.950 -0.025  1         0.00000  0
 0.950  0.000  1      1981.91209  0
 0.975 -0.075 -1         0.00000  0
 0.975 -0.050 -1         0.00000  0
 0.975 -0.025  1         0.00000  0
 0.975  0.000  1       702.45291  0
 1.000 -0.075 -1         0.00000  0
 1.000 -0.050 -1         0.00000  0
 1.000 -0.025  1         0.00000  0
 1.000  0.000  1         0.00000  0
 1.025 -0.075 -1         0.00000  0
 1.025 -0.050 -1         0.00000  0
 1.025 -0.025  1         0.00000  0
 1.025  0.000  1         0.00000  0
 1.025  0.025  1      1768.80363  0
 1.025  0.050  1       942.06211  0
 1.025  0.075  1       294.36100  0
 1.025  0.100  1      1532.02888  0
 1.025  0.125  1         0.00000  0
 1.025  0.150  1      3100.64821  0
 1.025  0.175  1      2455.82122  0
 1.025  0.200  1      1308.41266  0
 1.025  0.225  1         0.00000  0
 1.025  0.250  1         0.00000  0
 1.025  0.275  1         0.00000  0
 1.025  0.300  1       859.21161  0
 1.025  0.325  1         0.00000  0
 1.025  0.350  1         0.00000  0
 1.025  0.375  1         0.00000  0
 1.025  0.400  1         0.00000  0
 1.025  0.425  1         0.00000  0
 1.025  0.450  1         0.00000  0
 1.025  0.475  1         0.00000  0
 1.025  0.500  1         0.00000  0
 1.025  0.525  1         0.00000  0
 1.025  0.550  1         0.00000  0
 1.025  0.575  1         0.00000  0
 1.025  0.600  1         0.00000  0
 1.050 -0.075 -1         0.00000  0
 1.050 -0.050 -1         0.00000  0
 1.050 -0.025  1         0.00000  0
 1.050  0.000  1         0.00000  0
 1.050  0.025  1         0.00000  0
 1.050  0.050  1         0.00000  0
 1.050  0.075  1         0.00000  0
 1.050  0.100  1         0.00000  0
 1.050  0.125  1         0.00000  0
 1.050  0.150  1         0.00000  0
 1.050  0.175  1         0.00000  0
 1.050  0.200  1         0.00000  0
 1.050  0.225  1         0.00000  0
 1.050  0.250  1         0.00000  0
 1.050  0.275  1         0.00000  0
 1.050  0.300  1         0.00000  0
 1.050  0.325  1         0.00000  0
 1.050  0.350  1         0.00000  0
 1.050  0.375  1         0.00000  0
 1.050  0.400  1         0.00000  0
 1.050  0.425  1         0.00000  0
 1.050  0.450  1         0.00000  0
 1.050  0.475  1         0.00000  0
 1.050  0.500  1         0.00000  0
 1.050  0.525  1         0.00000  0
 1.050  0.550  1         0.00000  0
 1.050  0.575  1         0.00000  0
 1.050  0.600  1         0.00000  0
 1.075 -0.075 -1         0.00000  0
 1.075 -0.050 -1         0.00000  0
 1.075 -0.025 -1         0.00000  0
 1.075  0.000 -1         0.00000  0
 1.075  0.025 -1         0.00000  0
 1.075  0.050 -1         0.00000  0
 1.075  0.075 -1         0.00000  0
 1.075  0.100 -1         0.00000  0
 1.075  0.125 -1         0.00000  0
 1.075  0.150 -1         0.00000  0
 1.075  0.175 -1         0.00000  0
 1.075  0.200 -1         0.00000  0
 1.075  0.225 -1         0.00000  0
 1.075  0.250 -1         0.00000  0
 1.075  0.275 -1         0.00000  0
 1.075  0.300 -1         0.00000  0
 1.075  0.325 -1         0.00000  0
 1.075  0.350 -1         0.00000  0
 1.075  0.375 -1         0.00000  0
 1.075  0.400 -1         0.00000  0
 1.075  0.425 -1         0.00000  0
 1.075  0.450 -1         0.00000  0
 1.075  0.475 -1         0.00000  0
 1.075  0.500 -1         0.00000  0
 1.075  0.525 -1         0.00000  0
 1.075  0.550 -1         0.00000  0
 1.075  0.575  1         0.00000  0
 1.075  0.600  1         0.00000  0
 1.100 -0.075 -1         0.00000  0
 1.100 -0.050 -1         0.00000  0
 1.100 -0.025 -1         0.00000  0
 1.100  0.000 -1         0.00000  0
 1.100  0.025 -1         0.00000  0
 1.100  0.050 -1         0.00000  0
 1.100  0.075 -1         0.00000  0
 1.100  0.100 -1         0.00000  0
 1.100  0.125 -1         0.00000  0
 1.100  0.150 -1         0.00000  0
 1.100  0.175 -1         0.00000  0
 1.100  0.200 -1         0.00000  0
 1.100  0.225 -1         0.00000  0
 1.100  0.250 -1         0.00000  0
 1.100  0.275 -1         0.00000  0
 1.100  0.300 -1         0.00000  0
 1.100  0.325 -1         0.00000  0
 1.100  0.350 -1         0.00000  0
 1.100  0.375 -1         0.00000  0
 1.100  0.400 -1         0.00000  0
 1.100  0.425 -1         0.00000  0
 1.100  0.450 -1         0.00000  0
 1.100  0.475 -1         0.00000  0
 1.100  0.500 -1         0.00000  0
 1.100  0.525 -1         0.00000  0
 1.100  0.550 -1         0.00000  0
 1.100  0.575  1         0.00000  0
 1.100  0.600  1         0.00000  0
