-0.075 -0.075 -1         0.00000  0
-0.075 -0.050 -1         0.00000  0
-0.075 -0.025 -1         0.00000  0
-0.075  0.000 -1         0.00000  0
-0.075  0.025 -1         0.00000  0
-0.075  0.050 -1         0.00000  0
-0.075  0.075 -1         0.00000  0
-0.075  0.100 -1         0.00000  0
-0.075  0.125 -1         0.00000  0
-0.075  0.150 -1         0.00000  0
-0.075  0.175 -1         0.00000  0
-0.075  0.200 -1         0.00000  0
-0.075  0.225 -1         0.00000  0
-0.075  0.250 -1         0.00000  0
-0.075  0.275 -1         0.00000  0
-0.075  0.300 -1         0.00000  0
-0.075  0.325 -1         0.00000  0
-0.075  0.350 -1         0.00000  0
-0.075  0.375 -1         0.00000  0
-0.075  0.400 -1         0.00000  0
-0.075  0.425 -1         0.00000  0
-0.075  0.450 -1         0.00000  0
-0.075  0.475 -1         0.00000  0
-0.075  0.500 -1         0.00000  0
-0.075  0.525 -1         0.00000  0
-0.075  0.550 -1         0.00000  0
-0.075  0.575  1         0.00000  0
-0.075  0.600  1         0.00000  0
-0.050 -0.075 -1         0.00000  0
-0.050 -0.050 -1         0.00000  0
-0.050 -0.025 -1         0.00000  0
-0.050  0.000 -1         0.00000  0
-0.050  0.025 -1         0.00000  0
-0.050  0.050 -1         0.00000  0
-0.050  0.075 -1         0.00000  0
-0.050  0.100 -1         0.00000  0
-0.050  0.125 -1         0.00000  0
-0.050  0.150 -1         0.00000  0
-0.050  0.175 -1         0.00000  0
-0.050  0.200 -1         0.00000  0
-0.050  0.225 -1         0.00000  0
-0.050  0.250 -1         0.00000  0
-0.050  0.275 -1         0.00000  0
-0.050  0.300 -1         0.00000  0
-0.050  0.325 -1         0.00000  0
-0.050  0.350 -1         0.00000  0
-0.050  0.375 -1         0.00000  0
-0.050  0.400 -1         0.00000  0
-0.050  0.425 -1         0.00000  0
-0.050  0.450 -1         0.00000  0
-0.050  0.475 -1         0.00000  0
-0.050  0.500 -1         0.00000  0
-0.050  0.525 -1         0.00000  0
-0.050  0.550 -1         0.00000  0
-0.050  0.575  1         0.00000  0
-0.050  0.600  1         0.00000  0
-0.025 -0.075 -1         0.00000  0
-0.025 -0.050 -1         0.00000  0
-0.025 -0.025  1         0.00000  0
-0.025  0.000  1         0.00000  0
-0.025  0.025  1         0.00000  0
-0.025  0.050  1         0.00000  0
-0.025  0.075  1         0.00000  0
-0.025  0.100  1         0.00000  0
-0.025  0.125  1         0.00000  0
-0.025  0.150  1         0.00000  0
-0.025  0.175  1         0.00000  0
-0.025  0.200  1         0.00000  0
-0.025  0.225  1         0.00000  0
-0.025  0.250  1         0.00000  0
-0.025  0.275  1         0.00000  0
-0.025  0.300  1         0.00000  0
-0.025  0.325  1         0.00000  0
-0.025  0.350  1         0.00000  0
-0.025  0.375  1         0.00000  0
-0.025  0.400  1         0.00000  0
-0.025  0.425  1         0.00000  0
-0.025  0.450  1         0.00000  0
-0.025  0.475  1         0.00000  0
-0.025  0.500  1         0.00000  0
-0.025  0.525  1         0.00000  0
-0.025  0.550  1         0.00000  0
-0.025  0.575  1         0.00000  0
-0.025  0.600  1         0.00000  0
 0.000 -0.075 -1         0.00000  0
 0.000 -0.050 -1         0.00000  0
 0.000 -0.025  1         0.00000  0
 0.000  0.000  1      2277.83580  0
 0.000  0.025  1      3089.32344  0
 0.000  0.050  1         0.00000  0
 0.000  0.075  1      1625.05663  0
 0.000  0.100  1       742.91100  0
 0.000  0.125  1      2789.08208  0
 0.000  0.150  1      3095.18139  0
 0.000  0.175  1         0.00000  0
 0.000  0.200  1         0.00000  0
 0.000  0.225  1      1881.52447  0
 0.000  0.250  1         0.00000  0
 0.000  0.275  1         0.00000  0
 0.000  0.300  1       590.77723  0
 0.000  0.325  1       270.38591  0
 0.000  0.350  1         0.00000  0
 0.000  0.375  1         0.00000  0
 0.000  0.400  1         0.00000  0
 0.000  0.425  1         0.00000  0
 0.000  0.450  1         0.00000  0
 0.000  0.475  1         0.00000  0
 0.000  0.500  1         0.00000  0
 0.000  0.525  1         0.00000  0
 0.000  0.550  1         0.00000  0
 0.000  0.575  1         0.00000  0
 0.000  0.600  1         0.00000  0
 0.025 -0.075 -1         0.00000  0
 0.025 -0.050 -1         0.00000  0
 0.025 -0.025  1         0.00000  0
 0.025  0.000  1      3304.71070  0
 0.022  0.023  0      4195.00396  0
 0.060  0.045  0      2358.45230  0
 0.033  0.042  0      2840.66065  0
 0.079  0.048  0      1766.66490  0
 0.034  0.062  0      1821.96242  0
 0.057  0.077  0      2223.93793  0
 0.022  0.082  0      2857.14364  0
 0.053  0.099  0      1806.99049  0
 0.028  0.104  0      1304.47090  0
 0.021  0.134  0      3238.43823  0
 0.045  0.154  0         0.00000  0
 0.022  0.164  0       768.64779  0
 0.033  0.189  0       231.82593  0
 0.033  0.211  0        73.21606  0
 0.021  0.230  0      1802.09344  0
 0.028  0.253  0         0.00000  0
 0.030  0.272  0       384.86735  0
 0.024  0.294  0       279.87936  0
 0.032  0.317  0         0.00000  0
 0.023  0.330  0         0.00000  0
 0.050 -0.075 -1         0.00000  0
 0.050 -0.050 -1         0.00000  0
 0.050 -0.025  1         0.00000  0
 0.050  0.000  1      2310.51151  0
 0.059  0.021  0      2003.99558  0
 0.108  0.035  0      1889.57564  0
 0.095  0.068  0      2488.38722  0
 0.115  0.058  0      3966.15616  0
 0.078  0.081  0      2660.28893  0
 0.091  0.102  0      1628.07648  0
 0.065  0.120  0      3879.47699  0
 0.089  0.121  0      1395.37897  0
 0.042  0.128  0      1773.75644  0
 0.076  0.144  0      2372.31114  0
 0.069  0.163  0      3363.44992  0
 0.093  0.184  0      2295.83816  0
 0.052  0.181  0      1877.12330  0
 0.074  0.196  0      1634.74497  0
 0.058  0.213  0      2039.87003  0
 0.060  0.233  0       890.15711  0
 0.062  0.252  0      1350.13097  0
 0.059  0.274  0         0.00000  0
 0.056  0.298  0       863.74864  0
 0.061  0.320  0         0.00000  0
 0.075 -0.075 -1         0.00000  0
 0.075 -0.050 -1         0.00000  0
 0.075 -0.025  1         0.00000  0
 0.075  0.000  1      4255.53371  0
 0.135  0.021  0      2487.96068  0
 0.091  0.020  0      4705.71531  0
 0.165  0.026  0       894.31505  0
 0.133  0.044  0      2787.29131  0
 0.154  0.053  0      2789.05372  0
 0.126  0.082  0      1911.32446  0
 0.140  0.100  0      3076.38417  0
 0.118  0.101  0      1907.75204  0
 0.133  0.124  0      1401.04340  0
 0.111  0.143  0      2036.94921  0
 0.132  0.151  0      2746.44986  0
 0.101  0.158  0       777.50253  0
 0.113  0.186  0      1348.22249  0
 0.110  0.211  0      1420.28567  0
 0.092  0.221  0       582.36912  0
 0.091  0.243  0       572.12930  0
 0.096  0.262  0         0.00000  0
 0.083  0.282  0       251.89491  0
 0.089  0.306  0         0.00000  0
 0.076  0.318  0         0.00000  0
 0.100 -0.075 -1         0.00000  0
 0.100 -0.050 -1         0.00000  0
 0.100 -0.025  1         0.00000  0
 0.100  0.000  1      3522.08569  0
 0.216  0.021  0      4676.46814  0
 0.186  0.025  0      2982.59527  0
 0.204  0.041  0      2624.66168  0
 0.174  0.054  0      1623.32445  0
 0.179  0.075  0      1737.98580  0
 0.157  0.080  0      1959.11712  0
 0.211  0.085  0      2804.66532  0
 0.188  0.099  0      3933.83950  0
 0.198  0.125  0      1013.88680  0
 0.169  0.107  0      3709.76726  0
 0.173  0.130  0      1175.35155  0
 0.153  0.137  0      3298.65618  0
 0.160  0.163  0         0.00000  0
 0.140  0.173  0      3194.02115  0
 0.142  0.196  0        37.90102  0
 0.131  0.217  0      2520.98299  0
 0.130  0.241  0       513.17989  0
 0.122  0.263  0      1201.42688  0
 0.116  0.284  0       148.08496  0
 0.115  0.312  0         0.00000  0
 0.125 -0.075 -1         0.00000  0
 0.125 -0.050 -1         0.00000  0
 0.125 -0.025  1         0.00000  0
 0.125  0.000  1      2862.61775  0
 0.247  0.022  0      2988.61761  0
 0.227  0.049  0      1538.79857  0
 0.280  0.025  0      1196.30019  0
 0.216  0.064  0      3842.44090  0
 0.256  0.040  0      3200.69754  0
 0.273  0.053  0      2838.99159  0
 0.299  0.080  0       667.13944  0
 0.249  0.073  0      1895.52892  0
 0.245  0.095  0      3023.71322  0
 0.219  0.103  0      1217.66201  0
 0.232  0.128  0       998.55157  0
 0.208  0.142  0      3448.42062  0
 0.194  0.160  0      2069.34139  0
 0.181  0.175  0      2963.33867  0
 0.172  0.195  0      1701.14431  0
 0.162  0.214  0      2605.88032  0
 0.159  0.235  0       479.65597  0
 0.148  0.255  0      1184.27086  0
 0.150  0.284  0         0.00000  0
 0.135  0.296  0         0.00000  0
 0.150 -0.075 -1         0.00000  0
 0.150 -0.050 -1         0.00000  0
 0.150 -0.025  1         0.00000  0
 0.150  0.000  1      1113.37084  0
 0.396  0.023  0      2656.90731  0
 0.304  0.024  0      3385.48757  0
 0.359  0.020  0      6061.90126  0
 0.331  0.025  0      2237.90519  0
 0.368  0.039  0      3155.23555  0
 0.300  0.048  0      5354.69581  0
 0.318  0.056  0      3814.84194  0
 0.285  0.099  0      1351.02511  0
 0.269  0.074  0      1853.64466  0
 0.282  0.119  0      2484.22177  0
 0.253  0.113  0      1084.11699  0
 0.249  0.140  0      2686.36238  0
 0.230  0.157  0      2077.64222  0
 0.221  0.176  0       461.42106  0
 0.205  0.191  0      1609.03296  0
 0.205  0.212  0       739.24030  0
 0.188  0.225  0      1108.84235  0
 0.190  0.246  0       900.58331  0
 0.178  0.267  0       409.67076  0
 0.169  0.287  0         0.00000  0
 0.175 -0.075 -1         0.00000  0
 0.175 -0.050 -1         0.00000  0
 0.175 -0.025  1         0.00000  0
 0.175  0.000  1      1052.66185  0
 0.465  0.021  0      2019.25416  0
 0.424  0.022  0         0.00000  0
 0.499  0.023  0         0.00000  0
 0.392  0.047  0      2653.94924  0
 0.416  0.042  0         0.00000  0
 0.402  0.070  0       401.12571  0
 0.378  0.069  0      2693.31593  0
 0.340  0.047  0      1752.89013  0
 0.353  0.066  0      2314.92436  0
 0.319  0.082  0      1270.35763  0
 0.327  0.104  0      1394.52583  0
 0.308  0.118  0      1461.48186  0
 0.292  0.139  0      1289.15048  0
 0.270  0.150  0      1320.89285  0
 0.263  0.170  0       760.01211  0
 0.247  0.187  0      1495.57971  0
 0.239  0.207  0      1552.51275  0
 0.223  0.228  0      1572.88790  0
 0.217  0.255  0         0.00000  0
 0.196  0.274  0         0.00000  0
 0.200 -0.075 -1         0.00000  0
 0.200 -0.050 -1         0.00000  0
 0.200 -0.025  1         0.00000  0
 0.200  0.000  1      3003.48610  0
 0.601  0.021  0       513.85970  0
 0.524  0.024  0         0.00000  0
 0.557  0.021  0      2410.82635  0
 0.551  0.040  0      1403.29621  0
 0.518  0.047  0      1950.19493  0
 0.443  0.048  0       754.02221  0
 0.438  0.065  0      1788.57986  0
 0.468  0.078  0       234.53352  0
 0.415  0.087  0       294.72270  0
 0.393  0.099  0       886.71611  0
 0.355  0.087  0      1803.06094  0
 0.370  0.102  0      1827.29779  0
 0.347  0.115  0      1329.12423  0
 0.337  0.134  0      1447.47105  0
 0.316  0.146  0       455.15965  0
 0.305  0.168  0      1434.57574  0
 0.284  0.179  0       975.80110  0
 0.268  0.206  0       483.86892  0
 0.251  0.228  0         0.00000  0
 0.233  0.256  0         0.00000  0
 0.225 -0.075 -1         0.00000  0
 0.225 -0.050 -1         0.00000  0
 0.225 -0.025  1         0.00000  0
 0.225  0.000  1      4198.46517  0
 0.633  0.027  0         0.00000  0
 0.646  0.049  0         0.00000  0
 0.678  0.037  0         0.00000  0
 0.616  0.049  0       467.32319  0
 0.580  0.057  0       678.01246  0
 0.588  0.034  0       107.10870  0
 0.559  0.059  0      1914.43516  0
 0.474  0.036  0         0.00000  0
 0.502  0.059  0       974.53631  0
 0.465  0.058  0         0.00000  0
 0.489  0.096  0         0.00000  0
 0.441  0.092  0       804.88808  0
 0.425  0.113  0      2832.73533  0
 0.389  0.124  0         0.00000  0
 0.374  0.138  0      1579.12824  0
 0.351  0.151  0         0.00000  0
 0.332  0.173  0       224.20391  0
 0.308  0.195  0       516.05154  0
 0.285  0.215  0         0.00000  0
 0.249  0.246  0         0.00000  0
 0.250 -0.075 -1         0.00000  0
 0.250 -0.050 -1         0.00000  0
 0.250 -0.025  1         0.00000  0
 0.250  0.000  1      3874.03278  0
 0.742  0.028  0         0.00000  0
 0.731  0.038  0         0.00000  0
 0.720  0.025  0         0.00000  0
 0.657  0.025  0         0.00000  0
 0.686  0.025  0         0.00000  0
 0.630  0.062  0         0.00000  0
 0.608  0.070  0         0.00000  0
 0.594  0.097  0         0.00000  0
 0.574  0.079  0         0.00000  0
 0.554  0.093  0         0.00000  0
 0.532  0.073  0         0.00000  0
 0.515  0.073  0      1002.19468  0
 0.500  0.102  0         0.00000  0
 0.463  0.100  0         0.00000  0
 0.443  0.124  0         0.00000  0
 0.414  0.127  0         0.00000  0
 0.389  0.154  0         0.00000  0
 0.366  0.165  0         0.00000  0
 0.328  0.187  0         0.00000  0
 0.301  0.214  0         0.00000  0
 0.275 -0.075 -1         0.00000  0
 0.275 -0.050 -1         0.00000  0
 0.275 -0.025  1         0.00000  0
 0.275  0.000  1      1478.16148  0
 0.300 -0.075 -1         0.00000  0
 0.300 -0.050 -1         0.00000  0
 0.300 -0.025  1         0.00000  0
 0.300  0.000  1      2384.35526  0
 0.325 -0.075 -1         0.00000  0
 0.325 -0.050 -1         0.00000  0
 0.325 -0.025  1         0.00000  0
 0.325  0.000  1      1318.62045  0
 0.350 -0.075 -1         0.00000  0
 0.350 -0.050 -1         0.00000  0
 0.350 -0.025  1         0.00000  0
 0.350  0.000  1      4914.40690  0
 0.375 -0.075 -1         0.00000  0
 0.375 -0.050 -1         0.00000  0
 0.375 -0.025  1         0.00000  0
 0.375  0.000  1      1989.79435  0
 0.400 -0.075 -1         0.00000  0
 0.400 -0.050 -1         0.00000  0
 0.400 -0.025  1         0.00000  0
 0.400  0.000  1      3054.76135  0
 0.425 -0.075 -1         0.00000  0
 0.425 -0.050 -1         0.00000  0
 0.425 -0.025  1         0.00000  0
 0.425  0.000  1      1901.17721  0
 0.450 -0.075 -1         0.00000  0
 0.450 -0.050 -1         0.00000  0
 0.450 -0.025  1         0.00000  0
 0.450  0.000  1         0.00000  0
 0.475 -0.075 -1         0.00000  0
 0.475 -0.050 -1         0.00000  0
 0.475 -0.025  1         0.00000  0
 0.475  0.000  1      2070.52196  0
 0.500 -0.075 -1         0.00000  0
 0.500 -0.050 -1         0.00000  0
 0.500 -0.025  1         0.00000  0
 0.500  0.000  1      2277.95345  0
 0.525 -0.075 -1         0.00000  0
 0.525 -0.050 -1         0.00000  0
 0.525 -0.025  1         0.00000  0
 0.525  0.000  1      1916.59222  0
 0.550 -0.075 -1         0.00000  0
 0.550 -0.050 -1         0.00000  0
 0.550 -0.025  1         0.00000  0
 0.550  0.000  1      1800.78083  0
 0.575 -0.075 -1         0.00000  0
 0.575 -0.050 -1         0.00000  0
 0.575 -0.025  1         0.00000  0
 0.575  0.000  1         0.00000  0
 0.600 -0.075 -1         0.00000  0
 0.600 -0.050 -1         0.00000  0
 0.600 -0.025  1         0.00000  0
 0.600  0.000  1      2225.93280  0
 0.625 -0.075 -1         0.00000  0
 0.625 -0.050 -1         0.00000  0
 0.625 -0.025  1         0.00000  0
 0.625  0.000  1         0.00000  0
 0.650 -0.075 -1         0.00000  0
 0.650 -0.050 -1         0.00000  0
 0.650 -0.025  1         0.00000  0
 0.650  0.000  1         0.00000  0
 0.675 -0.075 -1         0.00000  0
 0.675 -0.050 -1         0.00000  0
 0.675 -0.025  1         0.00000  0
 0.675  0.000  1         0.00000  0
 0.700 -0.075 -1         0.00000  0
 0.700 -0.050 -1         0.00000  0
 0.700 -0.025  1         0.00000  0
 0.700  0.000  1         0.00000  0
 0.725 -0.075 -1         0.00000  0
 0.725 -0.050 -1         0.00000  0
 0.725 -0.025  1         0.00000  0
 0.725  0.000  1         0.00000  0
 0.750 -0.075 -1         0.00000  0
 0.750 -0.050 -1         0.00000  0
 0.750 -0.025  1         0.00000  0
 0.750  0.000  1         0.00000  0
 0.775 -0.075 -1         0.00000  0
 0.775 -0.050 -1         0.00000  0
 0.775 -0.025  1         0.00000  0
 0.775  0.000  1         0.00000  0
 0.800 -0.075 -1         0.00000  0
 0.800 -0.050 -1         0.00000  0
 0.800 -0.025  1         0.00000  0
 0.800  0.000  1         0.00000  0
 0.825 -0.075 -1         0.00000  0
 0.825 -0.050 -1         0.00000  0
 0.825 -0.025  1         0.00000  0
 0.825  0.000  1         0.00000  0
 0.850 -0.075 -1         0.00000  0
 0.850 -0.050 -1         0.00000  0
 0.850 -0.025  1         0.00000  0
 0.850  0.000  1         0.00000  0
 0.875 -0.075 -1         0.00000  0
 0.875 -0.050 -1         0.00000  0
 0.875 -0.025  1         0.00000  0
 0.875  0.000  1         0.00000  0
 0.900 -0.075 -1         0.00000  0
 0.900 -0.050 -1         0.00000  0
 0.900 -0.025  1         0.00000  0
 0.900  0.000  1         0.00000  0
 0.925 -0.075 -1         0.00000  0
 0.925 -0.050 -1         0.00000  0
 0.925 -0.025  1         0.00000  0
 0.925  0.000  1         0.00000  0
 0.950 -0.075 -1         0.00000  0
 0.950 -0.050 -1         0.00000  0
 0.950 -0.025  1         0.00000  0
 0.950  0.000  1         0.00000  0
 0.975 -0.075 -1         0.00000  0
 0.975 -0.050 -1         0.00000  0
 0.975 -0.025  1         0.00000  0
 0.975  0.000  1         0.00000  0
 1.000 -0.075 -1         0.00000  0
 1.000 -0.050 -1         0.00000  0
 1.000 -0.025  1         0.00000  0
 1.000  0.000  1         0.00000  0
 1.025 -0.075 -1         0.00000  0
 1.025 -0.050 -1         0.00000  0
 1.025 -0.025  1         0.00000  0
 1.025  0.000  1         0.00000  0
 1.025  0.025  1         0.00000  0
 1.025  0.050  1         0.00000  0
 1.025  0.075  1         0.00000  0
 1.025  0.100  1         0.00000  0
 1.025  0.125  1         0.00000  0
 1.025  0.150  1         0.00000  0
 1.025  0.175  1         0.00000  0
 1.025  0.200  1         0.00000  0
 1.025  0.225  1         0.00000  0
 1.025  0.250  1         0.00000  0
 1.025  0.275  1         0.00000  0
 1.025  0.300  1         0.00000  0
 1.025  0.325  1         0.00000  0
 1.025  0.350  1         0.00000  0
 1.025  0.375  1         0.00000  0
 1.025  0.400  1         0.00000  0
 1.025  0.425  1         0.00000  0
 1.025  0.450  1         0.00000  0
 1.025  0.475  1         0.00000  0
 1.025  0.500  1         0.00000  0
 1.025  0.525  1         0.00000  0
 1.025  0.550  1         0.00000  0
 1.025  0.575  1         0.00000  0
 1.025  0.600  1         0.00000  0
 1.050 -0.075 -1         0.00000  0
 1.050 -0.050 -1         0.00000  0
 1.050 -0.025  1         0.00000  0
 1.050  0.000  1         0.00000  0
 1.050  0.025  1         0.00000  0
 1.050  0.050  1         0.00000  0
 1.050  0.075  1         0.00000  0
 1.050  0.100  1         0.00000  0
 1.050  0.125  1         0.00000  0
 1.050  0.150  1         0.00000  0
 1.050  0.175  1         0.00000  0
 1.050  0.200  1         0.00000  0
 1.050  0.225  1         0.00000  0
 1.050  0.250  1         0.00000  0
 1.050  0.275  1         0.00000  0
 1.050  0.300  1         0.00000  0
 1.050  0.325  1         0.00000  0
 1.050  0.350  1         0.00000  0
 1.050  0.375  1         0.00000  0
 1.050  0.400  1         0.00000  0
 1.050  0.425  1         0.00000  0
 1.050  0.450  1         0.00000  0
 1.050  0.475  1         0.00000  0
 1.050  0.500  1         0.00000  0
 1.050  0.525  1         0.00000  0
 1.050  0.550  1         0.00000  0
 1.050  0.575  1         0.00000  0
 1.050  0.600  1         0.00000  0
 1.075 -0.075 -1         0.00000  0
 1.075 -0.050 -1         0.00000  0
 1.075 -0.025 -1         0.00000  0
 1.075  0.000 -1         0.00000  0
 1.075  0.025 -1         0.00000  0
 1.075  0.050 -1         0.00000  0
 1.075  0.075 -1         0.00000  0
 1.075  0.100 -1         0.00000  0
 1.075  0.125 -1         0.00000  0
 1.075  0.150 -1         0.00000  0
 1.075  0.175 -1         0.00000  0
 1.075  0.200 -1         0.00000  0
 1.075  0.225 -1         0.00000  0
 1.075  0.250 -1         0.00000  0
 1.075  0.275 -1         0.00000  0
 1.075  0.300 -1         0.00000  0
 1.075  0.325 -1         0.00000  0
 1.075  0.350 -1         0.00000  0
 1.075  0.375 -1         0.00000  0
 1.075  0.400 -1         0.00000  0
 1.075  0.425 -1         0.00000  0
 1.075  0.450 -1         0.00000  0
 1.075  0.475 -1         0.00000  0
 1.075  0.500 -1         0.00000  0
 1.075  0.525 -1         0.00000  0
 1.075  0.550 -1         0.00000  0
 1.075  0.575  1         0.00000  0
 1.075  0.600  1         0.00000  0
 1.100 -0.075 -1         0.00000  0
 1.100 -0.050 -1         0.00000  0
 1.100 -0.025 -1         0.00000  0
 1.100  0.000 -1         0.00000  0
 1.100  0.025 -1         0.00000  0
 1.100  0.050 -1         0.00000  0
 1.100  0.075 -1         0.00000  0
 1.100  0.100 -1         0.00000  0
 1.100  0.125 -1         0.00000  0
 1.100  0.150 -1         0.00000  0
 1.100  0.175 -1         0.00000  0
 1.100  0.200 -1         0.00000  0
 1.100  0.225 -1         0.00000  0
 1.100  0.250 -1         0.00000  0
 1.100  0.275 -1         0.00000  0
 1.100  0.300 -1         0.00000  0
 1.100  0.325 -1         0.00000  0
 1.100  0.350 -1         0.00000  0
 1.100  0.375 -1         0.00000  0
 1.100  0.400 -1         0.00000  0
 1.100  0.425 -1         0.00000  0
 1.100  0.450 -1         0.00000  0
 1.100  0.475 -1         0.00000  0
 1.100  0.500 -1         0.00000  0
 1.100  0.525 -1         0.00000  0
 1.100  0.550 -1         0.00000  0
 1.100  0.575  1         0.00000  0
 1.100  0.600  1         0.00000  0
