  -7.5000001117587090E-002  -7.5000001117587090E-002  -1.0000000000000000     
  -7.5000001117587090E-002  -5.0000000745058060E-002  -1.0000000000000000     
  -7.5000001117587090E-002  -2.5000000372529030E-002  -1.0000000000000000     
  -7.5000001117587090E-002   0.0000000000000000       -1.0000000000000000     
  -7.5000001117587090E-002   2.5000000372529030E-002  -1.0000000000000000     
  -7.5000001117587090E-002   5.0000000745058060E-002  -1.0000000000000000     
  -7.5000001117587090E-002   7.5000001117587090E-002  -1.0000000000000000     
  -7.5000001117587090E-002  0.10000000149011612       -1.0000000000000000     
  -7.5000001117587090E-002  0.12500000186264515       -1.0000000000000000     
  -7.5000001117587090E-002  0.15000000223517418       -1.0000000000000000     
  -7.5000001117587090E-002  0.17500000260770321       -1.0000000000000000     
  -7.5000001117587090E-002  0.20000000298023224       -1.0000000000000000     
  -7.5000001117587090E-002  0.22500000335276127       -1.0000000000000000     
  -7.5000001117587090E-002  0.25000000372529030       -1.0000000000000000     
  -7.5000001117587090E-002  0.27500000409781933       -1.0000000000000000     
  -7.5000001117587090E-002  0.30000000447034836       -1.0000000000000000     
  -7.5000001117587090E-002  0.32500000484287739       -1.0000000000000000     
  -7.5000001117587090E-002  0.35000000521540642       -1.0000000000000000     
  -7.5000001117587090E-002  0.37500000558793545       -1.0000000000000000     
  -7.5000001117587090E-002  0.40000000596046448       -1.0000000000000000     
  -7.5000001117587090E-002  0.42500000633299351       -1.0000000000000000     
  -7.5000001117587090E-002  0.45000000670552254       -1.0000000000000000     
  -7.5000001117587090E-002  0.47500000707805157       -1.0000000000000000     
  -7.5000001117587090E-002  0.50000000745058060       -1.0000000000000000     
  -7.5000001117587090E-002  0.52500000782310963       -1.0000000000000000     
  -7.5000001117587090E-002  0.55000000819563866       -1.0000000000000000     
  -7.5000001117587090E-002  0.57500000856816769        1.0000000000000000     
  -7.5000001117587090E-002  0.60000000894069672        1.0000000000000000     
  -5.0000000745058060E-002  -7.5000001117587090E-002  -1.0000000000000000     
  -5.0000000745058060E-002  -5.0000000745058060E-002  -1.0000000000000000     
  -5.0000000745058060E-002  -2.5000000372529030E-002  -1.0000000000000000     
  -5.0000000745058060E-002   0.0000000000000000       -1.0000000000000000     
  -5.0000000745058060E-002   2.5000000372529030E-002  -1.0000000000000000     
  -5.0000000745058060E-002   5.0000000745058060E-002  -1.0000000000000000     
  -5.0000000745058060E-002   7.5000001117587090E-002  -1.0000000000000000     
  -5.0000000745058060E-002  0.10000000149011612       -1.0000000000000000     
  -5.0000000745058060E-002  0.12500000186264515       -1.0000000000000000     
  -5.0000000745058060E-002  0.15000000223517418       -1.0000000000000000     
  -5.0000000745058060E-002  0.17500000260770321       -1.0000000000000000     
  -5.0000000745058060E-002  0.20000000298023224       -1.0000000000000000     
  -5.0000000745058060E-002  0.22500000335276127       -1.0000000000000000     
  -5.0000000745058060E-002  0.25000000372529030       -1.0000000000000000     
  -5.0000000745058060E-002  0.27500000409781933       -1.0000000000000000     
  -5.0000000745058060E-002  0.30000000447034836       -1.0000000000000000     
  -5.0000000745058060E-002  0.32500000484287739       -1.0000000000000000     
  -5.0000000745058060E-002  0.35000000521540642       -1.0000000000000000     
  -5.0000000745058060E-002  0.37500000558793545       -1.0000000000000000     
  -5.0000000745058060E-002  0.40000000596046448       -1.0000000000000000     
  -5.0000000745058060E-002  0.42500000633299351       -1.0000000000000000     
  -5.0000000745058060E-002  0.45000000670552254       -1.0000000000000000     
  -5.0000000745058060E-002  0.47500000707805157       -1.0000000000000000     
  -5.0000000745058060E-002  0.50000000745058060       -1.0000000000000000     
  -5.0000000745058060E-002  0.52500000782310963       -1.0000000000000000     
  -5.0000000745058060E-002  0.55000000819563866       -1.0000000000000000     
  -5.0000000745058060E-002  0.57500000856816769        1.0000000000000000     
  -5.0000000745058060E-002  0.60000000894069672        1.0000000000000000     
  -2.5000000372529030E-002  -7.5000001117587090E-002  -1.0000000000000000     
  -2.5000000372529030E-002  -5.0000000745058060E-002  -1.0000000000000000     
  -2.5000000372529030E-002  -2.5000000372529030E-002   1.0000000000000000     
  -2.5000000372529030E-002   0.0000000000000000        1.0000000000000000     
  -2.5000000372529030E-002   2.5000000372529030E-002   1.0000000000000000     
  -2.5000000372529030E-002   5.0000000745058060E-002   1.0000000000000000     
  -2.5000000372529030E-002   7.5000001117587090E-002   1.0000000000000000     
  -2.5000000372529030E-002  0.10000000149011612        1.0000000000000000     
  -2.5000000372529030E-002  0.12500000186264515        1.0000000000000000     
  -2.5000000372529030E-002  0.15000000223517418        1.0000000000000000     
  -2.5000000372529030E-002  0.17500000260770321        1.0000000000000000     
  -2.5000000372529030E-002  0.20000000298023224        1.0000000000000000     
  -2.5000000372529030E-002  0.22500000335276127        1.0000000000000000     
  -2.5000000372529030E-002  0.25000000372529030        1.0000000000000000     
  -2.5000000372529030E-002  0.27500000409781933        1.0000000000000000     
  -2.5000000372529030E-002  0.30000000447034836        1.0000000000000000     
  -2.5000000372529030E-002  0.32500000484287739        1.0000000000000000     
  -2.5000000372529030E-002  0.35000000521540642        1.0000000000000000     
  -2.5000000372529030E-002  0.37500000558793545        1.0000000000000000     
  -2.5000000372529030E-002  0.40000000596046448        1.0000000000000000     
  -2.5000000372529030E-002  0.42500000633299351        1.0000000000000000     
  -2.5000000372529030E-002  0.45000000670552254        1.0000000000000000     
  -2.5000000372529030E-002  0.47500000707805157        1.0000000000000000     
  -2.5000000372529030E-002  0.50000000745058060        1.0000000000000000     
  -2.5000000372529030E-002  0.52500000782310963        1.0000000000000000     
  -2.5000000372529030E-002  0.55000000819563866        1.0000000000000000     
  -2.5000000372529030E-002  0.57500000856816769        1.0000000000000000     
  -2.5000000372529030E-002  0.60000000894069672        1.0000000000000000     
   0.0000000000000000       -7.5000001117587090E-002  -1.0000000000000000     
   0.0000000000000000       -5.0000000745058060E-002  -1.0000000000000000     
   0.0000000000000000       -2.5000000372529030E-002   1.0000000000000000     
   0.0000000000000000        0.0000000000000000        1.0000000000000000     
   0.0000000000000000        2.5000000372529030E-002   1.0000000000000000     
   0.0000000000000000        5.0000000745058060E-002   1.0000000000000000     
   0.0000000000000000        7.5000001117587090E-002   1.0000000000000000     
   0.0000000000000000       0.10000000149011612        1.0000000000000000     
   0.0000000000000000       0.12500000186264515        1.0000000000000000     
   0.0000000000000000       0.15000000223517418        1.0000000000000000     
   0.0000000000000000       0.17500000260770321        1.0000000000000000     
   0.0000000000000000       0.20000000298023224        1.0000000000000000     
   0.0000000000000000       0.22500000335276127        1.0000000000000000     
   0.0000000000000000       0.25000000372529030        1.0000000000000000     
   0.0000000000000000       0.27500000409781933        1.0000000000000000     
   0.0000000000000000       0.30000000447034836        1.0000000000000000     
   0.0000000000000000       0.32500000484287739        1.0000000000000000     
   0.0000000000000000       0.35000000521540642        1.0000000000000000     
   0.0000000000000000       0.37500000558793545        1.0000000000000000     
   0.0000000000000000       0.40000000596046448        1.0000000000000000     
   0.0000000000000000       0.42500000633299351        1.0000000000000000     
   0.0000000000000000       0.45000000670552254        1.0000000000000000     
   0.0000000000000000       0.47500000707805157        1.0000000000000000     
   0.0000000000000000       0.50000000745058060        1.0000000000000000     
   0.0000000000000000       0.52500000782310963        1.0000000000000000     
   0.0000000000000000       0.55000000819563866        1.0000000000000000     
   0.0000000000000000       0.57500000856816769        1.0000000000000000     
   0.0000000000000000       0.60000000894069672        1.0000000000000000     
   2.5000000372529030E-002  -7.5000001117587090E-002  -1.0000000000000000     
   2.5000000372529030E-002  -5.0000000745058060E-002  -1.0000000000000000     
   2.5000000372529030E-002  -2.5000000372529030E-002   1.0000000000000000     
   2.5000000372529030E-002   0.0000000000000000        1.0000000000000000     
  0.14252888169726377        2.3008676280151578E-002   0.0000000000000000     
  0.30828493950891128        9.9432435477591063E-002   0.0000000000000000     
  0.19284193581808662        2.4941999639581575E-002   0.0000000000000000     
  0.43567474327111005       0.14515386309043829        0.0000000000000000     
   2.2501219109312159E-002   3.9902421459375892E-002   0.0000000000000000     
  0.19095135624525603        5.1696110815787025E-002   0.0000000000000000     
   3.6572854803608210E-002   1.9680504377915145E-002   0.0000000000000000     
  0.33810203784513015        3.5556171812781735E-002   0.0000000000000000     
  0.23041858499721685        3.4636527663689312E-002   0.0000000000000000     
  0.21427314606844228        9.4591157271823101E-002   0.0000000000000000     
  0.27972526633686101        5.7681330723051670E-002   0.0000000000000000     
   6.4420537262342120E-002   4.2939921901654701E-002   0.0000000000000000     
   8.3918504042199429E-002   2.9046628418501672E-002   0.0000000000000000     
   5.2373920402638025E-002   3.7866967600420666E-002   0.0000000000000000     
  0.16973850099633472        2.5978385237700807E-002   0.0000000000000000     
  0.18162343939626865        7.2362847503683644E-002   0.0000000000000000     
  0.21336789453828631        2.6820551262655114E-002   0.0000000000000000     
  0.24508185640467942        5.3080469018280924E-002   0.0000000000000000     
  0.25380887677533426        2.3942921952255523E-002   0.0000000000000000     
   5.2681743373189774E-002   9.3496212073506973E-002   0.0000000000000000     
   5.0000000745058060E-002  -7.5000001117587090E-002  -1.0000000000000000     
   5.0000000745058060E-002  -5.0000000745058060E-002  -1.0000000000000000     
   5.0000000745058060E-002  -2.5000000372529030E-002   1.0000000000000000     
   5.0000000745058060E-002   0.0000000000000000        1.0000000000000000     
  0.31696783169788345        2.5603792743684815E-002   0.0000000000000000     
  0.39818458099797821       0.11468626905904812        0.0000000000000000     
  0.28524928666969990        9.1566271598020083E-002   0.0000000000000000     
  0.22232084727895216       0.11876570551342221        0.0000000000000000     
  0.35677207183099063        5.0422490258153353E-002   0.0000000000000000     
  0.34392988241840627        6.8500682134016860E-002   0.0000000000000000     
  0.26109774595414015       0.19548420819662035        0.0000000000000000     
  0.28227740781370075       0.16036699349546193        0.0000000000000000     
  0.27334407769814850        2.4337479721030071E-002   0.0000000000000000     
  0.23398598572986892       0.10336341811259156        0.0000000000000000     
  0.24835878628916022        6.9778659870240997E-002   0.0000000000000000     
  0.20650482784219928       0.12509595853668418        0.0000000000000000     
  0.14835732200814300        3.9356983351583497E-002   0.0000000000000000     
  0.30140728381027876        5.9489561507760039E-002   0.0000000000000000     
  0.14835733509962262        6.8444450039641877E-002   0.0000000000000000     
  0.11421578974614900        2.0454919646065547E-002   0.0000000000000000     
  0.33544121775004593       0.16091408618455738        0.0000000000000000     
  0.16103167484432898        6.7036015199862922E-002   0.0000000000000000     
  0.20102073177487292        6.9837719892233419E-002   0.0000000000000000     
  0.10084148059156317        3.7159785841862504E-002   0.0000000000000000     
   7.5000001117587090E-002  -7.5000001117587090E-002  -1.0000000000000000     
   7.5000001117587090E-002  -5.0000000745058060E-002  -1.0000000000000000     
   7.5000001117587090E-002  -2.5000000372529030E-002   1.0000000000000000     
   7.5000001117587090E-002   0.0000000000000000        1.0000000000000000     
  0.35710468813959867        1.9304416058638446E-002   0.0000000000000000     
  0.23882366125038759       0.15966528791118784        0.0000000000000000     
  0.62773346203562541        2.6567642671789446E-002   0.0000000000000000     
  0.39047028861271638        2.7509805550957209E-002   0.0000000000000000     
  0.57535455683670877        5.8773736988309934E-002   0.0000000000000000     
  0.52625953871078468        2.4507235697311454E-002   0.0000000000000000     
  0.34420272028685983       0.10369910802782242        0.0000000000000000     
  0.27274598164159403        7.4713119892148308E-002   0.0000000000000000     
  0.43556212626578772        1.8516275455598166E-002   0.0000000000000000     
  0.23374376505392203       0.44602998894859469        0.0000000000000000     
  0.46634150762131893        4.1944460839267970E-002   0.0000000000000000     
  0.22304704160645253        7.3892381562515930E-002   0.0000000000000000     
  0.53888973905139459        7.7482243165017159E-002   0.0000000000000000     
   9.2375562550812529E-002  0.23507878806248042        0.0000000000000000     
  -17.812601922472084        10.972715718282004        0.0000000000000000     
  0.29657903733788621        2.5122951300577220E-002   0.0000000000000000     
  0.47985455340891020        8.8273529265158371E-002   0.0000000000000000     
  0.32362001360062248        5.6178110611518506E-002   0.0000000000000000     
  0.63544731563453560       0.13093859994864232        0.0000000000000000     
  0.31815147870713650       0.11793138893446456        0.0000000000000000     
  0.10000000149011612       -7.5000001117587090E-002  -1.0000000000000000     
  0.10000000149011612       -5.0000000745058060E-002  -1.0000000000000000     
  0.10000000149011612       -2.5000000372529030E-002   1.0000000000000000     
  0.10000000149011612        0.0000000000000000        1.0000000000000000     
  0.79287243617261749        3.9341875624987893E-002   0.0000000000000000     
  0.69785142670186584       0.13100913848630166        0.0000000000000000     
  0.71997110503633255        2.4984975096214095E-002   0.0000000000000000     
  0.64853558587329918        6.0676365652637350E-002   0.0000000000000000     
  0.74827184330122620        2.2906895803354359E-002   0.0000000000000000     
  0.63318753830487062       0.14900026130019103        0.0000000000000000     
  0.70842508200505783       0.10901174863008310        0.0000000000000000     
  0.74116218920563093        9.3321596259368478E-002   0.0000000000000000     
  0.68530544442540298       0.11160408176147389        0.0000000000000000     
  0.31863193670760587        8.4501806547089955E-002   0.0000000000000000     
  0.65145881750235812       0.12200602323787905        0.0000000000000000     
  0.46501545636978592        8.0625409382814220E-002   0.0000000000000000     
  0.68612186387959206        2.0044201976159581E-002   0.0000000000000000     
  0.73218568514824001       0.12339251851704504        0.0000000000000000     
  0.68894942131224524       0.14324649291309663        0.0000000000000000     
  0.36582273832847800       0.15313468180399878        0.0000000000000000     
  0.60866210482360905        2.7251206468967178E-002   0.0000000000000000     
  0.36936107315565153       0.11584367503054294        0.0000000000000000     
  0.65573530919843814        2.4006560136548651E-002   0.0000000000000000     
  0.42246266246478953       0.16709765226781903        0.0000000000000000     
  0.12500000186264515       -7.5000001117587090E-002  -1.0000000000000000     
  0.12500000186264515       -5.0000000745058060E-002  -1.0000000000000000     
  0.12500000186264515       -2.5000000372529030E-002   1.0000000000000000     
  0.12500000186264515        0.0000000000000000        1.0000000000000000     
  0.65939877774035016        8.2416489001482213E-002   0.0000000000000000     
  0.85329842287326296       0.17903716643917200        0.0000000000000000     
  0.86066595226632703        2.7170579440575618E-002   0.0000000000000000     
  0.69296147613729608        7.7213730937004288E-002   0.0000000000000000     
  0.81382036308644978       0.18029840651473242        0.0000000000000000     
  0.84051163624997627        5.1038440720164079E-002   0.0000000000000000     
  0.95915607005148884        2.1227874887177194E-002   0.0000000000000000     
  0.91105143482775330        2.7720195592539461E-002   0.0000000000000000     
  0.47907483990661670        5.9534065376197043E-002   0.0000000000000000     
  0.83599813020867786        2.8204201000443199E-002   0.0000000000000000     
  0.80562418234352084        7.0640368688122970E-002   0.0000000000000000     
  0.54394351639111094        9.6465745624438187E-002   0.0000000000000000     
  0.70045888704707593        3.8826295729022450E-002   0.0000000000000000     
  0.73200765018953684        4.5333333207922717E-002   0.0000000000000000     
  0.27295689906865500       0.11443815914669894        0.0000000000000000     
  0.26789561694985042       0.12952446698841441        0.0000000000000000     
  0.62429211459261713       0.11102588092413823        0.0000000000000000     
  0.59198829700798450       0.11354931766092501        0.0000000000000000     
  0.77960386420378780        2.4190226915388399E-002   0.0000000000000000     
  0.51757806772835335       0.10460450906730978        0.0000000000000000     
  0.15000000223517418       -7.5000001117587090E-002  -1.0000000000000000     
  0.15000000223517418       -5.0000000745058060E-002  -1.0000000000000000     
  0.15000000223517418       -2.5000000372529030E-002   1.0000000000000000     
  0.15000000223517418        0.0000000000000000        1.0000000000000000     
  0.94729391822430176       0.10613394961059106        0.0000000000000000     
  0.75943141233824607        4.3954860488261492E-002   0.0000000000000000     
  0.92989792304777308        2.5123747378026272E-002   0.0000000000000000     
  0.80101653187864064        9.0665320959335383E-002   0.0000000000000000     
  0.41023242034017710        3.4894907766646104E-002   0.0000000000000000     
  0.75242710647183708       0.16016123306654514        0.0000000000000000     
  0.98286429298024292        3.5107844916566287E-002   0.0000000000000000     
  0.81243858888665155        5.2463544131346164E-002   0.0000000000000000     
  0.78950441112816583       0.15862247021041853        0.0000000000000000     
  0.77024266896169313        6.3607303002183674E-002   0.0000000000000000     
  0.84202424456902458        9.4474218918441502E-002   0.0000000000000000     
  0.53268564372846283        5.1745234349585244E-002   0.0000000000000000     
  0.67333353364568171        9.4912751840116882E-002   0.0000000000000000     
  0.74752151887747187        6.9845744054840009E-002   0.0000000000000000     
  0.50037290898656628        9.9839112922503609E-002   0.0000000000000000     
  0.53623384315157219       0.16096156676511109        0.0000000000000000     
  0.32770478665010200       0.13073713027581080        0.0000000000000000     
  0.55898365517188908        6.9143475838631577E-002   0.0000000000000000     
  0.68063267505409863        6.0548634918619428E-002   0.0000000000000000     
  0.66789721139203728        4.2577895120017098E-002   0.0000000000000000     
  0.17500000260770321       -7.5000001117587090E-002  -1.0000000000000000     
  0.17500000260770321       -5.0000000745058060E-002  -1.0000000000000000     
  0.17500000260770321       -2.5000000372529030E-002   1.0000000000000000     
  0.17500000260770321        0.0000000000000000        1.0000000000000000     
  0.93767124562164461       0.14975284831708624        0.0000000000000000     
   1.0047839890423040        7.6519423761930536E-002   0.0000000000000000     
   1.5777947388423731E-002  0.12384178672728260        0.0000000000000000     
   4.9758006585833826E-002  0.18751729460407529        0.0000000000000000     
  0.49843099017225523        7.3954432086340047E-002   0.0000000000000000     
  0.91816599286420386       0.12725443443708018        0.0000000000000000     
  0.45119725545336392        4.5475279774004541E-002   0.0000000000000000     
  0.89088079053523173        4.7134216755711771E-002   0.0000000000000000     
  0.88362115389669660        2.3124712775861662E-002   0.0000000000000000     
  0.66726383783622711       0.17556652767109018        0.0000000000000000     
  0.79148368410683467       0.10560598449520889        0.0000000000000000     
  0.91993083588391766        6.1998571657693673E-002   0.0000000000000000     
  0.94432155838659382        4.4824013532039873E-002   0.0000000000000000     
  0.80101090135706776       0.16333740666180291        0.0000000000000000     
  0.55113143936782472        2.3960887459957975E-002   0.0000000000000000     
  0.61164016807235444       0.14446527335708700        0.0000000000000000     
  0.96157309677816616        5.3257122967733654E-002   0.0000000000000000     
  0.71758425541244075        8.6418791590845159E-002   0.0000000000000000     
  0.81171922188743861        2.1158168333818037E-002   0.0000000000000000     
  0.71759107546983392        6.2001280343592223E-002   0.0000000000000000     
  0.20000000298023224       -7.5000001117587090E-002  -1.0000000000000000     
  0.20000000298023224       -5.0000000745058060E-002  -1.0000000000000000     
  0.20000000298023224       -2.5000000372529030E-002   1.0000000000000000     
  0.20000000298023224        0.0000000000000000        1.0000000000000000     
   10.342145331957225       -15.590727987697676        0.0000000000000000     
  0.99752698573092280        5.3777340547744912E-002   0.0000000000000000     
   1.0041326172985854       0.12690058852627564        0.0000000000000000     
  0.81668155779153240       0.13899687093823762        0.0000000000000000     
  0.36128785784584516        8.3554905779466268E-002   0.0000000000000000     
   1.0015800419585452        2.2719305966423797E-002   0.0000000000000000     
  0.50285522472218536        2.9152596710703280E-002   0.0000000000000000     
  0.87827871771462263       0.12999557939211481        0.0000000000000000     
  0.51504676518807879        5.0666669313314990E-002   0.0000000000000000     
  0.36080392564122871       0.13380733684257112        0.0000000000000000     
  0.92371070012139844        9.0362688169902783E-002   0.0000000000000000     
  0.83365370180577381        7.2938133932918633E-002   0.0000000000000000     
  0.94023984137274064        8.2009937197814062E-002   0.0000000000000000     
  0.86486521817797657        4.9104754399725378E-002   0.0000000000000000     
  0.58697847523007141        2.3284025787712954E-002   0.0000000000000000     
  0.92969580038608346       0.12777051434304809        0.0000000000000000     
  0.98162820004153351        8.9949902486907388E-002   0.0000000000000000     
  0.85812856970716467        8.6602087548036888E-002   0.0000000000000000     
  0.40861428106349301       0.10248883496605760        0.0000000000000000     
  0.55970384003520646       0.10278797124047190        0.0000000000000000     
  0.22500000335276127       -7.5000001117587090E-002  -1.0000000000000000     
  0.22500000335276127       -5.0000000745058060E-002  -1.0000000000000000     
  0.22500000335276127       -2.5000000372529030E-002   1.0000000000000000     
  0.22500000335276127        0.0000000000000000        1.0000000000000000     
  0.98316966758227542       0.10913650592701048        0.0000000000000000     
  0.39120375537647062        7.1235420323672319E-002   0.0000000000000000     
  0.42241890368233559        6.9219275792104074E-002   0.0000000000000000     
  0.43557596485675076        8.0854567001710412E-002   0.0000000000000000     
  0.78516808871419586       0.12621440905266240        0.0000000000000000     
  0.81301452829653686       0.11774787164746552        0.0000000000000000     
  0.90629505746181793        7.4388401851896893E-002   0.0000000000000000     
  0.97451427125774759       0.15423009342223146        0.0000000000000000     
  0.48150039646332321        2.0257324015661490E-002   0.0000000000000000     
  0.88773784789626065        6.8709189660458553E-002   0.0000000000000000     
  0.61444220209052158        9.6272729908679647E-002   0.0000000000000000     
  0.59184226130857998        7.1299807215161604E-002   0.0000000000000000     
  0.96595424458363310       0.11270223377482914        0.0000000000000000     
  0.52104679626385286       0.19819816969050658        0.0000000000000000     
  0.25725214986902617       0.26934033127740820        0.0000000000000000     
  0.37990779475699032        9.7927765501781380E-002   0.0000000000000000     
  0.76881348725145093        8.6344824962628755E-002   0.0000000000000000     
  0.56785449546679034        3.6216248727291053E-002   0.0000000000000000     
  0.58096319236219407       0.11216751324866887        0.0000000000000000     
  0.63134171375632198        7.9698663450725807E-002   0.0000000000000000     
  0.25000000372529030       -7.5000001117587090E-002  -1.0000000000000000     
  0.25000000372529030       -5.0000000745058060E-002  -1.0000000000000000     
  0.25000000372529030       -2.5000000372529030E-002   1.0000000000000000     
  0.25000000372529030        0.0000000000000000        1.0000000000000000     
  0.75322466093265761       0.25014632161146527        0.0000000000000000     
  0.86341546313018003       0.41569230518003419        0.0000000000000000     
  0.68208804883714513       0.15723570451728394        0.0000000000000000     
  0.62826188036262143        5.2500273675120265E-002   0.0000000000000000     
  0.97444959017196797        6.8528827588280217E-002   0.0000000000000000     
  0.50952178156353367       0.12104636890237200        0.0000000000000000     
  0.46869169733196131       0.12962479983589448        0.0000000000000000     
  0.77269835714504820       0.39370610988897892        0.0000000000000000     
  -1.2583625582863354E-002  0.36242886341345226        0.0000000000000000     
  0.46074915940338307       0.16122208689226333        0.0000000000000000     
  0.37704478633428823        5.6649732615843017E-002   0.0000000000000000     
  0.76269736827665313       0.13699613760825249        0.0000000000000000     
   1.2975923924246344       0.40172809269092868        0.0000000000000000     
  0.86943208367556934       0.10423062500843176        0.0000000000000000     
  0.74963848417618062       0.11199800557046970        0.0000000000000000     
  0.60835264187409166        6.4743011388034774E-002   0.0000000000000000     
   103.81238054646174        73.562325853845593        0.0000000000000000     
  0.25531654586342983       0.11390353069393942        0.0000000000000000     
  0.74650276509043834       0.14681682234739954        0.0000000000000000     
  0.41569492789600876        5.1075931114932888E-002   0.0000000000000000     
  0.27500000409781933       -7.5000001117587090E-002  -1.0000000000000000     
  0.27500000409781933       -5.0000000745058060E-002  -1.0000000000000000     
  0.27500000409781933       -2.5000000372529030E-002   1.0000000000000000     
  0.27500000409781933        0.0000000000000000        1.0000000000000000     
  0.30000000447034836       -7.5000001117587090E-002  -1.0000000000000000     
  0.30000000447034836       -5.0000000745058060E-002  -1.0000000000000000     
  0.30000000447034836       -2.5000000372529030E-002   1.0000000000000000     
  0.30000000447034836        0.0000000000000000        1.0000000000000000     
  0.32500000484287739       -7.5000001117587090E-002  -1.0000000000000000     
  0.32500000484287739       -5.0000000745058060E-002  -1.0000000000000000     
  0.32500000484287739       -2.5000000372529030E-002   1.0000000000000000     
  0.32500000484287739        0.0000000000000000        1.0000000000000000     
  0.35000000521540642       -7.5000001117587090E-002  -1.0000000000000000     
  0.35000000521540642       -5.0000000745058060E-002  -1.0000000000000000     
  0.35000000521540642       -2.5000000372529030E-002   1.0000000000000000     
  0.35000000521540642        0.0000000000000000        1.0000000000000000     
  0.37500000558793545       -7.5000001117587090E-002  -1.0000000000000000     
  0.37500000558793545       -5.0000000745058060E-002  -1.0000000000000000     
  0.37500000558793545       -2.5000000372529030E-002   1.0000000000000000     
  0.37500000558793545        0.0000000000000000        1.0000000000000000     
  0.40000000596046448       -7.5000001117587090E-002  -1.0000000000000000     
  0.40000000596046448       -5.0000000745058060E-002  -1.0000000000000000     
  0.40000000596046448       -2.5000000372529030E-002   1.0000000000000000     
  0.40000000596046448        0.0000000000000000        1.0000000000000000     
  0.42500000633299351       -7.5000001117587090E-002  -1.0000000000000000     
  0.42500000633299351       -5.0000000745058060E-002  -1.0000000000000000     
  0.42500000633299351       -2.5000000372529030E-002   1.0000000000000000     
  0.42500000633299351        0.0000000000000000        1.0000000000000000     
  0.45000000670552254       -7.5000001117587090E-002  -1.0000000000000000     
  0.45000000670552254       -5.0000000745058060E-002  -1.0000000000000000     
  0.45000000670552254       -2.5000000372529030E-002   1.0000000000000000     
  0.45000000670552254        0.0000000000000000        1.0000000000000000     
  0.47500000707805157       -7.5000001117587090E-002  -1.0000000000000000     
  0.47500000707805157       -5.0000000745058060E-002  -1.0000000000000000     
  0.47500000707805157       -2.5000000372529030E-002   1.0000000000000000     
  0.47500000707805157        0.0000000000000000        1.0000000000000000     
  0.50000000745058060       -7.5000001117587090E-002  -1.0000000000000000     
  0.50000000745058060       -5.0000000745058060E-002  -1.0000000000000000     
  0.50000000745058060       -2.5000000372529030E-002   1.0000000000000000     
  0.50000000745058060        0.0000000000000000        1.0000000000000000     
  0.52500000782310963       -7.5000001117587090E-002  -1.0000000000000000     
  0.52500000782310963       -5.0000000745058060E-002  -1.0000000000000000     
  0.52500000782310963       -2.5000000372529030E-002   1.0000000000000000     
  0.52500000782310963        0.0000000000000000        1.0000000000000000     
  0.55000000819563866       -7.5000001117587090E-002  -1.0000000000000000     
  0.55000000819563866       -5.0000000745058060E-002  -1.0000000000000000     
  0.55000000819563866       -2.5000000372529030E-002   1.0000000000000000     
  0.55000000819563866        0.0000000000000000        1.0000000000000000     
  0.57500000856816769       -7.5000001117587090E-002  -1.0000000000000000     
  0.57500000856816769       -5.0000000745058060E-002  -1.0000000000000000     
  0.57500000856816769       -2.5000000372529030E-002   1.0000000000000000     
  0.57500000856816769        0.0000000000000000        1.0000000000000000     
  0.60000000894069672       -7.5000001117587090E-002  -1.0000000000000000     
  0.60000000894069672       -5.0000000745058060E-002  -1.0000000000000000     
  0.60000000894069672       -2.5000000372529030E-002   1.0000000000000000     
  0.60000000894069672        0.0000000000000000        1.0000000000000000     
  0.62500000931322575       -7.5000001117587090E-002  -1.0000000000000000     
  0.62500000931322575       -5.0000000745058060E-002  -1.0000000000000000     
  0.62500000931322575       -2.5000000372529030E-002   1.0000000000000000     
  0.62500000931322575        0.0000000000000000        1.0000000000000000     
  0.65000000968575478       -7.5000001117587090E-002  -1.0000000000000000     
  0.65000000968575478       -5.0000000745058060E-002  -1.0000000000000000     
  0.65000000968575478       -2.5000000372529030E-002   1.0000000000000000     
  0.65000000968575478        0.0000000000000000        1.0000000000000000     
  0.67500001005828381       -7.5000001117587090E-002  -1.0000000000000000     
  0.67500001005828381       -5.0000000745058060E-002  -1.0000000000000000     
  0.67500001005828381       -2.5000000372529030E-002   1.0000000000000000     
  0.67500001005828381        0.0000000000000000        1.0000000000000000     
  0.70000001043081284       -7.5000001117587090E-002  -1.0000000000000000     
  0.70000001043081284       -5.0000000745058060E-002  -1.0000000000000000     
  0.70000001043081284       -2.5000000372529030E-002   1.0000000000000000     
  0.70000001043081284        0.0000000000000000        1.0000000000000000     
  0.72500001080334187       -7.5000001117587090E-002  -1.0000000000000000     
  0.72500001080334187       -5.0000000745058060E-002  -1.0000000000000000     
  0.72500001080334187       -2.5000000372529030E-002   1.0000000000000000     
  0.72500001080334187        0.0000000000000000        1.0000000000000000     
  0.75000001117587090       -7.5000001117587090E-002  -1.0000000000000000     
  0.75000001117587090       -5.0000000745058060E-002  -1.0000000000000000     
  0.75000001117587090       -2.5000000372529030E-002   1.0000000000000000     
  0.75000001117587090        0.0000000000000000        1.0000000000000000     
  0.77500001154839993       -7.5000001117587090E-002  -1.0000000000000000     
  0.77500001154839993       -5.0000000745058060E-002  -1.0000000000000000     
  0.77500001154839993       -2.5000000372529030E-002   1.0000000000000000     
  0.77500001154839993        0.0000000000000000        1.0000000000000000     
  0.80000001192092896       -7.5000001117587090E-002  -1.0000000000000000     
  0.80000001192092896       -5.0000000745058060E-002  -1.0000000000000000     
  0.80000001192092896       -2.5000000372529030E-002   1.0000000000000000     
  0.80000001192092896        0.0000000000000000        1.0000000000000000     
  0.82500001229345798       -7.5000001117587090E-002  -1.0000000000000000     
  0.82500001229345798       -5.0000000745058060E-002  -1.0000000000000000     
  0.82500001229345798       -2.5000000372529030E-002   1.0000000000000000     
  0.82500001229345798        0.0000000000000000        1.0000000000000000     
  0.85000001266598701       -7.5000001117587090E-002  -1.0000000000000000     
  0.85000001266598701       -5.0000000745058060E-002  -1.0000000000000000     
  0.85000001266598701       -2.5000000372529030E-002   1.0000000000000000     
  0.85000001266598701        0.0000000000000000        1.0000000000000000     
  0.87500001303851604       -7.5000001117587090E-002  -1.0000000000000000     
  0.87500001303851604       -5.0000000745058060E-002  -1.0000000000000000     
  0.87500001303851604       -2.5000000372529030E-002   1.0000000000000000     
  0.87500001303851604        0.0000000000000000        1.0000000000000000     
  0.90000001341104507       -7.5000001117587090E-002  -1.0000000000000000     
  0.90000001341104507       -5.0000000745058060E-002  -1.0000000000000000     
  0.90000001341104507       -2.5000000372529030E-002   1.0000000000000000     
  0.90000001341104507        0.0000000000000000        1.0000000000000000     
  0.92500001378357410       -7.5000001117587090E-002  -1.0000000000000000     
  0.92500001378357410       -5.0000000745058060E-002  -1.0000000000000000     
  0.92500001378357410       -2.5000000372529030E-002   1.0000000000000000     
  0.92500001378357410        0.0000000000000000        1.0000000000000000     
  0.95000001415610313       -7.5000001117587090E-002  -1.0000000000000000     
  0.95000001415610313       -5.0000000745058060E-002  -1.0000000000000000     
  0.95000001415610313       -2.5000000372529030E-002   1.0000000000000000     
  0.95000001415610313        0.0000000000000000        1.0000000000000000     
  0.97500001452863216       -7.5000001117587090E-002  -1.0000000000000000     
  0.97500001452863216       -5.0000000745058060E-002  -1.0000000000000000     
  0.97500001452863216       -2.5000000372529030E-002   1.0000000000000000     
  0.97500001452863216        0.0000000000000000        1.0000000000000000     
   1.0000000149011612       -7.5000001117587090E-002  -1.0000000000000000     
   1.0000000149011612       -5.0000000745058060E-002  -1.0000000000000000     
   1.0000000149011612       -2.5000000372529030E-002   1.0000000000000000     
   1.0000000149011612        0.0000000000000000        1.0000000000000000     
   1.0250000152736902       -7.5000001117587090E-002  -1.0000000000000000     
   1.0250000152736902       -5.0000000745058060E-002  -1.0000000000000000     
   1.0250000152736902       -2.5000000372529030E-002   1.0000000000000000     
   1.0250000152736902        0.0000000000000000        1.0000000000000000     
   1.0250000152736902        2.5000000372529030E-002   1.0000000000000000     
   1.0250000152736902        5.0000000745058060E-002   1.0000000000000000     
   1.0250000152736902        7.5000001117587090E-002   1.0000000000000000     
   1.0250000152736902       0.10000000149011612        1.0000000000000000     
   1.0250000152736902       0.12500000186264515        1.0000000000000000     
   1.0250000152736902       0.15000000223517418        1.0000000000000000     
   1.0250000152736902       0.17500000260770321        1.0000000000000000     
   1.0250000152736902       0.20000000298023224        1.0000000000000000     
   1.0250000152736902       0.22500000335276127        1.0000000000000000     
   1.0250000152736902       0.25000000372529030        1.0000000000000000     
   1.0250000152736902       0.27500000409781933        1.0000000000000000     
   1.0250000152736902       0.30000000447034836        1.0000000000000000     
   1.0250000152736902       0.32500000484287739        1.0000000000000000     
   1.0250000152736902       0.35000000521540642        1.0000000000000000     
   1.0250000152736902       0.37500000558793545        1.0000000000000000     
   1.0250000152736902       0.40000000596046448        1.0000000000000000     
   1.0250000152736902       0.42500000633299351        1.0000000000000000     
   1.0250000152736902       0.45000000670552254        1.0000000000000000     
   1.0250000152736902       0.47500000707805157        1.0000000000000000     
   1.0250000152736902       0.50000000745058060        1.0000000000000000     
   1.0250000152736902       0.52500000782310963        1.0000000000000000     
   1.0250000152736902       0.55000000819563866        1.0000000000000000     
   1.0250000152736902       0.57500000856816769        1.0000000000000000     
   1.0250000152736902       0.60000000894069672        1.0000000000000000     
   1.0500000156462193       -7.5000001117587090E-002  -1.0000000000000000     
   1.0500000156462193       -5.0000000745058060E-002  -1.0000000000000000     
   1.0500000156462193       -2.5000000372529030E-002   1.0000000000000000     
   1.0500000156462193        0.0000000000000000        1.0000000000000000     
   1.0500000156462193        2.5000000372529030E-002   1.0000000000000000     
   1.0500000156462193        5.0000000745058060E-002   1.0000000000000000     
   1.0500000156462193        7.5000001117587090E-002   1.0000000000000000     
   1.0500000156462193       0.10000000149011612        1.0000000000000000     
   1.0500000156462193       0.12500000186264515        1.0000000000000000     
   1.0500000156462193       0.15000000223517418        1.0000000000000000     
   1.0500000156462193       0.17500000260770321        1.0000000000000000     
   1.0500000156462193       0.20000000298023224        1.0000000000000000     
   1.0500000156462193       0.22500000335276127        1.0000000000000000     
   1.0500000156462193       0.25000000372529030        1.0000000000000000     
   1.0500000156462193       0.27500000409781933        1.0000000000000000     
   1.0500000156462193       0.30000000447034836        1.0000000000000000     
   1.0500000156462193       0.32500000484287739        1.0000000000000000     
   1.0500000156462193       0.35000000521540642        1.0000000000000000     
   1.0500000156462193       0.37500000558793545        1.0000000000000000     
   1.0500000156462193       0.40000000596046448        1.0000000000000000     
   1.0500000156462193       0.42500000633299351        1.0000000000000000     
   1.0500000156462193       0.45000000670552254        1.0000000000000000     
   1.0500000156462193       0.47500000707805157        1.0000000000000000     
   1.0500000156462193       0.50000000745058060        1.0000000000000000     
   1.0500000156462193       0.52500000782310963        1.0000000000000000     
   1.0500000156462193       0.55000000819563866        1.0000000000000000     
   1.0500000156462193       0.57500000856816769        1.0000000000000000     
   1.0500000156462193       0.60000000894069672        1.0000000000000000     
   1.0750000160187483       -7.5000001117587090E-002  -1.0000000000000000     
   1.0750000160187483       -5.0000000745058060E-002  -1.0000000000000000     
   1.0750000160187483       -2.5000000372529030E-002  -1.0000000000000000     
   1.0750000160187483        0.0000000000000000       -1.0000000000000000     
   1.0750000160187483        2.5000000372529030E-002  -1.0000000000000000     
   1.0750000160187483        5.0000000745058060E-002  -1.0000000000000000     
   1.0750000160187483        7.5000001117587090E-002  -1.0000000000000000     
   1.0750000160187483       0.10000000149011612       -1.0000000000000000     
   1.0750000160187483       0.12500000186264515       -1.0000000000000000     
   1.0750000160187483       0.15000000223517418       -1.0000000000000000     
   1.0750000160187483       0.17500000260770321       -1.0000000000000000     
   1.0750000160187483       0.20000000298023224       -1.0000000000000000     
   1.0750000160187483       0.22500000335276127       -1.0000000000000000     
   1.0750000160187483       0.25000000372529030       -1.0000000000000000     
   1.0750000160187483       0.27500000409781933       -1.0000000000000000     
   1.0750000160187483       0.30000000447034836       -1.0000000000000000     
   1.0750000160187483       0.32500000484287739       -1.0000000000000000     
   1.0750000160187483       0.35000000521540642       -1.0000000000000000     
   1.0750000160187483       0.37500000558793545       -1.0000000000000000     
   1.0750000160187483       0.40000000596046448       -1.0000000000000000     
   1.0750000160187483       0.42500000633299351       -1.0000000000000000     
   1.0750000160187483       0.45000000670552254       -1.0000000000000000     
   1.0750000160187483       0.47500000707805157       -1.0000000000000000     
   1.0750000160187483       0.50000000745058060       -1.0000000000000000     
   1.0750000160187483       0.52500000782310963       -1.0000000000000000     
   1.0750000160187483       0.55000000819563866       -1.0000000000000000     
   1.0750000160187483       0.57500000856816769        1.0000000000000000     
   1.0750000160187483       0.60000000894069672        1.0000000000000000     
   1.1000000163912773       -7.5000001117587090E-002  -1.0000000000000000     
   1.1000000163912773       -5.0000000745058060E-002  -1.0000000000000000     
   1.1000000163912773       -2.5000000372529030E-002  -1.0000000000000000     
   1.1000000163912773        0.0000000000000000       -1.0000000000000000     
   1.1000000163912773        2.5000000372529030E-002  -1.0000000000000000     
   1.1000000163912773        5.0000000745058060E-002  -1.0000000000000000     
   1.1000000163912773        7.5000001117587090E-002  -1.0000000000000000     
   1.1000000163912773       0.10000000149011612       -1.0000000000000000     
   1.1000000163912773       0.12500000186264515       -1.0000000000000000     
   1.1000000163912773       0.15000000223517418       -1.0000000000000000     
   1.1000000163912773       0.17500000260770321       -1.0000000000000000     
   1.1000000163912773       0.20000000298023224       -1.0000000000000000     
   1.1000000163912773       0.22500000335276127       -1.0000000000000000     
   1.1000000163912773       0.25000000372529030       -1.0000000000000000     
   1.1000000163912773       0.27500000409781933       -1.0000000000000000     
   1.1000000163912773       0.30000000447034836       -1.0000000000000000     
   1.1000000163912773       0.32500000484287739       -1.0000000000000000     
   1.1000000163912773       0.35000000521540642       -1.0000000000000000     
   1.1000000163912773       0.37500000558793545       -1.0000000000000000     
   1.1000000163912773       0.40000000596046448       -1.0000000000000000     
   1.1000000163912773       0.42500000633299351       -1.0000000000000000     
   1.1000000163912773       0.45000000670552254       -1.0000000000000000     
   1.1000000163912773       0.47500000707805157       -1.0000000000000000     
   1.1000000163912773       0.50000000745058060       -1.0000000000000000     
   1.1000000163912773       0.52500000782310963       -1.0000000000000000     
   1.1000000163912773       0.55000000819563866       -1.0000000000000000     
   1.1000000163912773       0.57500000856816769        1.0000000000000000     
   1.1000000163912773       0.60000000894069672        1.0000000000000000     
