-0.060 -0.060 -1         0.00000  0
-0.060 -0.040 -1         0.00000  0
-0.060 -0.020 -1         0.00000  0
-0.060  0.000 -1         0.00000  0
-0.060  0.020 -1         0.00000  0
-0.060  0.040 -1         0.00000  0
-0.060  0.060 -1         0.00000  0
-0.060  0.080 -1         0.00000  0
-0.060  0.100 -1         0.00000  0
-0.060  0.120 -1         0.00000  0
-0.060  0.140 -1         0.00000  0
-0.060  0.160 -1         0.00000  0
-0.060  0.180 -1         0.00000  0
-0.060  0.200 -1         0.00000  0
-0.060  0.220 -1         0.00000  0
-0.060  0.240 -1         0.00000  0
-0.060  0.260 -1         0.00000  0
-0.060  0.280 -1         0.00000  0
-0.060  0.300 -1         0.00000  0
-0.060  0.320 -1         0.00000  0
-0.060  0.340 -1         0.00000  0
-0.060  0.360 -1         0.00000  0
-0.060  0.380 -1         0.00000  0
-0.060  0.400 -1         0.00000  0
-0.060  0.420 -1         0.00000  0
-0.060  0.440 -1         0.00000  0
-0.060  0.460 -1         0.00000  0
-0.060  0.480 -1         0.00000  0
-0.060  0.500 -1         0.00000  0
-0.060  0.520 -1         0.00000  0
-0.060  0.540 -1         0.00000  0
-0.060  0.560 -1         0.00000  0
-0.060  0.580  1         0.00000  0
-0.060  0.600  1         0.00000  0
-0.040 -0.060 -1         0.00000  0
-0.040 -0.040 -1         0.00000  0
-0.040 -0.020 -1         0.00000  0
-0.040  0.000 -1         0.00000  0
-0.040  0.020 -1         0.00000  0
-0.040  0.040 -1         0.00000  0
-0.040  0.060 -1         0.00000  0
-0.040  0.080 -1         0.00000  0
-0.040  0.100 -1         0.00000  0
-0.040  0.120 -1         0.00000  0
-0.040  0.140 -1         0.00000  0
-0.040  0.160 -1         0.00000  0
-0.040  0.180 -1         0.00000  0
-0.040  0.200 -1         0.00000  0
-0.040  0.220 -1         0.00000  0
-0.040  0.240 -1         0.00000  0
-0.040  0.260 -1         0.00000  0
-0.040  0.280 -1         0.00000  0
-0.040  0.300 -1         0.00000  0
-0.040  0.320 -1         0.00000  0
-0.040  0.340 -1         0.00000  0
-0.040  0.360 -1         0.00000  0
-0.040  0.380 -1         0.00000  0
-0.040  0.400 -1         0.00000  0
-0.040  0.420 -1         0.00000  0
-0.040  0.440 -1         0.00000  0
-0.040  0.460 -1         0.00000  0
-0.040  0.480 -1         0.00000  0
-0.040  0.500 -1         0.00000  0
-0.040  0.520 -1         0.00000  0
-0.040  0.540 -1         0.00000  0
-0.040  0.560 -1         0.00000  0
-0.040  0.580  1         0.00000  0
-0.040  0.600  1         0.00000  0
-0.020 -0.060 -1         0.00000  0
-0.020 -0.040 -1         0.00000  0
-0.020 -0.020  1         0.00000  0
-0.020  0.000  1         0.00000  0
-0.020  0.020  1         0.00000  0
-0.020  0.040  1         0.00000  0
-0.020  0.060  1         0.00000  0
-0.020  0.080  1         0.00000  0
-0.020  0.100  1         0.00000  0
-0.020  0.120  1         0.00000  0
-0.020  0.140  1         0.00000  0
-0.020  0.160  1         0.00000  0
-0.020  0.180  1         0.00000  0
-0.020  0.200  1         0.00000  0
-0.020  0.220  1         0.00000  0
-0.020  0.240  1         0.00000  0
-0.020  0.260  1         0.00000  0
-0.020  0.280  1         0.00000  0
-0.020  0.300  1         0.00000  0
-0.020  0.320  1         0.00000  0
-0.020  0.340  1         0.00000  0
-0.020  0.360  1         0.00000  0
-0.020  0.380  1         0.00000  0
-0.020  0.400  1         0.00000  0
-0.020  0.420  1         0.00000  0
-0.020  0.440  1         0.00000  0
-0.020  0.460  1         0.00000  0
-0.020  0.480  1         0.00000  0
-0.020  0.500  1         0.00000  0
-0.020  0.520  1         0.00000  0
-0.020  0.540  1         0.00000  0
-0.020  0.560  1         0.00000  0
-0.020  0.580  1         0.00000  0
-0.020  0.600  1         0.00000  0
 0.000 -0.060 -1         0.00000  0
 0.000 -0.040 -1         0.00000  0
 0.000 -0.020  1         0.00000  0
 0.000  0.000  1         0.00000  0
 0.000  0.020  1       252.49684  0
 0.000  0.040  1       888.76443  0
 0.000  0.060  1      2269.83986  0
 0.000  0.080  1         0.00000  0
 0.000  0.100  1         0.00000  0
 0.000  0.120  1         0.00000  0
 0.000  0.140  1         0.00000  0
 0.000  0.160  1         0.00000  0
 0.000  0.180  1         0.00000  0
 0.000  0.200  1         0.00000  0
 0.000  0.220  1         0.00000  0
 0.000  0.240  1         0.00000  0
 0.000  0.260  1         0.00000  0
 0.000  0.280  1         0.00000  0
 0.000  0.300  1         0.00000  0
 0.000  0.320  1         0.00000  0
 0.000  0.340  1         0.00000  0
 0.000  0.360  1         0.00000  0
 0.000  0.380  1         0.00000  0
 0.000  0.400  1         0.00000  0
 0.000  0.420  1         0.00000  0
 0.000  0.440  1         0.00000  0
 0.000  0.460  1         0.00000  0
 0.000  0.480  1         0.00000  0
 0.000  0.500  1         0.00000  0
 0.000  0.520  1         0.00000  0
 0.000  0.540  1         0.00000  0
 0.000  0.560  1         0.00000  0
 0.000  0.580  1         0.00000  0
 0.000  0.600  1         0.00000  0
 0.020 -0.060 -1         0.00000  0
 0.020 -0.040 -1         0.00000  0
 0.020 -0.020  1         0.00000  0
 0.020  0.000  1      1649.89097  0
 0.342  0.020  0       661.97595  0
 0.184  0.017  0         0.00000  0
 0.161  0.114  0         0.00000  0
 0.467  0.071  0         0.00000  0
 0.097  0.077  0         0.00000  0
 0.084  0.064  0       309.57306  0
 0.335  0.130  0         0.00000  0
 0.698  0.095  0         0.00000  0
 0.433  0.018  0      2058.50644  0
 0.030  0.016  0      3528.39838  0
 0.092  0.111  0         0.00000  0
 0.331  0.072  0         0.00000  0
 0.056  0.087  0         0.00000  0
 0.134  0.109  0         0.00000  0
 0.089  0.090  0         0.00000  0
 0.449  0.079  0       507.41713  0
 0.378  0.099  0         0.00000  0
 0.034  0.052  0      2423.18587  0
 0.125  0.100  0         0.00000  0
 0.018  0.027  0       442.58523  0
 0.119  0.017  0         0.00000  0
 0.139  0.071  0         0.00000  0
 0.096  0.019  0      1750.81146  0
 0.285  0.035  0         0.00000  0
 0.379  0.051  0         0.00000  0
 0.040 -0.060 -1         0.00000  0
 0.040 -0.040 -1         0.00000  0
 0.040 -0.020  1         0.00000  0
 0.040  0.000  1       896.00588  0
 0.271  0.019  0       682.29345  0
 0.412  0.066  0         0.00000  0
 0.388  0.068  0         0.00000  0
 0.396  0.048  0         0.00000  0
 0.050  0.062  0      2218.93506  0
 0.306  0.070  0         0.00000  0
 0.375  0.020  0      2023.09505  0
 0.347  0.069  0         0.00000  0
 0.445  0.061  0       952.88879  0
 0.141  0.029  0      3286.98256  0
 0.231  0.097  0         0.00000  0
 0.123  0.061  0         0.00000  0
 0.813  0.147  0         0.00000  0
 0.328  0.117  0         0.00000  0
 0.458  0.047  0         0.00000  0
 0.296  0.019  0         0.00000  0
 0.438  0.091  0       112.60471  0
 0.209  0.017  0      1459.23184  0
 0.247  0.017  0         0.00000  0
 0.020  0.088  0         0.00000  0
 0.207  0.055  0         0.00000  0
 0.185  0.069  0      2151.44143  0
 0.175  0.052  0         0.00000  0
 0.030  0.071  0        19.93814  0
 0.265  0.034  0         0.00000  0
 0.060 -0.060 -1         0.00000  0
 0.060 -0.040 -1         0.00000  0
 0.060 -0.020  1         0.00000  0
 0.060  0.000  1         0.00000  0
 0.320  0.091  0         0.00000  0
 0.196  0.040  0      1328.24556  0
 0.310  0.032  0      1128.10036  0
 0.421  0.119  0         0.00000  0
 0.509  0.017  0         0.00000  0
 0.747  0.020  0         0.00000  0
 0.661  0.018  0       122.26894  0
 0.988  0.167  0       993.12416  0
 0.615  0.036  0         0.00000  0
 0.110  0.047  0         0.00000  0
 0.110  0.132  0         0.00000  0
 0.252  0.079  0         0.00000  0
 0.444  0.039  0      1436.63945  0
 0.594  0.116  0         0.00000  0
 0.364  0.100  0         0.00000  0
 0.358  0.023  0       116.10117  0
 0.290  0.100  0         0.00000  0
 0.416  0.050  0      1550.55535  0
 0.277  0.094  0         0.00000  0
 0.016  0.053  0      2572.41838  0
 0.046  0.038  0      1266.59391  0
 0.174  0.098  0      1089.46328  0
 0.214  0.040  0      1709.39587  0
 0.154  0.017  0         0.00000  0
 0.319  0.053  0       125.83089  0
 0.080 -0.060 -1         0.00000  0
 0.080 -0.040 -1         0.00000  0
 0.080 -0.020  1         0.00000  0
 0.080  0.000  1      2140.03822  0
 0.631  0.104  0         0.00000  0
 0.612  0.062  0         0.00000  0
 0.120  0.077  0         0.00000  0
 0.083  0.049  0      2149.92154  0
 0.662  0.090  0         0.00000  0
 0.687  0.063  0      1198.93827  0
 0.536  0.018  0      2074.05758  0
 0.876  0.177  0         0.00000  0
 0.756  0.107  0         0.00000  0
 0.657  0.062  0         0.00000  0
 0.144  0.098  0       780.76942  0
 0.830  0.094  0      2224.26043  0
 0.094  0.036  0      2759.45747  0
 0.039  0.091  0       991.75606  0
 0.427  0.105  0         0.00000  0
 0.470  0.018  0         0.00000  0
 0.567  0.021  0         0.00000  0
 0.783  0.123  0         0.00000  0
 0.124  0.035  0      1353.76347  0
 0.612  0.098  0         0.00000  0
 0.211  0.089  0         0.00000  0
 0.054  0.023  0      2131.71451  0
 0.363  0.055  0         0.00000  0
 0.494  0.055  0      2573.28052  0
 0.023  0.107  0         0.00000  0
 0.100 -0.060 -1         0.00000  0
 0.100 -0.040 -1         0.00000  0
 0.100 -0.020  1         0.00000  0
 0.100  0.000  1      1871.97208  0
 0.770  0.018  0      2682.85662  0
 0.845  0.045  0      1126.27851  0
 0.731  0.063  0      1763.46464  0
 0.769  0.084  0         0.00000  0
 0.056  0.101  0         0.00000  0
 0.267  0.085  0         0.00000  0
 0.648  0.084  0         0.00000  0
 0.921  0.182  0         0.00000  0
 0.764  0.053  0      1668.52080  0
 0.676  0.027  0       164.66384  0
 0.332  0.044  0       157.09371  0
 0.156  0.083  0         0.00000  0
 0.896  0.183  0         0.00000  0
 0.517  0.049  0         0.00000  0
 0.494  0.038  0       115.39257  0
 0.746  0.036  0         0.00000  0
 0.351  0.045  0         0.00000  0
 0.213  0.074  0         0.00000  0
 0.525  0.032  0       703.54166  0
 0.242  0.059  0      1008.94772  0
 0.408  0.019  0      1268.97800  0
 0.551  0.031  0      1654.29011  0
 0.489  0.023  0      1932.27158  0
 0.172  0.117  0         0.00000  0
 0.229  0.024  0       896.80538  0
 0.120 -0.060 -1         0.00000  0
 0.120 -0.040 -1         0.00000  0
 0.120 -0.020  1         0.00000  0
 0.120  0.000  1      3016.51688  0
 0.890  0.168  0         0.00000  0
 0.836  0.071  0         0.00000  0
 0.956  0.022  0      2188.07136  0
 0.992  0.045  0         0.00000  0
 0.975  0.085  0        75.95968  0
 0.815  0.045  0       624.01540  0
 0.877  0.069  0      1725.57349  0
 0.780  0.064  0      2154.45157  0
 0.277  0.059  0         0.00000  0
 0.514  0.103  0         0.00000  0
 0.789  0.050  0         0.00000  0
 0.579  0.039  0      1887.93172  0
 0.733  0.113  0         0.00000  0
 0.585  0.070  0       510.97598  0
 0.453  0.024  0      1651.78726  0
 0.654  0.047  0         0.00000  0
 0.780  0.095  0         0.00000  0
 0.311  0.096  0         0.00000  0
 0.073  0.018  0      3180.16848  0
 0.167  0.069  0      1077.85468  0
 0.247  0.100  0         0.00000  0
 0.391  0.024  0         0.00000  0
 0.448  0.117  0         0.00000  0
 0.522  0.070  0      1245.17089  0
 0.396  0.110  0         0.00000  0
 0.140 -0.060 -1         0.00000  0
 0.140 -0.040 -1         0.00000  0
 0.140 -0.020  1         0.00000  0
 0.140  0.000  1         0.00000  0
 0.899  0.071  0         0.00000  0
 0.971  0.026  0      1254.20812  0
 0.972  0.174  0         0.00000  0
 0.814  0.019  0         0.00000  0
 0.815  0.072  0      1120.90312  0
 0.920  0.103  0       680.54681  0
 0.770  0.122  0         0.00000  0
 0.958  0.157  0         0.00000  0
 0.719  0.019  0       648.75305  0
 0.792  0.139  0         0.00000  0
 0.921  0.130  0       491.23241  0
 0.954  0.057  0      1957.27577  0
 0.676  0.044  0         0.00000  0
 0.469  0.118  0         0.00000  0
 0.694  0.018  0         0.00000  0
 0.830  0.050  0      2396.74310  0
 0.829  0.141  0         0.00000  0
 0.702  0.110  0         0.00000  0
 0.577  0.099  0         0.00000  0
 0.844  0.131  0         0.00000  0
 0.477  0.051  0      2286.87177  0
 0.396  0.085  0         0.00000  0
 0.698  0.048  0         0.00000  0
 0.224  0.111  0         0.00000  0
 0.366  0.082  0         0.00000  0
 0.160 -0.060 -1         0.00000  0
 0.160 -0.040 -1         0.00000  0
 0.160 -0.020  1         0.00000  0
 0.160  0.000  1      1672.21858  0
 0.156  0.040  0      1808.19765  0
 0.914  0.023  0      2017.48024  0
 0.534  0.104  0         0.00000  0
 0.819  0.106  0         0.00000  0
 0.944  0.071  0         0.00000  0
 0.896  0.149  0         0.00000  0
 0.986  0.106  0      1656.72229  0
 0.753  0.081  0         0.00000  0
 0.940  0.159  0         0.00000  0
 0.625  0.085  0       295.78148  0
 0.958  0.118  0         0.00000  0
 0.949  0.097  0      1515.24774  0
 0.348  0.090  0         0.00000  0
 0.585  0.020  0      3385.65274  0
 0.956  0.134  0         0.00000  0
 0.989  0.017  0      4183.76150  0
 0.851  0.022  0      1258.52804  0
 0.798  0.068  0      1675.63794  0
 0.929  0.159  0         0.00000  0
 0.886  0.125  0      2713.73601  0
 0.677  0.074  0         0.00000  0
 0.719  0.095  0         0.00000  0
 0.860  0.133  0         0.00000  0
 0.232  0.075  0      1951.71125  0
 0.633  0.046  0         0.00000  0
 0.180 -0.060 -1         0.00000  0
 0.180 -0.040 -1         0.00000  0
 0.180 -0.020  1         0.00000  0
 0.180  0.000  1      4771.87377  0
 0.553  0.120  0         0.00000  0
 1.003  0.027  0      2834.65069  0
 0.899  0.117  0         0.00000  0
 0.806  0.088  0         0.00000  0
 0.988  0.130  0         0.00000  0
 0.970  0.102  0      1805.34623  0
 0.861  0.051  0      1513.15413  0
 0.955  0.226  0         0.00000  0
 0.601  0.044  0         0.00000  0
 0.768  0.036  0      1081.44224  0
 0.323  0.019  0      1002.92402  0
 1.000  0.063  0      1368.69135  0
 0.962  0.191  0         0.00000  0
 0.900  0.038  0         0.00000  0
 0.420  0.033  0         0.00000  0
 0.235  0.041  0      1417.34286  0
 0.570  0.111  0         0.00000  0
 0.847  0.089  0       795.43384  0
 0.065  0.070  0         0.00000  0
 0.980  0.219  0         0.00000  0
 0.791  0.019  0         0.00000  0
 0.645  0.028  0         0.00000  0
 0.935  0.137  0         0.00000  0
 0.520  0.082  0         0.00000  0
 0.796  0.105  0      1651.73827  0
 0.200 -0.060 -1         0.00000  0
 0.200 -0.040 -1         0.00000  0
 0.200 -0.020  1         0.00000  0
 0.200  0.000  1       952.40864  0
 0.500  0.103  0         0.00000  0
 0.744  0.117  0         0.00000  0
 1.002  0.080  0         0.00000  0
 0.883  0.085  0      1931.07381  0
 0.981  0.055  0      1518.86752  0
 0.921  0.070  0      1395.97574  0
 1.005  0.134  0        90.15206  0
 0.535  0.117  0         0.00000  0
 0.481  0.084  0       927.09740  0
 0.576  0.081  0         0.00000  0
 0.828  0.124  0      2656.26632  0
 0.709  0.076  0         0.00000  0
 0.455  0.102  0         0.00000  0
 0.873  0.017  0      2322.33989  0
 0.935  0.017  0       731.04817  0
 0.685  0.111  0         0.00000  0
 0.928  0.036  0      1168.82885  0
 0.870  0.035  0       858.50602  0
 0.576  0.054  0       597.11049  0
 0.806  0.123  0         0.00000  0
 0.931  0.084  0       620.70134  0
 0.872  0.138  0         0.00000  0
 0.557  0.098  0      2367.93825  0
 0.802  0.034  0      3202.35648  0
 0.708  0.033  0       660.78789  0
 0.220 -0.060 -1         0.00000  0
 0.220 -0.040 -1         0.00000  0
 0.220 -0.020  1         0.00000  0
 0.220  0.000  1         0.00000  0
 0.728  0.035  0         0.00000  0
 0.882  0.102  0         0.00000  0
 0.735  0.086  0         0.00000  0
 0.954  0.206  0         0.00000  0
 0.990  0.152  0       781.35334  0
 0.426  0.071  0         0.00000  0
 1.000  0.106  0         0.00000  0
 0.971  0.071  0       344.20734  0
 0.976  0.203  0         0.00000  0
 1.003  0.178  0         0.00000  0
 0.554  0.048  0         0.00000  0
 0.906  0.057  0       133.23592  0
 0.285  0.069  0       588.93149  0
 0.970  0.147  0      4138.88537  0
 0.482  0.102  0         0.00000  0
 0.858  0.114  0         0.00000  0
 0.908  0.097  0         0.00000  0
 0.854  0.074  0      1021.78527  0
 0.619  0.110  0         0.00000  0
 0.674  0.097  0         0.00000  0
 0.552  0.067  0        31.48398  0
 0.747  0.062  0      1977.61094  0
 0.603  0.074  0         0.00000  0
 0.896  0.022  0       971.50052  0
 0.940  0.108  0       753.04603  0
 0.240 -0.060 -1         0.00000  0
 0.240 -0.040 -1         0.00000  0
 0.240 -0.020  1         0.00000  0
 0.240  0.000  1         0.00000  0
 0.629  0.018  0         0.00000  0
 0.835  0.020  0         0.00000  0
 0.194  0.107  0         0.00000  0
 0.864  0.098  0       865.19746  0
 0.932  0.052  0       220.52865  0
 0.907  0.137  0         0.00000  0
 0.715  0.061  0         0.00000  0
 0.958  0.041  0         0.00000  0
 0.942  0.225  0         0.00000  0
 0.178  0.033  0      2099.74997  0
 0.066  0.038  0         0.00000  0
 0.298  0.051  0         0.00000  0
 0.491  0.074  0         0.00000  0
 0.549  0.080  0         0.00000  0
 0.022  0.120  0         0.00000  0
 0.632  0.067  0         0.00000  0
 0.533  0.052  0       269.41936  0
 0.253  0.048  0       994.79912  0
 0.103  0.097  0         0.00000  0
 0.475  0.127  0         0.00000  0
 0.880  0.051  0      1306.88535  0
 0.146  0.052  0       975.21183  0
 0.606  0.019  0         0.00000  0
 0.188  0.086  0       853.11069  0
 0.404  0.101  0      1347.91800  0
 0.260 -0.060 -1         0.00000  0
 0.260 -0.040 -1         0.00000  0
 0.260 -0.020  1         0.00000  0
 0.260  0.000  1         0.00000  0
 0.280 -0.060 -1         0.00000  0
 0.280 -0.040 -1         0.00000  0
 0.280 -0.020  1         0.00000  0
 0.280  0.000  1         0.00000  0
 0.300 -0.060 -1         0.00000  0
 0.300 -0.040 -1         0.00000  0
 0.300 -0.020  1         0.00000  0
 0.300  0.000  1         0.00000  0
 0.320 -0.060 -1         0.00000  0
 0.320 -0.040 -1         0.00000  0
 0.320 -0.020  1         0.00000  0
 0.320  0.000  1       430.04829  0
 0.340 -0.060 -1         0.00000  0
 0.340 -0.040 -1         0.00000  0
 0.340 -0.020  1         0.00000  0
 0.340  0.000  1       973.74254  0
 0.360 -0.060 -1         0.00000  0
 0.360 -0.040 -1         0.00000  0
 0.360 -0.020  1         0.00000  0
 0.360  0.000  1         0.00000  0
 0.380 -0.060 -1         0.00000  0
 0.380 -0.040 -1         0.00000  0
 0.380 -0.020  1         0.00000  0
 0.380  0.000  1       959.30268  0
 0.400 -0.060 -1         0.00000  0
 0.400 -0.040 -1         0.00000  0
 0.400 -0.020  1         0.00000  0
 0.400  0.000  1      1573.34936  0
 0.420 -0.060 -1         0.00000  0
 0.420 -0.040 -1         0.00000  0
 0.420 -0.020  1         0.00000  0
 0.420  0.000  1      1009.37114  0
 0.440 -0.060 -1         0.00000  0
 0.440 -0.040 -1         0.00000  0
 0.440 -0.020  1         0.00000  0
 0.440  0.000  1      1623.27339  0
 0.460 -0.060 -1         0.00000  0
 0.460 -0.040 -1         0.00000  0
 0.460 -0.020  1         0.00000  0
 0.460  0.000  1         0.00000  0
 0.480 -0.060 -1         0.00000  0
 0.480 -0.040 -1         0.00000  0
 0.480 -0.020  1         0.00000  0
 0.480  0.000  1       790.17720  0
 0.500 -0.060 -1         0.00000  0
 0.500 -0.040 -1         0.00000  0
 0.500 -0.020  1         0.00000  0
 0.500  0.000  1      1282.40565  0
 0.520 -0.060 -1         0.00000  0
 0.520 -0.040 -1         0.00000  0
 0.520 -0.020  1         0.00000  0
 0.520  0.000  1      1055.83344  0
 0.540 -0.060 -1         0.00000  0
 0.540 -0.040 -1         0.00000  0
 0.540 -0.020  1         0.00000  0
 0.540  0.000  1      1112.85074  0
 0.560 -0.060 -1         0.00000  0
 0.560 -0.040 -1         0.00000  0
 0.560 -0.020  1         0.00000  0
 0.560  0.000  1         0.00000  0
 0.580 -0.060 -1         0.00000  0
 0.580 -0.040 -1         0.00000  0
 0.580 -0.020  1         0.00000  0
 0.580  0.000  1         0.00000  0
 0.600 -0.060 -1         0.00000  0
 0.600 -0.040 -1         0.00000  0
 0.600 -0.020  1         0.00000  0
 0.600  0.000  1         0.00000  0
 0.620 -0.060 -1         0.00000  0
 0.620 -0.040 -1         0.00000  0
 0.620 -0.020  1         0.00000  0
 0.620  0.000  1         0.00000  0
 0.640 -0.060 -1         0.00000  0
 0.640 -0.040 -1         0.00000  0
 0.640 -0.020  1         0.00000  0
 0.640  0.000  1         0.00000  0
 0.660 -0.060 -1         0.00000  0
 0.660 -0.040 -1         0.00000  0
 0.660 -0.020  1         0.00000  0
 0.660  0.000  1      2160.90592  0
 0.680 -0.060 -1         0.00000  0
 0.680 -0.040 -1         0.00000  0
 0.680 -0.020  1         0.00000  0
 0.680  0.000  1         0.00000  0
 0.700 -0.060 -1         0.00000  0
 0.700 -0.040 -1         0.00000  0
 0.700 -0.020  1         0.00000  0
 0.700  0.000  1         0.00000  0
 0.720 -0.060 -1         0.00000  0
 0.720 -0.040 -1         0.00000  0
 0.720 -0.020  1         0.00000  0
 0.720  0.000  1         0.00000  0
 0.740 -0.060 -1         0.00000  0
 0.740 -0.040 -1         0.00000  0
 0.740 -0.020  1         0.00000  0
 0.740  0.000  1         0.00000  0
 0.760 -0.060 -1         0.00000  0
 0.760 -0.040 -1         0.00000  0
 0.760 -0.020  1         0.00000  0
 0.760  0.000  1         0.00000  0
 0.780 -0.060 -1         0.00000  0
 0.780 -0.040 -1         0.00000  0
 0.780 -0.020  1         0.00000  0
 0.780  0.000  1      2453.67193  0
 0.800 -0.060 -1         0.00000  0
 0.800 -0.040 -1         0.00000  0
 0.800 -0.020  1         0.00000  0
 0.800  0.000  1      2518.50023  0
 0.820 -0.060 -1         0.00000  0
 0.820 -0.040 -1         0.00000  0
 0.820 -0.020  1         0.00000  0
 0.820  0.000  1      1575.21574  0
 0.840 -0.060 -1         0.00000  0
 0.840 -0.040 -1         0.00000  0
 0.840 -0.020  1         0.00000  0
 0.840  0.000  1      1986.01329  0
 0.860 -0.060 -1         0.00000  0
 0.860 -0.040 -1         0.00000  0
 0.860 -0.020  1         0.00000  0
 0.860  0.000  1      1171.31110  0
 0.880 -0.060 -1         0.00000  0
 0.880 -0.040 -1         0.00000  0
 0.880 -0.020  1         0.00000  0
 0.880  0.000  1      1028.50701  0
 0.900 -0.060 -1         0.00000  0
 0.900 -0.040 -1         0.00000  0
 0.900 -0.020  1         0.00000  0
 0.900  0.000  1         0.00000  0
 0.920 -0.060 -1         0.00000  0
 0.920 -0.040 -1         0.00000  0
 0.920 -0.020  1         0.00000  0
 0.920  0.000  1         0.00000  0
 0.940 -0.060 -1         0.00000  0
 0.940 -0.040 -1         0.00000  0
 0.940 -0.020  1         0.00000  0
 0.940  0.000  1      2695.03565  0
 0.960 -0.060 -1         0.00000  0
 0.960 -0.040 -1         0.00000  0
 0.960 -0.020  1         0.00000  0
 0.960  0.000  1         0.00000  0
 0.980 -0.060 -1         0.00000  0
 0.980 -0.040 -1         0.00000  0
 0.980 -0.020  1         0.00000  0
 0.980  0.000  1      2850.27529  0
 1.000 -0.060 -1         0.00000  0
 1.000 -0.040 -1         0.00000  0
 1.000 -0.020  1         0.00000  0
 1.000  0.000  1       882.01276  0
 1.020 -0.060 -1         0.00000  0
 1.020 -0.040 -1         0.00000  0
 1.020 -0.020  1         0.00000  0
 1.020  0.000  1         0.00000  0
 1.020  0.020  1      3074.14882  0
 1.020  0.040  1         0.00000  0
 1.020  0.060  1       215.35914  0
 1.020  0.080  1      2605.40893  0
 1.020  0.100  1         0.00000  0
 1.020  0.120  1         0.00000  0
 1.020  0.140  1         0.00000  0
 1.020  0.160  1         0.00000  0
 1.020  0.180  1         0.00000  0
 1.020  0.200  1         0.00000  0
 1.020  0.220  1         0.00000  0
 1.020  0.240  1         0.00000  0
 1.020  0.260  1         0.00000  0
 1.020  0.280  1         0.00000  0
 1.020  0.300  1         0.00000  0
 1.020  0.320  1         0.00000  0
 1.020  0.340  1         0.00000  0
 1.020  0.360  1         0.00000  0
 1.020  0.380  1         0.00000  0
 1.020  0.400  1         0.00000  0
 1.020  0.420  1         0.00000  0
 1.020  0.440  1         0.00000  0
 1.020  0.460  1         0.00000  0
 1.020  0.480  1         0.00000  0
 1.020  0.500  1         0.00000  0
 1.020  0.520  1         0.00000  0
 1.020  0.540  1         0.00000  0
 1.020  0.560  1         0.00000  0
 1.020  0.580  1         0.00000  0
 1.020  0.600  1         0.00000  0
 1.040 -0.060 -1         0.00000  0
 1.040 -0.040 -1         0.00000  0
 1.040 -0.020  1         0.00000  0
 1.040  0.000  1         0.00000  0
 1.040  0.020  1         0.00000  0
 1.040  0.040  1         0.00000  0
 1.040  0.060  1         0.00000  0
 1.040  0.080  1         0.00000  0
 1.040  0.100  1         0.00000  0
 1.040  0.120  1         0.00000  0
 1.040  0.140  1         0.00000  0
 1.040  0.160  1         0.00000  0
 1.040  0.180  1         0.00000  0
 1.040  0.200  1         0.00000  0
 1.040  0.220  1         0.00000  0
 1.040  0.240  1         0.00000  0
 1.040  0.260  1         0.00000  0
 1.040  0.280  1         0.00000  0
 1.040  0.300  1         0.00000  0
 1.040  0.320  1         0.00000  0
 1.040  0.340  1         0.00000  0
 1.040  0.360  1         0.00000  0
 1.040  0.380  1         0.00000  0
 1.040  0.400  1         0.00000  0
 1.040  0.420  1         0.00000  0
 1.040  0.440  1         0.00000  0
 1.040  0.460  1         0.00000  0
 1.040  0.480  1         0.00000  0
 1.040  0.500  1         0.00000  0
 1.040  0.520  1         0.00000  0
 1.040  0.540  1         0.00000  0
 1.040  0.560  1         0.00000  0
 1.040  0.580  1         0.00000  0
 1.040  0.600  1         0.00000  0
 1.060 -0.060 -1         0.00000  0
 1.060 -0.040 -1         0.00000  0
 1.060 -0.020 -1         0.00000  0
 1.060  0.000 -1         0.00000  0
 1.060  0.020 -1         0.00000  0
 1.060  0.040 -1         0.00000  0
 1.060  0.060 -1         0.00000  0
 1.060  0.080 -1         0.00000  0
 1.060  0.100 -1         0.00000  0
 1.060  0.120 -1         0.00000  0
 1.060  0.140 -1         0.00000  0
 1.060  0.160 -1         0.00000  0
 1.060  0.180 -1         0.00000  0
 1.060  0.200 -1         0.00000  0
 1.060  0.220 -1         0.00000  0
 1.060  0.240 -1         0.00000  0
 1.060  0.260 -1         0.00000  0
 1.060  0.280 -1         0.00000  0
 1.060  0.300 -1         0.00000  0
 1.060  0.320 -1         0.00000  0
 1.060  0.340 -1         0.00000  0
 1.060  0.360 -1         0.00000  0
 1.060  0.380 -1         0.00000  0
 1.060  0.400 -1         0.00000  0
 1.060  0.420 -1         0.00000  0
 1.060  0.440 -1         0.00000  0
 1.060  0.460 -1         0.00000  0
 1.060  0.480 -1         0.00000  0
 1.060  0.500 -1         0.00000  0
 1.060  0.520 -1         0.00000  0
 1.060  0.540 -1         0.00000  0
 1.060  0.560 -1         0.00000  0
 1.060  0.580  1         0.00000  0
 1.060  0.600  1         0.00000  0
 1.080 -0.060 -1         0.00000  0
 1.080 -0.040 -1         0.00000  0
 1.080 -0.020 -1         0.00000  0
 1.080  0.000 -1         0.00000  0
 1.080  0.020 -1         0.00000  0
 1.080  0.040 -1         0.00000  0
 1.080  0.060 -1         0.00000  0
 1.080  0.080 -1         0.00000  0
 1.080  0.100 -1         0.00000  0
 1.080  0.120 -1         0.00000  0
 1.080  0.140 -1         0.00000  0
 1.080  0.160 -1         0.00000  0
 1.080  0.180 -1         0.00000  0
 1.080  0.200 -1         0.00000  0
 1.080  0.220 -1         0.00000  0
 1.080  0.240 -1         0.00000  0
 1.080  0.260 -1         0.00000  0
 1.080  0.280 -1         0.00000  0
 1.080  0.300 -1         0.00000  0
 1.080  0.320 -1         0.00000  0
 1.080  0.340 -1         0.00000  0
 1.080  0.360 -1         0.00000  0
 1.080  0.380 -1         0.00000  0
 1.080  0.400 -1         0.00000  0
 1.080  0.420 -1         0.00000  0
 1.080  0.440 -1         0.00000  0
 1.080  0.460 -1         0.00000  0
 1.080  0.480 -1         0.00000  0
 1.080  0.500 -1         0.00000  0
 1.080  0.520 -1         0.00000  0
 1.080  0.540 -1         0.00000  0
 1.080  0.560 -1         0.00000  0
 1.080  0.580  1         0.00000  0
 1.080  0.600  1         0.00000  0
