-0.075 -0.075 -1         0.00000  0
-0.075 -0.050 -1         0.00000  0
-0.075 -0.025 -1         0.00000  0
-0.075  0.000 -1         0.00000  0
-0.075  0.025 -1         0.00000  0
-0.075  0.050 -1         0.00000  0
-0.075  0.075 -1         0.00000  0
-0.075  0.100 -1         0.00000  0
-0.075  0.125 -1         0.00000  0
-0.075  0.150 -1         0.00000  0
-0.075  0.175 -1         0.00000  0
-0.075  0.200 -1         0.00000  0
-0.075  0.225 -1         0.00000  0
-0.075  0.250 -1         0.00000  0
-0.075  0.275 -1         0.00000  0
-0.075  0.300 -1         0.00000  0
-0.075  0.325 -1         0.00000  0
-0.075  0.350 -1         0.00000  0
-0.075  0.375 -1         0.00000  0
-0.075  0.400 -1         0.00000  0
-0.075  0.425 -1         0.00000  0
-0.075  0.450 -1         0.00000  0
-0.075  0.475 -1         0.00000  0
-0.075  0.500 -1         0.00000  0
-0.075  0.525 -1         0.00000  0
-0.075  0.550 -1         0.00000  0
-0.075  0.575  1         0.00000  0
-0.075  0.600  1         0.00000  0
-0.050 -0.075 -1         0.00000  0
-0.050 -0.050 -1         0.00000  0
-0.050 -0.025 -1         0.00000  0
-0.050  0.000 -1         0.00000  0
-0.050  0.025 -1         0.00000  0
-0.050  0.050 -1         0.00000  0
-0.050  0.075 -1         0.00000  0
-0.050  0.100 -1         0.00000  0
-0.050  0.125 -1         0.00000  0
-0.050  0.150 -1         0.00000  0
-0.050  0.175 -1         0.00000  0
-0.050  0.200 -1         0.00000  0
-0.050  0.225 -1         0.00000  0
-0.050  0.250 -1         0.00000  0
-0.050  0.275 -1         0.00000  0
-0.050  0.300 -1         0.00000  0
-0.050  0.325 -1         0.00000  0
-0.050  0.350 -1         0.00000  0
-0.050  0.375 -1         0.00000  0
-0.050  0.400 -1         0.00000  0
-0.050  0.425 -1         0.00000  0
-0.050  0.450 -1         0.00000  0
-0.050  0.475 -1         0.00000  0
-0.050  0.500 -1         0.00000  0
-0.050  0.525 -1         0.00000  0
-0.050  0.550 -1         0.00000  0
-0.050  0.575  1         0.00000  0
-0.050  0.600  1         0.00000  0
-0.025 -0.075 -1         0.00000  0
-0.025 -0.050 -1         0.00000  0
-0.025 -0.025  1         0.00000  0
-0.025  0.000  1         0.00000  0
-0.025  0.025  1         0.00000  0
-0.025  0.050  1         0.00000  0
-0.025  0.075  1         0.00000  0
-0.025  0.100  1         0.00000  0
-0.025  0.125  1         0.00000  0
-0.025  0.150  1         0.00000  0
-0.025  0.175  1         0.00000  0
-0.025  0.200  1         0.00000  0
-0.025  0.225  1         0.00000  0
-0.025  0.250  1         0.00000  0
-0.025  0.275  1         0.00000  0
-0.025  0.300  1         0.00000  0
-0.025  0.325  1         0.00000  0
-0.025  0.350  1         0.00000  0
-0.025  0.375  1         0.00000  0
-0.025  0.400  1         0.00000  0
-0.025  0.425  1         0.00000  0
-0.025  0.450  1         0.00000  0
-0.025  0.475  1         0.00000  0
-0.025  0.500  1         0.00000  0
-0.025  0.525  1         0.00000  0
-0.025  0.550  1         0.00000  0
-0.025  0.575  1         0.00000  0
-0.025  0.600  1         0.00000  0
 0.000 -0.075 -1         0.00000  0
 0.000 -0.050 -1         0.00000  0
 0.000 -0.025  1         0.00000  0
 0.000  0.000  1       469.58980  0
 0.000  0.025  1      1930.77634  0
 0.000  0.050  1      1632.18774  0
 0.000  0.075  1      1363.09052  0
 0.000  0.100  1       908.14177  0
 0.000  0.125  1       504.45936  0
 0.000  0.150  1       104.20664  0
 0.000  0.175  1         0.00000  0
 0.000  0.200  1         0.00000  0
 0.000  0.225  1         0.00000  0
 0.000  0.250  1         0.00000  0
 0.000  0.275  1         0.00000  0
 0.000  0.300  1         0.00000  0
 0.000  0.325  1         0.00000  0
 0.000  0.350  1         0.00000  0
 0.000  0.375  1         0.00000  0
 0.000  0.400  1         0.00000  0
 0.000  0.425  1         0.00000  0
 0.000  0.450  1         0.00000  0
 0.000  0.475  1         0.00000  0
 0.000  0.500  1         0.00000  0
 0.000  0.525  1         0.00000  0
 0.000  0.550  1         0.00000  0
 0.000  0.575  1         0.00000  0
 0.000  0.600  1         0.00000  0
 0.025 -0.075 -1         0.00000  0
 0.025 -0.050 -1         0.00000  0
 0.025 -0.025  1         0.00000  0
 0.025  0.000  1      2447.78658  0
 0.024  0.024  0      3160.04967  0
 0.025  0.049  0      2264.99739  0
 0.025  0.074  0      2228.71729  0
 0.025  0.099  0      1813.78376  0
 0.025  0.124  0      1489.46663  0
 0.025  0.149  0      1130.77295  0
 0.025  0.174  0       761.13899  0
 0.025  0.199  0       369.02670  0
 0.025  0.224  0         0.00000  0
 0.025  0.249  0         0.00000  0
 0.025  0.274  0         0.00000  0
 0.025  0.299  0         0.00000  0
 0.025  0.324  0         0.00000  0
 0.025  0.349  0         0.00000  0
 0.025  0.374  0         0.00000  0
 0.025  0.399  0         0.00000  0
 0.025  0.424  0         0.00000  0
 0.025  0.449  0         0.00000  0
 0.025  0.474  0         0.00000  0
 0.025  0.499  0         0.00000  0
 0.050 -0.075 -1         0.00000  0
 0.050 -0.050 -1         0.00000  0
 0.050 -0.025  1         0.00000  0
 0.050  0.000  1      2566.69006  0
 0.050  0.024  0      2485.56576  0
 0.050  0.050  0      1537.94801  0
 0.050  0.074  0      1828.47415  0
 0.050  0.099  0      1482.32583  0
 0.050  0.124  0      1385.39300  0
 0.050  0.149  0      1223.85359  0
 0.050  0.174  0      1019.06952  0
 0.050  0.199  0       727.03838  0
 0.050  0.224  0       352.19446  0
 0.050  0.249  0         0.00000  0
 0.050  0.274  0         0.00000  0
 0.050  0.299  0         0.00000  0
 0.050  0.324  0         0.00000  0
 0.050  0.349  0         0.00000  0
 0.050  0.374  0         0.00000  0
 0.050  0.399  0         0.00000  0
 0.050  0.424  0         0.00000  0
 0.050  0.449  0         0.00000  0
 0.050  0.474  0         0.00000  0
 0.050  0.499  0         0.00000  0
 0.075 -0.075 -1         0.00000  0
 0.075 -0.050 -1         0.00000  0
 0.075 -0.025  1         0.00000  0
 0.075  0.000  1      2610.24070  0
 0.075  0.024  0      2483.56316  0
 0.075  0.050  0      1604.22041  0
 0.075  0.074  0      1799.82700  0
 0.075  0.099  0      1396.32197  0
 0.075  0.124  0      1331.05071  0
 0.075  0.149  0      1210.86919  0
 0.075  0.174  0      1083.62622  0
 0.075  0.199  0       887.10652  0
 0.075  0.224  0       589.91665  0
 0.075  0.249  0       210.51112  0
 0.075  0.274  0         0.00000  0
 0.075  0.299  0         0.00000  0
 0.075  0.324  0         0.00000  0
 0.075  0.349  0         0.00000  0
 0.075  0.374  0         0.00000  0
 0.075  0.399  0         0.00000  0
 0.075  0.424  0         0.00000  0
 0.075  0.449  0         0.00000  0
 0.075  0.474  0         0.00000  0
 0.075  0.499  0         0.00000  0
 0.100 -0.075 -1         0.00000  0
 0.100 -0.050 -1         0.00000  0
 0.100 -0.025  1         0.00000  0
 0.100  0.000  1      2563.02024  0
 0.100  0.024  0      2468.12382  0
 0.100  0.050  0      1532.28074  0
 0.100  0.074  0      1716.18065  0
 0.100  0.099  0      1303.34557  0
 0.100  0.124  0      1249.38381  0
 0.100  0.149  0      1153.04812  0
 0.100  0.174  0      1067.56878  0
 0.100  0.199  0       924.25153  0
 0.100  0.224  0       681.71761  0
 0.100  0.249  0       330.51005  0
 0.100  0.274  0         0.00000  0
 0.100  0.299  0         0.00000  0
 0.100  0.324  0         0.00000  0
 0.100  0.349  0         0.00000  0
 0.100  0.374  0         0.00000  0
 0.100  0.399  0         0.00000  0
 0.100  0.424  0         0.00000  0
 0.100  0.449  0         0.00000  0
 0.100  0.474  0         0.00000  0
 0.100  0.499  0         0.00000  0
 0.125 -0.075 -1         0.00000  0
 0.125 -0.050 -1         0.00000  0
 0.125 -0.025  1         0.00000  0
 0.125  0.000  1      2491.76126  0
 0.125  0.024  0      2380.29555  0
 0.125  0.050  0      1430.77120  0
 0.125  0.074  0      1626.20212  0
 0.125  0.099  0      1219.56956  0
 0.125  0.124  0      1180.76490  0
 0.125  0.149  0      1102.61985  0
 0.125  0.174  0      1035.14712  0
 0.125  0.199  0       907.38898  0
 0.125  0.224  0       676.63573  0
 0.125  0.249  0       332.62508  0
 0.125  0.274  0         0.00000  0
 0.125  0.299  0         0.00000  0
 0.125  0.324  0         0.00000  0
 0.125  0.349  0         0.00000  0
 0.125  0.374  0         0.00000  0
 0.125  0.399  0         0.00000  0
 0.125  0.424  0         0.00000  0
 0.125  0.449  0         0.00000  0
 0.125  0.474  0         0.00000  0
 0.125  0.499  0         0.00000  0
 0.150 -0.075 -1         0.00000  0
 0.150 -0.050 -1         0.00000  0
 0.150 -0.025  1         0.00000  0
 0.150  0.000  1      2377.63607  0
 0.150  0.024  0      2233.12578  0
 0.150  0.050  0      1298.05762  0
 0.150  0.074  0      1503.70212  0
 0.150  0.099  0      1131.91528  0
 0.150  0.124  0      1122.98168  0
 0.150  0.149  0      1064.72295  0
 0.150  0.174  0       996.97111  0
 0.150  0.199  0       846.49606  0
 0.150  0.224  0       580.96507  0
 0.150  0.249  0       219.52788  0
 0.150  0.274  0         0.00000  0
 0.150  0.299  0         0.00000  0
 0.150  0.324  0         0.00000  0
 0.150  0.349  0         0.00000  0
 0.150  0.374  0         0.00000  0
 0.150  0.399  0         0.00000  0
 0.150  0.424  0         0.00000  0
 0.150  0.449  0         0.00000  0
 0.150  0.474  0         0.00000  0
 0.150  0.499  0         0.00000  0
 0.175 -0.075 -1         0.00000  0
 0.175 -0.050 -1         0.00000  0
 0.175 -0.025  1         0.00000  0
 0.175  0.000  1      2179.70796  0
 0.175  0.024  0      1915.92705  0
 0.175  0.050  0      1043.71788  0
 0.175  0.074  0      1307.95921  0
 0.175  0.099  0      1023.01105  0
 0.175  0.124  0      1062.60136  0
 0.175  0.149  0      1013.90683  0
 0.175  0.174  0       906.42168  0
 0.175  0.199  0       684.36729  0
 0.175  0.224  0       352.48377  0
 0.175  0.249  0         0.00000  0
 0.175  0.274  0         0.00000  0
 0.175  0.299  0         0.00000  0
 0.175  0.324  0         0.00000  0
 0.175  0.349  0         0.00000  0
 0.175  0.374  0         0.00000  0
 0.175  0.399  0         0.00000  0
 0.175  0.424  0         0.00000  0
 0.175  0.449  0         0.00000  0
 0.175  0.474  0         0.00000  0
 0.175  0.499  0         0.00000  0
 0.200 -0.075 -1         0.00000  0
 0.200 -0.050 -1         0.00000  0
 0.200 -0.025  1         0.00000  0
 0.200  0.000  1      1863.51031  0
 0.200  0.024  0      1667.72959  0
 0.200  0.050  0       975.84432  0
 0.200  0.074  0      1334.10298  0
 0.200  0.099  0      1098.91735  0
 0.200  0.124  0      1052.88034  0
 0.200  0.149  0       882.67367  0
 0.200  0.174  0       649.47684  0
 0.200  0.199  0       345.66704  0
 0.200  0.224  0         2.11894  0
 0.200  0.249  0         0.00000  0
 0.200  0.274  0         0.00000  0
 0.200  0.299  0         0.00000  0
 0.200  0.324  0         0.00000  0
 0.200  0.349  0         0.00000  0
 0.200  0.374  0         0.00000  0
 0.200  0.399  0         0.00000  0
 0.200  0.424  0         0.00000  0
 0.200  0.449  0         0.00000  0
 0.200  0.474  0         0.00000  0
 0.200  0.499  0         0.00000  0
 0.225 -0.075 -1         0.00000  0
 0.225 -0.050 -1         0.00000  0
 0.225 -0.025  1         0.00000  0
 0.225  0.000  1      1784.78082  0
 0.226  0.024  0      1682.27094  0
 0.226  0.049  0       959.44895  0
 0.225  0.074  0      1032.18083  0
 0.225  0.099  0       655.19114  0
 0.225  0.124  0       386.05884  0
 0.225  0.149  0        51.64596  0
 0.225  0.174  0         0.00000  0
 0.225  0.199  0         0.00000  0
 0.225  0.224  0         0.00000  0
 0.225  0.249  0         0.00000  0
 0.225  0.274  0         0.00000  0
 0.225  0.299  0         0.00000  0
 0.225  0.324  0         0.00000  0
 0.225  0.349  0         0.00000  0
 0.225  0.374  0         0.00000  0
 0.225  0.399  0         0.00000  0
 0.225  0.424  0         0.00000  0
 0.225  0.449  0         0.00000  0
 0.225  0.474  0         0.00000  0
 0.225  0.499  0         0.00000  0
 0.250 -0.075 -1         0.00000  0
 0.250 -0.050 -1         0.00000  0
 0.250 -0.025  1         0.00000  0
 0.250  0.000  1         0.00000  0
 0.251  0.024  0         0.00000  0
 0.250  0.049  0         0.00000  0
 0.250  0.074  0         0.00000  0
 0.250  0.099  0         0.00000  0
 0.250  0.124  0         0.00000  0
 0.250  0.149  0         0.00000  0
 0.250  0.174  0         0.00000  0
 0.250  0.199  0         0.00000  0
 0.250  0.224  0         0.00000  0
 0.250  0.249  0         0.00000  0
 0.250  0.274  0         0.00000  0
 0.250  0.299  0         0.00000  0
 0.250  0.324  0         0.00000  0
 0.250  0.349  0         0.00000  0
 0.250  0.374  0         0.00000  0
 0.250  0.399  0         0.00000  0
 0.250  0.424  0         0.00000  0
 0.250  0.449  0         0.00000  0
 0.250  0.474  0         0.00000  0
 0.250  0.499  0         0.00000  0
 0.275 -0.075 -1         0.00000  0
 0.275 -0.050 -1         0.00000  0
 0.275 -0.025  1         0.00000  0
 0.275  0.000  1         0.00000  0
 0.300 -0.075 -1         0.00000  0
 0.300 -0.050 -1         0.00000  0
 0.300 -0.025  1         0.00000  0
 0.300  0.000  1         0.00000  0
 0.325 -0.075 -1         0.00000  0
 0.325 -0.050 -1         0.00000  0
 0.325 -0.025  1         0.00000  0
 0.325  0.000  1         0.00000  0
 0.350 -0.075 -1         0.00000  0
 0.350 -0.050 -1         0.00000  0
 0.350 -0.025  1         0.00000  0
 0.350  0.000  1         0.00000  0
 0.375 -0.075 -1         0.00000  0
 0.375 -0.050 -1         0.00000  0
 0.375 -0.025  1         0.00000  0
 0.375  0.000  1         0.00000  0
 0.400 -0.075 -1         0.00000  0
 0.400 -0.050 -1         0.00000  0
 0.400 -0.025  1         0.00000  0
 0.400  0.000  1         0.00000  0
 0.425 -0.075 -1         0.00000  0
 0.425 -0.050 -1         0.00000  0
 0.425 -0.025  1         0.00000  0
 0.425  0.000  1         0.00000  0
 0.450 -0.075 -1         0.00000  0
 0.450 -0.050 -1         0.00000  0
 0.450 -0.025  1         0.00000  0
 0.450  0.000  1         0.00000  0
 0.475 -0.075 -1         0.00000  0
 0.475 -0.050 -1         0.00000  0
 0.475 -0.025  1         0.00000  0
 0.475  0.000  1         0.00000  0
 0.500 -0.075 -1         0.00000  0
 0.500 -0.050 -1         0.00000  0
 0.500 -0.025  1         0.00000  0
 0.500  0.000  1         0.00000  0
 0.525 -0.075 -1         0.00000  0
 0.525 -0.050 -1         0.00000  0
 0.525 -0.025  1         0.00000  0
 0.525  0.000  1         0.00000  0
 0.550 -0.075 -1         0.00000  0
 0.550 -0.050 -1         0.00000  0
 0.550 -0.025  1         0.00000  0
 0.550  0.000  1         0.00000  0
 0.575 -0.075 -1         0.00000  0
 0.575 -0.050 -1         0.00000  0
 0.575 -0.025  1         0.00000  0
 0.575  0.000  1         0.00000  0
 0.600 -0.075 -1         0.00000  0
 0.600 -0.050 -1         0.00000  0
 0.600 -0.025  1         0.00000  0
 0.600  0.000  1         0.00000  0
 0.625 -0.075 -1         0.00000  0
 0.625 -0.050 -1         0.00000  0
 0.625 -0.025  1         0.00000  0
 0.625  0.000  1         0.00000  0
 0.650 -0.075 -1         0.00000  0
 0.650 -0.050 -1         0.00000  0
 0.650 -0.025  1         0.00000  0
 0.650  0.000  1         0.00000  0
 0.675 -0.075 -1         0.00000  0
 0.675 -0.050 -1         0.00000  0
 0.675 -0.025  1         0.00000  0
 0.675  0.000  1         0.00000  0
 0.700 -0.075 -1         0.00000  0
 0.700 -0.050 -1         0.00000  0
 0.700 -0.025  1         0.00000  0
 0.700  0.000  1         0.00000  0
 0.725 -0.075 -1         0.00000  0
 0.725 -0.050 -1         0.00000  0
 0.725 -0.025  1         0.00000  0
 0.725  0.000  1         0.00000  0
 0.750 -0.075 -1         0.00000  0
 0.750 -0.050 -1         0.00000  0
 0.750 -0.025  1         0.00000  0
 0.750  0.000  1         0.00000  0
 0.775 -0.075 -1         0.00000  0
 0.775 -0.050 -1         0.00000  0
 0.775 -0.025  1         0.00000  0
 0.775  0.000  1         0.00000  0
 0.800 -0.075 -1         0.00000  0
 0.800 -0.050 -1         0.00000  0
 0.800 -0.025  1         0.00000  0
 0.800  0.000  1         0.00000  0
 0.825 -0.075 -1         0.00000  0
 0.825 -0.050 -1         0.00000  0
 0.825 -0.025  1         0.00000  0
 0.825  0.000  1         0.00000  0
 0.850 -0.075 -1         0.00000  0
 0.850 -0.050 -1         0.00000  0
 0.850 -0.025  1         0.00000  0
 0.850  0.000  1         0.00000  0
 0.875 -0.075 -1         0.00000  0
 0.875 -0.050 -1         0.00000  0
 0.875 -0.025  1         0.00000  0
 0.875  0.000  1         0.00000  0
 0.900 -0.075 -1         0.00000  0
 0.900 -0.050 -1         0.00000  0
 0.900 -0.025  1         0.00000  0
 0.900  0.000  1         0.00000  0
 0.925 -0.075 -1         0.00000  0
 0.925 -0.050 -1         0.00000  0
 0.925 -0.025  1         0.00000  0
 0.925  0.000  1         0.00000  0
 0.950 -0.075 -1         0.00000  0
 0.950 -0.050 -1         0.00000  0
 0.950 -0.025  1         0.00000  0
 0.950  0.000  1         0.00000  0
 0.975 -0.075 -1         0.00000  0
 0.975 -0.050 -1         0.00000  0
 0.975 -0.025  1         0.00000  0
 0.975  0.000  1         0.00000  0
 1.000 -0.075 -1         0.00000  0
 1.000 -0.050 -1         0.00000  0
 1.000 -0.025  1         0.00000  0
 1.000  0.000  1         0.00000  0
 1.025 -0.075 -1         0.00000  0
 1.025 -0.050 -1         0.00000  0
 1.025 -0.025  1         0.00000  0
 1.025  0.000  1         0.00000  0
 1.025  0.025  1         0.00000  0
 1.025  0.050  1         0.00000  0
 1.025  0.075  1         0.00000  0
 1.025  0.100  1         0.00000  0
 1.025  0.125  1         0.00000  0
 1.025  0.150  1         0.00000  0
 1.025  0.175  1         0.00000  0
 1.025  0.200  1         0.00000  0
 1.025  0.225  1         0.00000  0
 1.025  0.250  1         0.00000  0
 1.025  0.275  1         0.00000  0
 1.025  0.300  1         0.00000  0
 1.025  0.325  1         0.00000  0
 1.025  0.350  1         0.00000  0
 1.025  0.375  1         0.00000  0
 1.025  0.400  1         0.00000  0
 1.025  0.425  1         0.00000  0
 1.025  0.450  1         0.00000  0
 1.025  0.475  1         0.00000  0
 1.025  0.500  1         0.00000  0
 1.025  0.525  1         0.00000  0
 1.025  0.550  1         0.00000  0
 1.025  0.575  1         0.00000  0
 1.025  0.600  1         0.00000  0
 1.050 -0.075 -1         0.00000  0
 1.050 -0.050 -1         0.00000  0
 1.050 -0.025  1         0.00000  0
 1.050  0.000  1         0.00000  0
 1.050  0.025  1         0.00000  0
 1.050  0.050  1         0.00000  0
 1.050  0.075  1         0.00000  0
 1.050  0.100  1         0.00000  0
 1.050  0.125  1         0.00000  0
 1.050  0.150  1         0.00000  0
 1.050  0.175  1         0.00000  0
 1.050  0.200  1         0.00000  0
 1.050  0.225  1         0.00000  0
 1.050  0.250  1         0.00000  0
 1.050  0.275  1         0.00000  0
 1.050  0.300  1         0.00000  0
 1.050  0.325  1         0.00000  0
 1.050  0.350  1         0.00000  0
 1.050  0.375  1         0.00000  0
 1.050  0.400  1         0.00000  0
 1.050  0.425  1         0.00000  0
 1.050  0.450  1         0.00000  0
 1.050  0.475  1         0.00000  0
 1.050  0.500  1         0.00000  0
 1.050  0.525  1         0.00000  0
 1.050  0.550  1         0.00000  0
 1.050  0.575  1         0.00000  0
 1.050  0.600  1         0.00000  0
 1.075 -0.075 -1         0.00000  0
 1.075 -0.050 -1         0.00000  0
 1.075 -0.025 -1         0.00000  0
 1.075  0.000 -1         0.00000  0
 1.075  0.025 -1         0.00000  0
 1.075  0.050 -1         0.00000  0
 1.075  0.075 -1         0.00000  0
 1.075  0.100 -1         0.00000  0
 1.075  0.125 -1         0.00000  0
 1.075  0.150 -1         0.00000  0
 1.075  0.175 -1         0.00000  0
 1.075  0.200 -1         0.00000  0
 1.075  0.225 -1         0.00000  0
 1.075  0.250 -1         0.00000  0
 1.075  0.275 -1         0.00000  0
 1.075  0.300 -1         0.00000  0
 1.075  0.325 -1         0.00000  0
 1.075  0.350 -1         0.00000  0
 1.075  0.375 -1         0.00000  0
 1.075  0.400 -1         0.00000  0
 1.075  0.425 -1         0.00000  0
 1.075  0.450 -1         0.00000  0
 1.075  0.475 -1         0.00000  0
 1.075  0.500 -1         0.00000  0
 1.075  0.525 -1         0.00000  0
 1.075  0.550 -1         0.00000  0
 1.075  0.575  1         0.00000  0
 1.075  0.600  1         0.00000  0
 1.100 -0.075 -1         0.00000  0
 1.100 -0.050 -1         0.00000  0
 1.100 -0.025 -1         0.00000  0
 1.100  0.000 -1         0.00000  0
 1.100  0.025 -1         0.00000  0
 1.100  0.050 -1         0.00000  0
 1.100  0.075 -1         0.00000  0
 1.100  0.100 -1         0.00000  0
 1.100  0.125 -1         0.00000  0
 1.100  0.150 -1         0.00000  0
 1.100  0.175 -1         0.00000  0
 1.100  0.200 -1         0.00000  0
 1.100  0.225 -1         0.00000  0
 1.100  0.250 -1         0.00000  0
 1.100  0.275 -1         0.00000  0
 1.100  0.300 -1         0.00000  0
 1.100  0.325 -1         0.00000  0
 1.100  0.350 -1         0.00000  0
 1.100  0.375 -1         0.00000  0
 1.100  0.400 -1         0.00000  0
 1.100  0.425 -1         0.00000  0
 1.100  0.450 -1         0.00000  0
 1.100  0.475 -1         0.00000  0
 1.100  0.500 -1         0.00000  0
 1.100  0.525 -1         0.00000  0
 1.100  0.550 -1         0.00000  0
 1.100  0.575  1         0.00000  0
 1.100  0.600  1         0.00000  0
