-0.075 -0.075 -1         0.00000  0
-0.075 -0.050 -1         0.00000  0
-0.075 -0.025 -1         0.00000  0
-0.075  0.000 -1         0.00000  0
-0.075  0.025 -1         0.00000  0
-0.075  0.050 -1         0.00000  0
-0.075  0.075 -1         0.00000  0
-0.075  0.100 -1         0.00000  0
-0.075  0.125 -1         0.00000  0
-0.075  0.150 -1         0.00000  0
-0.075  0.175 -1         0.00000  0
-0.075  0.200 -1         0.00000  0
-0.075  0.225 -1         0.00000  0
-0.075  0.250 -1         0.00000  0
-0.075  0.275 -1         0.00000  0
-0.075  0.300 -1         0.00000  0
-0.075  0.325 -1         0.00000  0
-0.075  0.350 -1         0.00000  0
-0.075  0.375 -1         0.00000  0
-0.075  0.400 -1         0.00000  0
-0.075  0.425 -1         0.00000  0
-0.075  0.450 -1         0.00000  0
-0.075  0.475 -1         0.00000  0
-0.075  0.500 -1         0.00000  0
-0.075  0.525 -1         0.00000  0
-0.075  0.550 -1         0.00000  0
-0.075  0.575  1         0.00000  0
-0.075  0.600  1         0.00000  0
-0.050 -0.075 -1         0.00000  0
-0.050 -0.050 -1         0.00000  0
-0.050 -0.025 -1         0.00000  0
-0.050  0.000 -1         0.00000  0
-0.050  0.025 -1         0.00000  0
-0.050  0.050 -1         0.00000  0
-0.050  0.075 -1         0.00000  0
-0.050  0.100 -1         0.00000  0
-0.050  0.125 -1         0.00000  0
-0.050  0.150 -1         0.00000  0
-0.050  0.175 -1         0.00000  0
-0.050  0.200 -1         0.00000  0
-0.050  0.225 -1         0.00000  0
-0.050  0.250 -1         0.00000  0
-0.050  0.275 -1         0.00000  0
-0.050  0.300 -1         0.00000  0
-0.050  0.325 -1         0.00000  0
-0.050  0.350 -1         0.00000  0
-0.050  0.375 -1         0.00000  0
-0.050  0.400 -1         0.00000  0
-0.050  0.425 -1         0.00000  0
-0.050  0.450 -1         0.00000  0
-0.050  0.475 -1         0.00000  0
-0.050  0.500 -1         0.00000  0
-0.050  0.525 -1         0.00000  0
-0.050  0.550 -1         0.00000  0
-0.050  0.575  1         0.00000  0
-0.050  0.600  1         0.00000  0
-0.025 -0.075 -1         0.00000  0
-0.025 -0.050 -1         0.00000  0
-0.025 -0.025  1         0.00000  0
-0.025  0.000  1         0.00000  0
-0.025  0.025  1         0.00000  0
-0.025  0.050  1         0.00000  0
-0.025  0.075  1         0.00000  0
-0.025  0.100  1         0.00000  0
-0.025  0.125  1         0.00000  0
-0.025  0.150  1         0.00000  0
-0.025  0.175  1         0.00000  0
-0.025  0.200  1         0.00000  0
-0.025  0.225  1         0.00000  0
-0.025  0.250  1         0.00000  0
-0.025  0.275  1         0.00000  0
-0.025  0.300  1         0.00000  0
-0.025  0.325  1         0.00000  0
-0.025  0.350  1         0.00000  0
-0.025  0.375  1         0.00000  0
-0.025  0.400  1         0.00000  0
-0.025  0.425  1         0.00000  0
-0.025  0.450  1         0.00000  0
-0.025  0.475  1         0.00000  0
-0.025  0.500  1         0.00000  0
-0.025  0.525  1         0.00000  0
-0.025  0.550  1         0.00000  0
-0.025  0.575  1         0.00000  0
-0.025  0.600  1         0.00000  0
 0.000 -0.075 -1         0.00000  0
 0.000 -0.050 -1         0.00000  0
 0.000 -0.025  1         0.00000  0
 0.000  0.000  1         0.00000  0
 0.000  0.025  1       588.35946  0
 0.000  0.050  1         0.00000  0
 0.000  0.075  1         0.00000  0
 0.000  0.100  1         0.00000  0
 0.000  0.125  1         0.00000  0
 0.000  0.150  1         0.00000  0
 0.000  0.175  1         0.00000  0
 0.000  0.200  1         0.00000  0
 0.000  0.225  1         0.00000  0
 0.000  0.250  1         0.00000  0
 0.000  0.275  1         0.00000  0
 0.000  0.300  1         0.00000  0
 0.000  0.325  1         0.00000  0
 0.000  0.350  1         0.00000  0
 0.000  0.375  1         0.00000  0
 0.000  0.400  1         0.00000  0
 0.000  0.425  1         0.00000  0
 0.000  0.450  1         0.00000  0
 0.000  0.475  1         0.00000  0
 0.000  0.500  1         0.00000  0
 0.000  0.525  1         0.00000  0
 0.000  0.550  1         0.00000  0
 0.000  0.575  1         0.00000  0
 0.000  0.600  1         0.00000  0
 0.025 -0.075 -1         0.00000  0
 0.025 -0.050 -1         0.00000  0
 0.025 -0.025  1         0.00000  0
 0.025  0.000  1       413.87832  0
 0.075  0.025  0       350.21453  0
 0.226  0.044  0      1181.58794  0
 0.116  0.020  0      1673.13608  0
 0.257  0.090  0         0.00000  0
 0.024  0.025  0      1509.86452  0
 0.097  0.032  0      1357.72217  0
 0.049  0.024  0      1618.73770  0
 0.193  0.040  0       611.79417  0
 0.140  0.036  0        24.60550  0
 0.094  0.056  0         0.00000  0
 0.108  0.074  0         0.00000  0
 0.025  0.050  0       117.00428  0
 0.037  0.066  0       318.43938  0
 0.042  0.112  0         0.00000  0
 0.034  0.087  0       447.66171  0
 0.077  0.084  0       736.29653  0
 0.082  0.131  0         0.00000  1
 0.114  0.104  0         0.00000  0
 0.120  0.089  0       204.14390  0
 0.022  0.102  0         0.00000  0
 0.050 -0.075 -1         0.00000  0
 0.050 -0.050 -1         0.00000  0
 0.050 -0.025  1         0.00000  0
 0.050  0.000  1      1243.65525  0
 0.157  0.024  0      2309.59045  0
 0.245  0.027  0       597.45507  0
 0.295  0.077  0       377.73740  0
 0.250  0.053  0      1098.92749  0
 0.219  0.020  0      1112.92649  0
 0.206  0.059  0      1401.87238  0
 0.232  0.071  0       247.08547  0
 0.269  0.122  0         0.00000  0
 0.127  0.053  0      1199.23917  0
 0.167  0.055  0         0.00000  0
 0.142  0.067  0        15.78959  0
 0.313  0.063  0         0.00000  0
 0.057  0.046  0       857.12141  0
 0.225  0.090  0         0.00000  0
 0.070  0.063  0       493.40879  0
 0.067  0.097  0         0.00000  0
 0.197  0.116  0         0.00000  0
 0.081  0.121  0         0.00000  1
 0.139  0.117  0         0.00000  0
 0.156  0.089  0         0.00000  0
 0.075 -0.075 -1         0.00000  0
 0.075 -0.050 -1         0.00000  0
 0.075 -0.025  1         0.00000  0
 0.075  0.000  1       421.63027  0
 0.270  0.024  0       389.75828  0
 0.180  0.027  0       705.11734  0
 0.450  0.019  0       971.92684  0
 0.293  0.025  0       575.59150  0
 0.371  0.023  0         0.00000  0
 0.275  0.051  0       139.27218  0
 0.350  0.032  0        86.83751  0
 0.272  0.071  0       274.55013  0
 0.307  0.041  0       223.48302  0
 0.268  0.110  0       107.56397  0
 0.324  0.022  0         0.00000  0
 0.174  0.077  0      1218.65870  0
 0.386  0.057  0         0.00000  0
 0.293  0.109  0         0.00000  0
 0.196  0.079  0         0.00000  0
 0.217  0.106  0         0.00000  0
 0.371  0.092  0         0.00000  0
 0.169  0.102  0         0.00000  0
 0.321  0.114  0         0.00000  0
 0.201  0.128  0         0.00000  0
 0.100 -0.075 -1         0.00000  0
 0.100 -0.050 -1         0.00000  0
 0.100 -0.025  1         0.00000  0
 0.100  0.000  1       692.86634  0
 0.609  0.026  0         0.00000  0
 0.578  0.023  0         0.00000  0
 0.542  0.022  0         0.00000  0
 0.408  0.021  0         0.00000  0
 0.499  0.020  0       875.32326  0
 0.432  0.039  0       980.89427  0
 0.538  0.054  0       117.68500  0
 0.595  0.040  0       855.57142  0
 0.514  0.075  0         0.00000  0
 0.456  0.041  0       903.84789  0
 0.606  0.073  0         0.00000  0
 0.390  0.035  0       505.48601  0
 0.516  0.040  0         0.00000  0
 0.455  0.059  0         0.00000  0
 0.410  0.057  0         0.00000  0
 0.344  0.049  0        11.38984  0
 0.337  0.111  0         0.00000  0
 0.309  0.092  0         0.00000  0
 0.388  0.102  0         0.00000  0
 0.338  0.068  0         0.00000  0
 0.125 -0.075 -1         0.00000  0
 0.125 -0.050 -1         0.00000  0
 0.125 -0.025  1         0.00000  0
 0.125  0.000  1      1359.47404  0
 0.694  0.023  0      1051.63973  0
 0.703  0.053  0       546.20575  0
 0.723  0.022  0         0.00000  0
 0.555  0.037  0         0.00000  0
 0.757  0.062  0         0.00000  0
 0.838  0.028  0         0.00000  0
 0.814  0.026  0         3.02818  0
 0.773  0.026  0         0.00000  0
 0.734  0.067  0         0.00000  0
 0.640  0.019  0      2072.86292  0
 0.678  0.032  0       744.20792  0
 0.652  0.037  0         0.00000  0
 0.496  0.058  0      2696.67652  0
 0.575  0.078  0         0.00000  0
 0.492  0.039  0      2946.47744  0
 0.375  0.074  0       607.83484  0
 0.447  0.099  0        33.96458  1
 0.348  0.088  0         0.00000  0
 0.417  0.083  0         0.00000  0
 0.412  0.099  0         0.00000  0
 0.150 -0.075 -1         0.00000  0
 0.150 -0.050 -1         0.00000  0
 0.150 -0.025  1         0.00000  0
 0.150  0.000  1         0.00000  0
 0.967  0.078  0      2381.06288  0
 0.793  0.029  0         0.00000  0
 0.976  0.046  0      1002.97847  0
 0.890  0.096  0         0.00000  0
 0.957  0.205  0         0.00000  0
 0.887  0.023  0       257.55718  0
 0.858  0.024  0      1142.63596  0
 0.753  0.026  0         0.00000  0
 0.857  0.066  0      2659.12309  0
 0.787  0.064  0         0.00000  0
 0.735  0.042  0      1023.83919  0
 0.718  0.064  0         0.00000  0
 0.626  0.048  0         0.00000  0
 0.557  0.078  0         0.00000  0
 0.581  0.058  0         0.00000  0
 0.481  0.073  0         0.00000  0
 0.543  0.074  0        99.72560  0
 0.487  0.097  0         0.00000  0
 0.447  0.109  0         0.00000  1
 0.434  0.064  0         0.00000  0
 0.175 -0.075 -1         0.00000  0
 0.175 -0.050 -1         0.00000  0
 0.175 -0.025  1         0.00000  0
 0.175  0.000  1         0.00000  0
 1.005  0.094  0       623.82286  0
 0.991  0.075  0      1051.47963  0
 0.993  0.187  0         0.00000  0
 0.980  0.251  0         0.00000  0
 0.953  0.170  0       440.33836  0
 0.990  0.268  0         0.00000  0
 0.924  0.295  0         0.00000  0
 0.871  0.044  0         0.00000  0
 0.934  0.044  0      1851.17566  0
 0.903  0.103  0         0.00000  0
 0.964  0.104  0      2950.17559  0
 0.943  0.096  0       833.42259  0
 0.903  0.063  0         0.00000  0
 0.810  0.056  0       173.19949  0
 0.842  0.078  0         0.00000  0
 0.667  0.073  0         0.00000  0
 0.760  0.082  0         0.00000  0
 0.622  0.070  0         0.00000  0
 0.626  0.101  0         0.00000  0
 0.616  0.097  0         0.00000  0
 0.200 -0.075 -1         0.00000  0
 0.200 -0.050 -1         0.00000  0
 0.200 -0.025  1         0.00000  0
 0.200  0.000  1         0.00000  0
 0.998  0.127  0       751.76400  0
 1.002  0.029  0      3047.76584  0
 1.001  0.239  0         0.00000  0
 0.985  0.366  0         0.00000  0
 1.001  0.157  0       748.75857  0
 0.978  0.020  0      2382.99492  0
 0.926  0.281  0        67.77628  0
 0.983  0.432  0         0.00000  0
 0.932  0.311  0         0.00000  0
 0.917  0.175  0         0.00000  0
 0.933  0.064  0         0.00000  0
 0.948  0.026  0         0.00000  0
 0.959  0.060  0      2754.64175  0
 0.903  0.041  0       779.01096  0
 0.939  0.129  0         0.00000  0
 0.885  0.069  0         0.00000  0
 0.860  0.093  0         0.00000  0
 0.848  0.100  0         0.00000  0
 0.776  0.087  0         0.00000  0
 0.664  0.056  0         0.00000  0
 0.225 -0.075 -1         0.00000  0
 0.225 -0.050 -1         0.00000  0
 0.225 -0.025  1         0.00000  0
 0.225  0.000  1      2229.13217  0
 1.003  0.337  0         0.00000  0
 0.917  0.509  0         0.00000  0
 0.869  0.763  0         0.00000  0
 0.889  0.673  0         0.00000  0
 0.991  0.421  0         0.00000  0
 0.993  0.289  0         0.00000  0
 1.001  0.664  0         0.00000  0
 1.003  0.202  0       951.48359  0
 0.959  0.264  0         0.00000  0
 0.982  0.113  0      2679.70982  0
 0.967  0.190  0         0.00000  0
 0.933  0.269  0         0.00000  0
 0.994  0.320  0         0.00000  0
 0.982  0.220  0         0.00000  0
 0.931  0.180  0         0.00000  0
 0.966  0.136  0         0.00000  0
 0.921  0.023  0       730.39268  0
 0.927  0.120  0         0.00000  0
 0.830  0.055  0         0.00000  0
 0.687  0.069  0         0.00000  0
 0.250 -0.075 -1         0.00000  0
 0.250 -0.050 -1         0.00000  0
 0.250 -0.025  1         0.00000  0
 0.250  0.000  1         0.00000  0
 0.947  0.813  0         0.00000  0
 0.973  0.839  0         0.00000  0
 0.914  0.711  0         0.00000  0
 0.936  0.331  0         0.00000  0
 1.001  0.053  0      4469.01245  0
 0.929  0.786  0         0.00000  0
 0.892  0.344  0         0.00000  0
 0.974  0.760  0         0.00000  0
 0.989  0.490  0         0.00000  0
 0.932  0.355  0         0.00000  0
 0.921  0.467  0         0.00000  0
 0.973  0.313  0         0.00000  0
 1.002  0.576  0         0.00000  0
 0.990  0.517  0         0.00000  0
 0.954  0.464  0         0.00000  0
 0.876  0.253  0         0.00000  0
 0.986  0.149  0       987.92529  0
 0.945  0.155  0         0.00000  0
 0.921  0.095  0      1839.80504  0
 0.801  0.076  0         0.00000  0
 0.275 -0.075 -1         0.00000  0
 0.275 -0.050 -1         0.00000  0
 0.275 -0.025  1         0.00000  0
 0.275  0.000  1       311.88009  0
 0.300 -0.075 -1         0.00000  0
 0.300 -0.050 -1         0.00000  0
 0.300 -0.025  1         0.00000  0
 0.300  0.000  1      1279.17913  0
 0.325 -0.075 -1         0.00000  0
 0.325 -0.050 -1         0.00000  0
 0.325 -0.025  1         0.00000  0
 0.325  0.000  1       132.12000  0
 0.350 -0.075 -1         0.00000  0
 0.350 -0.050 -1         0.00000  0
 0.350 -0.025  1         0.00000  0
 0.350  0.000  1         0.00000  0
 0.375 -0.075 -1         0.00000  0
 0.375 -0.050 -1         0.00000  0
 0.375 -0.025  1         0.00000  0
 0.375  0.000  1       528.62661  0
 0.400 -0.075 -1         0.00000  0
 0.400 -0.050 -1         0.00000  0
 0.400 -0.025  1         0.00000  0
 0.400  0.000  1         0.00000  0
 0.425 -0.075 -1         0.00000  0
 0.425 -0.050 -1         0.00000  0
 0.425 -0.025  1         0.00000  0
 0.425  0.000  1         0.00000  0
 0.450 -0.075 -1         0.00000  0
 0.450 -0.050 -1         0.00000  0
 0.450 -0.025  1         0.00000  0
 0.450  0.000  1      3191.04221  0
 0.475 -0.075 -1         0.00000  0
 0.475 -0.050 -1         0.00000  0
 0.475 -0.025  1         0.00000  0
 0.475  0.000  1         0.00000  0
 0.500 -0.075 -1         0.00000  0
 0.500 -0.050 -1         0.00000  0
 0.500 -0.025  1         0.00000  0
 0.500  0.000  1      2064.78270  0
 0.525 -0.075 -1         0.00000  0
 0.525 -0.050 -1         0.00000  0
 0.525 -0.025  1         0.00000  0
 0.525  0.000  1         0.00000  0
 0.550 -0.075 -1         0.00000  0
 0.550 -0.050 -1         0.00000  0
 0.550 -0.025  1         0.00000  0
 0.550  0.000  1         0.00000  0
 0.575 -0.075 -1         0.00000  0
 0.575 -0.050 -1         0.00000  0
 0.575 -0.025  1         0.00000  0
 0.575  0.000  1       851.73218  0
 0.600 -0.075 -1         0.00000  0
 0.600 -0.050 -1         0.00000  0
 0.600 -0.025  1         0.00000  0
 0.600  0.000  1         0.00000  0
 0.625 -0.075 -1         0.00000  0
 0.625 -0.050 -1         0.00000  0
 0.625 -0.025  1         0.00000  0
 0.625  0.000  1       585.00241  0
 0.650 -0.075 -1         0.00000  0
 0.650 -0.050 -1         0.00000  0
 0.650 -0.025  1         0.00000  0
 0.650  0.000  1       836.46355  0
 0.675 -0.075 -1         0.00000  0
 0.675 -0.050 -1         0.00000  0
 0.675 -0.025  1         0.00000  0
 0.675  0.000  1         0.00000  0
 0.700 -0.075 -1         0.00000  0
 0.700 -0.050 -1         0.00000  0
 0.700 -0.025  1         0.00000  0
 0.700  0.000  1      1942.54856  0
 0.725 -0.075 -1         0.00000  0
 0.725 -0.050 -1         0.00000  0
 0.725 -0.025  1         0.00000  0
 0.725  0.000  1      2839.55861  0
 0.750 -0.075 -1         0.00000  0
 0.750 -0.050 -1         0.00000  0
 0.750 -0.025  1         0.00000  0
 0.750  0.000  1       694.32874  0
 0.775 -0.075 -1         0.00000  0
 0.775 -0.050 -1         0.00000  0
 0.775 -0.025  1         0.00000  0
 0.775  0.000  1         0.00000  0
 0.800 -0.075 -1         0.00000  0
 0.800 -0.050 -1         0.00000  0
 0.800 -0.025  1         0.00000  0
 0.800  0.000  1         0.00000  0
 0.825 -0.075 -1         0.00000  0
 0.825 -0.050 -1         0.00000  0
 0.825 -0.025  1         0.00000  0
 0.825  0.000  1         0.00000  0
 0.850 -0.075 -1         0.00000  0
 0.850 -0.050 -1         0.00000  0
 0.850 -0.025  1         0.00000  0
 0.850  0.000  1       628.07538  0
 0.875 -0.075 -1         0.00000  0
 0.875 -0.050 -1         0.00000  0
 0.875 -0.025  1         0.00000  0
 0.875  0.000  1       269.92447  0
 0.900 -0.075 -1         0.00000  0
 0.900 -0.050 -1         0.00000  0
 0.900 -0.025  1         0.00000  0
 0.900  0.000  1         0.00000  0
 0.925 -0.075 -1         0.00000  0
 0.925 -0.050 -1         0.00000  0
 0.925 -0.025  1         0.00000  0
 0.925  0.000  1      1507.13760  0
 0.950 -0.075 -1         0.00000  0
 0.950 -0.050 -1         0.00000  0
 0.950 -0.025  1         0.00000  0
 0.950  0.000  1       196.04838  0
 0.975 -0.075 -1         0.00000  0
 0.975 -0.050 -1         0.00000  0
 0.975 -0.025  1         0.00000  0
 0.975  0.000  1      4542.47725  0
 1.000 -0.075 -1         0.00000  0
 1.000 -0.050 -1         0.00000  0
 1.000 -0.025  1         0.00000  0
 1.000  0.000  1       268.29324  0
 1.025 -0.075 -1         0.00000  0
 1.025 -0.050 -1         0.00000  0
 1.025 -0.025  1         0.00000  0
 1.025  0.000  1         0.00000  0
 1.025  0.025  1      2298.33767  0
 1.025  0.050  1      2937.22560  0
 1.025  0.075  1       721.20834  0
 1.025  0.100  1      2382.91615  0
 1.025  0.125  1         0.00000  0
 1.025  0.150  1         0.00000  0
 1.025  0.175  1         0.00000  0
 1.025  0.200  1       803.14117  0
 1.025  0.225  1         0.00000  0
 1.025  0.250  1         0.00000  0
 1.025  0.275  1         0.00000  0
 1.025  0.300  1         0.00000  0
 1.025  0.325  1         0.00000  0
 1.025  0.350  1         0.00000  0
 1.025  0.375  1         0.00000  0
 1.025  0.400  1         0.00000  0
 1.025  0.425  1         0.00000  0
 1.025  0.450  1         0.00000  0
 1.025  0.475  1         0.00000  0
 1.025  0.500  1         0.00000  0
 1.025  0.525  1         0.00000  0
 1.025  0.550  1         0.00000  0
 1.025  0.575  1         0.00000  0
 1.025  0.600  1         0.00000  0
 1.050 -0.075 -1         0.00000  0
 1.050 -0.050 -1         0.00000  0
 1.050 -0.025  1         0.00000  0
 1.050  0.000  1         0.00000  0
 1.050  0.025  1         0.00000  0
 1.050  0.050  1         0.00000  0
 1.050  0.075  1         0.00000  0
 1.050  0.100  1         0.00000  0
 1.050  0.125  1         0.00000  0
 1.050  0.150  1         0.00000  0
 1.050  0.175  1         0.00000  0
 1.050  0.200  1         0.00000  0
 1.050  0.225  1         0.00000  0
 1.050  0.250  1         0.00000  0
 1.050  0.275  1         0.00000  0
 1.050  0.300  1         0.00000  0
 1.050  0.325  1         0.00000  0
 1.050  0.350  1         0.00000  0
 1.050  0.375  1         0.00000  0
 1.050  0.400  1         0.00000  0
 1.050  0.425  1         0.00000  0
 1.050  0.450  1         0.00000  0
 1.050  0.475  1         0.00000  0
 1.050  0.500  1         0.00000  0
 1.050  0.525  1         0.00000  0
 1.050  0.550  1         0.00000  0
 1.050  0.575  1         0.00000  0
 1.050  0.600  1         0.00000  0
 1.075 -0.075 -1         0.00000  0
 1.075 -0.050 -1         0.00000  0
 1.075 -0.025 -1         0.00000  0
 1.075  0.000 -1         0.00000  0
 1.075  0.025 -1         0.00000  0
 1.075  0.050 -1         0.00000  0
 1.075  0.075 -1         0.00000  0
 1.075  0.100 -1         0.00000  0
 1.075  0.125 -1         0.00000  0
 1.075  0.150 -1         0.00000  0
 1.075  0.175 -1         0.00000  0
 1.075  0.200 -1         0.00000  0
 1.075  0.225 -1         0.00000  0
 1.075  0.250 -1         0.00000  0
 1.075  0.275 -1         0.00000  0
 1.075  0.300 -1         0.00000  0
 1.075  0.325 -1         0.00000  0
 1.075  0.350 -1         0.00000  0
 1.075  0.375 -1         0.00000  0
 1.075  0.400 -1         0.00000  0
 1.075  0.425 -1         0.00000  0
 1.075  0.450 -1         0.00000  0
 1.075  0.475 -1         0.00000  0
 1.075  0.500 -1         0.00000  0
 1.075  0.525 -1         0.00000  0
 1.075  0.550 -1         0.00000  0
 1.075  0.575  1         0.00000  0
 1.075  0.600  1         0.00000  0
 1.100 -0.075 -1         0.00000  0
 1.100 -0.050 -1         0.00000  0
 1.100 -0.025 -1         0.00000  0
 1.100  0.000 -1         0.00000  0
 1.100  0.025 -1         0.00000  0
 1.100  0.050 -1         0.00000  0
 1.100  0.075 -1         0.00000  0
 1.100  0.100 -1         0.00000  0
 1.100  0.125 -1         0.00000  0
 1.100  0.150 -1         0.00000  0
 1.100  0.175 -1         0.00000  0
 1.100  0.200 -1         0.00000  0
 1.100  0.225 -1         0.00000  0
 1.100  0.250 -1         0.00000  0
 1.100  0.275 -1         0.00000  0
 1.100  0.300 -1         0.00000  0
 1.100  0.325 -1         0.00000  0
 1.100  0.350 -1         0.00000  0
 1.100  0.375 -1         0.00000  0
 1.100  0.400 -1         0.00000  0
 1.100  0.425 -1         0.00000  0
 1.100  0.450 -1         0.00000  0
 1.100  0.475 -1         0.00000  0
 1.100  0.500 -1         0.00000  0
 1.100  0.525 -1         0.00000  0
 1.100  0.550 -1         0.00000  0
 1.100  0.575  1         0.00000  0
 1.100  0.600  1         0.00000  0
