-0.075 -0.075 -1         0.00000  0
-0.075 -0.050 -1         0.00000  0
-0.075 -0.025 -1         0.00000  0
-0.075  0.000 -1         0.00000  0
-0.075  0.025 -1         0.00000  0
-0.075  0.050 -1         0.00000  0
-0.075  0.075 -1         0.00000  0
-0.075  0.100 -1         0.00000  0
-0.075  0.125 -1         0.00000  0
-0.075  0.150 -1         0.00000  0
-0.075  0.175 -1         0.00000  0
-0.075  0.200 -1         0.00000  0
-0.075  0.225 -1         0.00000  0
-0.075  0.250 -1         0.00000  0
-0.075  0.275 -1         0.00000  0
-0.075  0.300 -1         0.00000  0
-0.075  0.325 -1         0.00000  0
-0.075  0.350 -1         0.00000  0
-0.075  0.375 -1         0.00000  0
-0.075  0.400 -1         0.00000  0
-0.075  0.425 -1         0.00000  0
-0.075  0.450 -1         0.00000  0
-0.075  0.475 -1         0.00000  0
-0.075  0.500 -1         0.00000  0
-0.075  0.525 -1         0.00000  0
-0.075  0.550 -1         0.00000  0
-0.075  0.575  1         0.00000  0
-0.075  0.600  1         0.00000  0
-0.050 -0.075 -1         0.00000  0
-0.050 -0.050 -1         0.00000  0
-0.050 -0.025 -1         0.00000  0
-0.050  0.000 -1         0.00000  0
-0.050  0.025 -1         0.00000  0
-0.050  0.050 -1         0.00000  0
-0.050  0.075 -1         0.00000  0
-0.050  0.100 -1         0.00000  0
-0.050  0.125 -1         0.00000  0
-0.050  0.150 -1         0.00000  0
-0.050  0.175 -1         0.00000  0
-0.050  0.200 -1         0.00000  0
-0.050  0.225 -1         0.00000  0
-0.050  0.250 -1         0.00000  0
-0.050  0.275 -1         0.00000  0
-0.050  0.300 -1         0.00000  0
-0.050  0.325 -1         0.00000  0
-0.050  0.350 -1         0.00000  0
-0.050  0.375 -1         0.00000  0
-0.050  0.400 -1         0.00000  0
-0.050  0.425 -1         0.00000  0
-0.050  0.450 -1         0.00000  0
-0.050  0.475 -1         0.00000  0
-0.050  0.500 -1         0.00000  0
-0.050  0.525 -1         0.00000  0
-0.050  0.550 -1         0.00000  0
-0.050  0.575  1         0.00000  0
-0.050  0.600  1         0.00000  0
-0.025 -0.075 -1         0.00000  0
-0.025 -0.050 -1         0.00000  0
-0.025 -0.025  1         0.00000  0
-0.025  0.000  1         0.00000  0
-0.025  0.025  1         0.00000  0
-0.025  0.050  1         0.00000  0
-0.025  0.075  1         0.00000  0
-0.025  0.100  1         0.00000  0
-0.025  0.125  1         0.00000  0
-0.025  0.150  1         0.00000  0
-0.025  0.175  1         0.00000  0
-0.025  0.200  1         0.00000  0
-0.025  0.225  1         0.00000  0
-0.025  0.250  1         0.00000  0
-0.025  0.275  1         0.00000  0
-0.025  0.300  1         0.00000  0
-0.025  0.325  1         0.00000  0
-0.025  0.350  1         0.00000  0
-0.025  0.375  1         0.00000  0
-0.025  0.400  1         0.00000  0
-0.025  0.425  1         0.00000  0
-0.025  0.450  1         0.00000  0
-0.025  0.475  1         0.00000  0
-0.025  0.500  1         0.00000  0
-0.025  0.525  1         0.00000  0
-0.025  0.550  1         0.00000  0
-0.025  0.575  1         0.00000  0
-0.025  0.600  1         0.00000  0
 0.000 -0.075 -1         0.00000  0
 0.000 -0.050 -1         0.00000  0
 0.000 -0.025  1         0.00000  0
 0.000  0.000  1         0.00000  0
 0.000  0.025  1         0.00000  0
 0.000  0.050  1         0.00000  0
 0.000  0.075  1         0.00000  0
 0.000  0.100  1         0.00000  0
 0.000  0.125  1         0.00000  0
 0.000  0.150  1         0.00000  0
 0.000  0.175  1         0.00000  0
 0.000  0.200  1         0.00000  0
 0.000  0.225  1         0.00000  0
 0.000  0.250  1         0.00000  0
 0.000  0.275  1         0.00000  0
 0.000  0.300  1         0.00000  0
 0.000  0.325  1         0.00000  0
 0.000  0.350  1         0.00000  0
 0.000  0.375  1         0.00000  0
 0.000  0.400  1         0.00000  0
 0.000  0.425  1         0.00000  0
 0.000  0.450  1         0.00000  0
 0.000  0.475  1         0.00000  0
 0.000  0.500  1         0.00000  0
 0.000  0.525  1         0.00000  0
 0.000  0.550  1         0.00000  0
 0.000  0.575  1         0.00000  0
 0.000  0.600  1     46203.91189  1
 0.025 -0.075 -1         0.00000  0
 0.025 -0.050 -1         0.00000  0
 0.025 -0.025  1         0.00000  0
 0.025  0.000  1         0.00000  0
 0.105  0.057  0         0.00000  0
 0.375  0.199  0         0.00000  0
 0.201  0.053  0         0.00000  0
 0.532  0.014  0         0.00000  0
 0.020  0.044  0       876.89181  0
 0.190  0.450  0         0.00000  0
 0.033  0.023  0       706.14345  0
 0.347  0.115  0         0.00000  1
 0.212  0.062  0         0.00000  0
 0.231  0.072  0         0.00000  0
 0.272  0.104  0         0.00000  0
 0.051  0.066  0         0.00000  0
 0.059  0.022  0         0.00000  0
 0.048  0.046  0         0.00000  0
 0.098  0.115  0         0.00000  0
 0.189  0.079  0         0.00000  0
 0.199  0.088  0         0.00000  0
 0.302  0.096  0         0.00000  0
 0.286  0.089  0         0.00000  0
 0.030  0.074  0         0.00000  0
 0.050 -0.075 -1         0.00000  0
 0.050 -0.050 -1         0.00000  0
 0.050 -0.025  1         0.00000  0
 0.050  0.000  1      1037.56795  0
 0.303  0.036  0         0.00000  0
 0.448  0.224  0         0.00000  0
 0.546  0.064  0         0.00000  0
 0.006 -0.780  0         0.00000  0
 0.362  0.101  0         0.00000  0
 0.376  0.170  0         0.00000  0
 0.469  0.254  0         0.00000  0
 1.506  1.746  0         0.00000  0
 0.251  0.076  0         0.00000  0
 0.288  0.023  0         0.00000  0
 0.337  0.110  0       930.30709  1
 0.225  0.341  0         0.00000  0
 0.062  0.085  0         0.00000  0
 0.520  0.154  0         0.00000  0
 0.106  0.081  0         0.00000  0
 0.084  0.032  0         0.00000  0
 0.351  0.185  0         0.00000  0
 0.168  0.061  0         0.00000  0
 0.321  0.092  0         0.00000  0
 0.303  0.158  0         0.00000  0
 0.075 -0.075 -1         0.00000  0
 0.075 -0.050 -1         0.00000  0
 0.075 -0.025  1         0.00000  0
 0.075  0.000  1         0.00000  0
 0.484  0.030  0         0.00000  1
 0.516  0.089  0         0.00000  0
 0.722  0.078  0         0.00000  0
 0.489  0.039  0         0.00000  1
 0.632  0.025  0      6364.20673  0
 0.588  0.035  0         0.00000  0
 1.498  3.517  0         0.00000  0
 0.559  0.106  0         0.00000  0
 0.559  0.029  0         0.00000  0
 0.495  0.340  0         0.00000  0
 0.583  0.079  0         0.00000  0
 0.370  0.058  0         0.00000  0
 0.709  0.041  0         0.00000  0
 0.207  0.449  0         0.00000  0
 0.344  0.064  0         0.00000  0
 0.395  0.214  0         0.00000  0
 0.556  0.129  0         0.00000  0
 0.378  0.076  0         0.00000  0
 0.757  0.034  0         0.00000  0
 0.320  0.162  0         0.00000  0
 0.100 -0.075 -1         0.00000  0
 0.100 -0.050 -1         0.00000  0
 0.100 -0.025  1         0.00000  0
 0.100  0.000  1         0.00000  0
 0.872  0.022  0       796.77854  0
 0.861  0.163  0         0.00000  0
 0.818  0.024  0         0.00000  0
 0.787  0.096  0         0.00000  0
 0.836  0.047  0         0.00000  0
 0.789  0.184  0         0.00000  0
 0.836  0.497  0         0.00000  0
 0.901  0.115  0         0.00000  0
 0.835  0.205  0         0.00000  0
-0.079 -0.246  0         0.00000  0
 0.864  0.097  0         0.00000  0
 0.730  0.041  0         0.00000  0
 0.765  0.018  0      4328.49689  0
 0.826  0.150  0         0.00000  0
 0.792  0.135  0         0.00000  0
****** -4.450  0         0.00000  0
-1.274 -2.420  0         0.00000  0
-0.645 -1.717  0         0.00000  0
 1.274 -3.309  0         0.00000  0
 5.046  0.730  0         0.00000  0
 0.125 -0.075 -1         0.00000  0
 0.125 -0.050 -1         0.00000  0
 0.125 -0.025  1         0.00000  0
 0.125  0.000  1         0.00000  0
 0.820  0.084  0         0.00000  0
 0.914  0.126  0         0.00000  0
 0.938  0.023  0         0.00000  0
 0.854  0.055  0         0.00000  0
 0.831  0.253  0         0.00000  0
 0.949  0.098  0       767.66437  0
 0.974  0.029  0         0.00000  0
 0.952  0.041  0      1233.13158  0
 0.779  0.156  0         0.00000  0
 0.917  0.034  0         0.00000  0
 0.899  0.053  0      1272.58864  0
 0.626  0.087  0         0.00000  0
 0.814  0.048  0         0.00000  0
 0.877  0.074  0         0.00000  0
 0.646  0.120  0         0.00000  0
 0.018  0.601  0     40569.10333  1
 0.665  0.075  0         0.00000  0
 0.638  0.057  0         0.00000  0
 0.847  0.024  0         0.00000  0
-1.645  1.306  0         0.00000  0
 0.150 -0.075 -1         0.00000  0
 0.150 -0.050 -1         0.00000  0
 0.150 -0.025  1         0.00000  0
 0.150  0.000  1         0.00000  0
 0.988  0.138  0         0.00000  0
 0.834  0.079  0         0.00000  0
 0.972  0.077  0         0.00000  0
 0.903  0.148  0         0.00000  0
 0.585  0.430  0         0.00000  0
 0.847  0.192  0         0.00000  0
 0.974  0.050  0         0.00000  0
 0.931  0.058  0        23.16991  0
 0.916  0.180  0         0.00000  0
 0.875  0.111  0         0.00000  0
 0.899  0.086  0         0.00000  0
-4.603 -4.178  0         0.00000  0
 0.855  0.121  0         0.00000  0
 0.880  0.053  0      2116.14398  0
 0.788  0.539  0         0.00000  0
 0.747  0.216  0         0.00000  0
-3.648 ******  0         0.00000  0
 2.107 -1.335  0         0.00000  0
 0.803  0.097  0         0.00000  0
 0.833  0.138  0         0.00000  0
 0.175 -0.075 -1         0.00000  0
 0.175 -0.050 -1         0.00000  0
 0.175 -0.025  1         0.00000  0
 0.175  0.000  1         0.00000  0
 0.957  0.170  0         0.00000  0
 1.006  0.104  0         0.00000  0
 1.104  0.744  0         0.00000  0
******  6.520  0         0.00000  0
 0.596  0.083  0         0.00000  0
 0.956  0.276  0         0.00000  0
 0.716  0.283  0         0.00000  0
 0.956  0.155  0         0.00000  0
 0.949  0.071  0         0.00000  0
 0.778  0.261  0         0.00000  0
 0.863  0.220  0         0.00000  0
 0.921  0.197  0         0.00000  0
 0.981  0.155  0         0.00000  0
 0.897  0.175  0         0.00000  0
12.056  4.754  0         0.00000  0
 0.845  0.220  0      2825.51505  0
 0.960  0.129  0      1923.60662  0
 0.871  0.184  0      9775.22681  0
 0.896  0.023  0       899.98749  0
 0.859  0.140  0         0.00000  0
 0.200 -0.075 -1         0.00000  0
 0.200 -0.050 -1         0.00000  0
 0.200 -0.025  1         0.00000  0
 0.200  0.000  1         0.00000  0
 0.740  0.267  0         0.00000  0
 0.999  0.061  0         0.00000  0
 0.929  0.270  0         0.00000  0
 0.829  0.308  0         0.00000  1
 0.656  0.887  0         0.00000  0
 0.996  0.028  0         0.00000  0
 0.563  0.077  0         0.00000  0
 0.944  0.216  0         0.00000  0
 6.516  4.303  0         0.00000  0
 0.587  0.683  0         0.00000  0
 0.962  0.249  0         0.00000  0
 0.917  0.077  0       646.77561  0
 0.978  0.111  0         0.00000  0
 0.941  0.127  0         0.00000  0
 0.621  0.065  0         0.00000  0
 0.979  0.209  0         0.00000  0
 1.002  0.162  0         0.00000  0
 0.878  0.198  0      2290.84780  0
 0.818  0.252  0         0.00000  0
 0.768  0.211  0         0.00000  0
 0.225 -0.075 -1         0.00000  0
 0.225 -0.050 -1         0.00000  0
 0.225 -0.025  1         0.00000  0
 0.225  0.000  1         0.00000  0
 1.005  0.266  0         0.00000  0
 0.628  0.202  0         0.00000  0
 0.567  0.675  0         0.00000  0
 0.670  0.448  0         0.00000  0
 0.924  0.244  0         0.00000  0
 0.889  0.288  0         0.00000  0
 0.930  0.594  0         0.00000  0
 0.993  0.213  0       833.47384  0
 0.967  0.629  0         0.00000  0
 0.955  0.221  0      1114.45859  0
 0.610  0.036  0         0.00000  0
 0.558  0.143  0         0.00000  0
 0.985  0.227  0         0.00000  0
 0.813  0.280  0         0.00000  0
 0.454  0.277  0         0.00000  0
 0.759  0.236  0         0.00000  0
 0.930  0.102  0      1120.16352  0
 0.659  0.103  0         0.00000  0
 0.799  0.223  0         0.00000  1
 0.784  0.119  0         0.00000  0
 0.250 -0.075 -1         0.00000  0
 0.250 -0.050 -1         0.00000  0
 0.250 -0.025  1         0.00000  0
 0.250  0.000  1         0.00000  0
 0.817  0.905  0         0.00000  0
 0.883  0.998  0         0.00000  0
 0.746  0.526  0         0.00000  0
 0.647  0.023  0         0.00000  0
 0.984  0.092  0      2010.17110  0
 0.644  0.674  0         0.00000  0
 0.716  0.029  0         0.00000  0
 0.838  0.984  0         0.00000  0
 0.671  0.267  0         0.00000  0
 0.683  0.320  0         0.00000  0
 0.587  0.123  0         0.00000  0
 0.866  0.250  0         0.00000  0
 1.123  0.634  0         0.00000  0
 0.934  0.346  0         0.00000  0
 0.916  0.285  0         0.00000  0
 0.772  0.044  0         0.00000  0
 0.775  0.300  0         0.00000  0
 0.741  0.139  0         0.00000  0
 0.821  0.306  0         0.00000  1
 0.789  0.230  0         0.00000  1
 0.275 -0.075 -1         0.00000  0
 0.275 -0.050 -1         0.00000  0
 0.275 -0.025  1         0.00000  0
 0.275  0.000  1         0.00000  0
 0.300 -0.075 -1         0.00000  0
 0.300 -0.050 -1         0.00000  0
 0.300 -0.025  1         0.00000  0
 0.300  0.000  1         0.00000  0
 0.325 -0.075 -1         0.00000  0
 0.325 -0.050 -1         0.00000  0
 0.325 -0.025  1         0.00000  0
 0.325  0.000  1         0.00000  0
 0.350 -0.075 -1         0.00000  0
 0.350 -0.050 -1         0.00000  0
 0.350 -0.025  1         0.00000  0
 0.350  0.000  1         0.00000  0
 0.375 -0.075 -1         0.00000  0
 0.375 -0.050 -1         0.00000  0
 0.375 -0.025  1         0.00000  0
 0.375  0.000  1         0.00000  0
 0.400 -0.075 -1         0.00000  0
 0.400 -0.050 -1         0.00000  0
 0.400 -0.025  1         0.00000  0
 0.400  0.000  1         0.00000  0
 0.425 -0.075 -1         0.00000  0
 0.425 -0.050 -1         0.00000  0
 0.425 -0.025  1         0.00000  0
 0.425  0.000  1         0.00000  0
 0.450 -0.075 -1         0.00000  0
 0.450 -0.050 -1         0.00000  0
 0.450 -0.025  1         0.00000  0
 0.450  0.000  1         0.00000  0
 0.475 -0.075 -1         0.00000  0
 0.475 -0.050 -1         0.00000  0
 0.475 -0.025  1         0.00000  0
 0.475  0.000  1         0.00000  0
 0.500 -0.075 -1         0.00000  0
 0.500 -0.050 -1         0.00000  0
 0.500 -0.025  1         0.00000  0
 0.500  0.000  1         0.00000  0
 0.525 -0.075 -1         0.00000  0
 0.525 -0.050 -1         0.00000  0
 0.525 -0.025  1         0.00000  0
 0.525  0.000  1      6061.21430  0
 0.550 -0.075 -1         0.00000  0
 0.550 -0.050 -1         0.00000  0
 0.550 -0.025  1         0.00000  0
 0.550  0.000  1         0.00000  0
 0.575 -0.075 -1         0.00000  0
 0.575 -0.050 -1         0.00000  0
 0.575 -0.025  1         0.00000  0
 0.575  0.000  1         0.00000  0
 0.600 -0.075 -1         0.00000  0
 0.600 -0.050 -1         0.00000  0
 0.600 -0.025  1         0.00000  0
 0.600  0.000  1         0.00000  0
 0.625 -0.075 -1         0.00000  0
 0.625 -0.050 -1         0.00000  0
 0.625 -0.025  1         0.00000  0
 0.625  0.000  1         0.00000  0
 0.650 -0.075 -1         0.00000  0
 0.650 -0.050 -1         0.00000  0
 0.650 -0.025  1         0.00000  0
 0.650  0.000  1         0.00000  0
 0.675 -0.075 -1         0.00000  0
 0.675 -0.050 -1         0.00000  0
 0.675 -0.025  1         0.00000  0
 0.675  0.000  1         0.00000  0
 0.700 -0.075 -1         0.00000  0
 0.700 -0.050 -1         0.00000  0
 0.700 -0.025  1         0.00000  0
 0.700  0.000  1         0.00000  0
 0.725 -0.075 -1         0.00000  0
 0.725 -0.050 -1         0.00000  0
 0.725 -0.025  1         0.00000  0
 0.725  0.000  1         0.00000  0
 0.750 -0.075 -1         0.00000  0
 0.750 -0.050 -1         0.00000  0
 0.750 -0.025  1         0.00000  0
 0.750  0.000  1       471.73468  0
 0.775 -0.075 -1         0.00000  0
 0.775 -0.050 -1         0.00000  0
 0.775 -0.025  1         0.00000  0
 0.775  0.000  1      1501.48006  0
 0.800 -0.075 -1         0.00000  0
 0.800 -0.050 -1         0.00000  0
 0.800 -0.025  1         0.00000  0
 0.800  0.000  1         0.00000  0
 0.825 -0.075 -1         0.00000  0
 0.825 -0.050 -1         0.00000  0
 0.825 -0.025  1         0.00000  0
 0.825  0.000  1         0.00000  0
 0.850 -0.075 -1         0.00000  0
 0.850 -0.050 -1         0.00000  0
 0.850 -0.025  1         0.00000  0
 0.850  0.000  1      1533.74729  0
 0.875 -0.075 -1         0.00000  0
 0.875 -0.050 -1         0.00000  0
 0.875 -0.025  1         0.00000  0
 0.875  0.000  1      3923.54214  0
 0.900 -0.075 -1         0.00000  0
 0.900 -0.050 -1         0.00000  0
 0.900 -0.025  1         0.00000  0
 0.900  0.000  1      2576.59185  0
 0.925 -0.075 -1         0.00000  0
 0.925 -0.050 -1         0.00000  0
 0.925 -0.025  1         0.00000  0
 0.925  0.000  1         0.00000  0
 0.950 -0.075 -1         0.00000  0
 0.950 -0.050 -1         0.00000  0
 0.950 -0.025  1         0.00000  0
 0.950  0.000  1         0.00000  0
 0.975 -0.075 -1         0.00000  0
 0.975 -0.050 -1         0.00000  0
 0.975 -0.025  1         0.00000  0
 0.975  0.000  1         0.00000  0
 1.000 -0.075 -1         0.00000  0
 1.000 -0.050 -1         0.00000  0
 1.000 -0.025  1         0.00000  0
 1.000  0.000  1         0.00000  0
 1.025 -0.075 -1         0.00000  0
 1.025 -0.050 -1         0.00000  0
 1.025 -0.025  1         0.00000  0
 1.025  0.000  1         0.00000  0
 1.025  0.025  1         0.00000  0
 1.025  0.050  1         0.00000  0
 1.025  0.075  1         0.00000  0
 1.025  0.100  1      1044.70319  0
 1.025  0.125  1         0.00000  0
 1.025  0.150  1         0.00000  0
 1.025  0.175  1         0.00000  0
 1.025  0.200  1         0.00000  0
 1.025  0.225  1         0.00000  0
 1.025  0.250  1         0.00000  0
 1.025  0.275  1         0.00000  0
 1.025  0.300  1         0.00000  0
 1.025  0.325  1         0.00000  0
 1.025  0.350  1         0.00000  0
 1.025  0.375  1         0.00000  0
 1.025  0.400  1         0.00000  0
 1.025  0.425  1         0.00000  0
 1.025  0.450  1         0.00000  0
 1.025  0.475  1         0.00000  0
 1.025  0.500  1         0.00000  0
 1.025  0.525  1         0.00000  0
 1.025  0.550  1         0.00000  0
 1.025  0.575  1         0.00000  0
 1.025  0.600  1         0.00000  0
 1.050 -0.075 -1         0.00000  0
 1.050 -0.050 -1         0.00000  0
 1.050 -0.025  1         0.00000  0
 1.050  0.000  1         0.00000  0
 1.050  0.025  1         0.00000  0
 1.050  0.050  1         0.00000  0
 1.050  0.075  1         0.00000  0
 1.050  0.100  1         0.00000  0
 1.050  0.125  1         0.00000  0
 1.050  0.150  1         0.00000  0
 1.050  0.175  1         0.00000  0
 1.050  0.200  1         0.00000  0
 1.050  0.225  1         0.00000  0
 1.050  0.250  1         0.00000  0
 1.050  0.275  1         0.00000  0
 1.050  0.300  1         0.00000  0
 1.050  0.325  1         0.00000  0
 1.050  0.350  1         0.00000  0
 1.050  0.375  1         0.00000  0
 1.050  0.400  1         0.00000  0
 1.050  0.425  1         0.00000  0
 1.050  0.450  1         0.00000  0
 1.050  0.475  1         0.00000  0
 1.050  0.500  1         0.00000  0
 1.050  0.525  1         0.00000  0
 1.050  0.550  1         0.00000  0
 1.050  0.575  1         0.00000  0
 1.050  0.600  1         0.00000  0
 1.075 -0.075 -1         0.00000  0
 1.075 -0.050 -1         0.00000  0
 1.075 -0.025 -1         0.00000  0
 1.075  0.000 -1         0.00000  0
 1.075  0.025 -1         0.00000  0
 1.075  0.050 -1         0.00000  0
 1.075  0.075 -1         0.00000  0
 1.075  0.100 -1         0.00000  0
 1.075  0.125 -1         0.00000  0
 1.075  0.150 -1         0.00000  0
 1.075  0.175 -1         0.00000  0
 1.075  0.200 -1         0.00000  0
 1.075  0.225 -1         0.00000  0
 1.075  0.250 -1         0.00000  0
 1.075  0.275 -1         0.00000  0
 1.075  0.300 -1         0.00000  0
 1.075  0.325 -1         0.00000  0
 1.075  0.350 -1         0.00000  0
 1.075  0.375 -1         0.00000  0
 1.075  0.400 -1         0.00000  0
 1.075  0.425 -1         0.00000  0
 1.075  0.450 -1         0.00000  0
 1.075  0.475 -1         0.00000  0
 1.075  0.500 -1         0.00000  0
 1.075  0.525 -1         0.00000  0
 1.075  0.550 -1         0.00000  0
 1.075  0.575  1         0.00000  0
 1.075  0.600  1         0.00000  0
 1.100 -0.075 -1         0.00000  0
 1.100 -0.050 -1         0.00000  0
 1.100 -0.025 -1         0.00000  0
 1.100  0.000 -1         0.00000  0
 1.100  0.025 -1         0.00000  0
 1.100  0.050 -1         0.00000  0
 1.100  0.075 -1         0.00000  0
 1.100  0.100 -1         0.00000  0
 1.100  0.125 -1         0.00000  0
 1.100  0.150 -1         0.00000  0
 1.100  0.175 -1         0.00000  0
 1.100  0.200 -1         0.00000  0
 1.100  0.225 -1         0.00000  0
 1.100  0.250 -1         0.00000  0
 1.100  0.275 -1         0.00000  0
 1.100  0.300 -1         0.00000  0
 1.100  0.325 -1         0.00000  0
 1.100  0.350 -1         0.00000  0
 1.100  0.375 -1         0.00000  0
 1.100  0.400 -1         0.00000  0
 1.100  0.425 -1         0.00000  0
 1.100  0.450 -1         0.00000  0
 1.100  0.475 -1         0.00000  0
 1.100  0.500 -1         0.00000  0
 1.100  0.525 -1         0.00000  0
 1.100  0.550 -1         0.00000  0
 1.100  0.575  1         0.00000  0
 1.100  0.600  1         0.00000  0
