-0.075 -0.075 -1         0.00000  0
-0.075 -0.050 -1         0.00000  0
-0.075 -0.025 -1         0.00000  0
-0.075  0.000 -1         0.00000  0
-0.075  0.025 -1         0.00000  0
-0.075  0.050 -1         0.00000  0
-0.075  0.075 -1         0.00000  0
-0.075  0.100 -1         0.00000  0
-0.075  0.125 -1         0.00000  0
-0.075  0.150 -1         0.00000  0
-0.075  0.175 -1         0.00000  0
-0.075  0.200 -1         0.00000  0
-0.075  0.225 -1         0.00000  0
-0.075  0.250 -1         0.00000  0
-0.075  0.275 -1         0.00000  0
-0.075  0.300 -1         0.00000  0
-0.075  0.325 -1         0.00000  0
-0.075  0.350 -1         0.00000  0
-0.075  0.375 -1         0.00000  0
-0.075  0.400 -1         0.00000  0
-0.075  0.425 -1         0.00000  0
-0.075  0.450 -1         0.00000  0
-0.075  0.475 -1         0.00000  0
-0.075  0.500 -1         0.00000  0
-0.075  0.525 -1         0.00000  0
-0.075  0.550 -1         0.00000  0
-0.075  0.575  1         0.00000  0
-0.075  0.600  1         0.00000  0
-0.050 -0.075 -1         0.00000  0
-0.050 -0.050 -1         0.00000  0
-0.050 -0.025 -1         0.00000  0
-0.050  0.000 -1         0.00000  0
-0.050  0.025 -1         0.00000  0
-0.050  0.050 -1         0.00000  0
-0.050  0.075 -1         0.00000  0
-0.050  0.100 -1         0.00000  0
-0.050  0.125 -1         0.00000  0
-0.050  0.150 -1         0.00000  0
-0.050  0.175 -1         0.00000  0
-0.050  0.200 -1         0.00000  0
-0.050  0.225 -1         0.00000  0
-0.050  0.250 -1         0.00000  0
-0.050  0.275 -1         0.00000  0
-0.050  0.300 -1         0.00000  0
-0.050  0.325 -1         0.00000  0
-0.050  0.350 -1         0.00000  0
-0.050  0.375 -1         0.00000  0
-0.050  0.400 -1         0.00000  0
-0.050  0.425 -1         0.00000  0
-0.050  0.450 -1         0.00000  0
-0.050  0.475 -1         0.00000  0
-0.050  0.500 -1         0.00000  0
-0.050  0.525 -1         0.00000  0
-0.050  0.550 -1         0.00000  0
-0.050  0.575  1         0.00000  0
-0.050  0.600  1         0.00000  0
-0.025 -0.075 -1         0.00000  0
-0.025 -0.050 -1         0.00000  0
-0.025 -0.025  1         0.00000  0
-0.025  0.000  1         0.00000  0
-0.025  0.025  1         0.00000  0
-0.025  0.050  1         0.00000  0
-0.025  0.075  1         0.00000  0
-0.025  0.100  1         0.00000  0
-0.025  0.125  1         0.00000  0
-0.025  0.150  1         0.00000  0
-0.025  0.175  1         0.00000  0
-0.025  0.200  1         0.00000  0
-0.025  0.225  1         0.00000  0
-0.025  0.250  1         0.00000  0
-0.025  0.275  1         0.00000  0
-0.025  0.300  1         0.00000  0
-0.025  0.325  1         0.00000  0
-0.025  0.350  1         0.00000  0
-0.025  0.375  1         0.00000  0
-0.025  0.400  1         0.00000  0
-0.025  0.425  1         0.00000  0
-0.025  0.450  1         0.00000  0
-0.025  0.475  1         0.00000  0
-0.025  0.500  1         0.00000  0
-0.025  0.525  1         0.00000  0
-0.025  0.550  1         0.00000  0
-0.025  0.575  1         0.00000  0
-0.025  0.600  1         0.00000  0
 0.000 -0.075 -1         0.00000  0
 0.000 -0.050 -1         0.00000  0
 0.000 -0.025  1         0.00000  0
 0.000  0.000  1         0.00000  0
 0.000  0.025  1        37.23826  0
 0.000  0.050  1         0.00000  0
 0.000  0.075  1         0.00000  0
 0.000  0.100  1         0.00000  0
 0.000  0.125  1         0.00000  0
 0.000  0.150  1         0.00000  0
 0.000  0.175  1         0.00000  0
 0.000  0.200  1         0.00000  0
 0.000  0.225  1         0.00000  0
 0.000  0.250  1         0.00000  0
 0.000  0.275  1         0.00000  0
 0.000  0.300  1         0.00000  0
 0.000  0.325  1         0.00000  0
 0.000  0.350  1         0.00000  0
 0.000  0.375  1         0.00000  0
 0.000  0.400  1         0.00000  0
 0.000  0.425  1         0.00000  0
 0.000  0.450  1         0.00000  0
 0.000  0.475  1         0.00000  0
 0.000  0.500  1         0.00000  0
 0.000  0.525  1         0.00000  0
 0.000  0.550  1         0.00000  0
 0.000  0.575  1         0.00000  0
 0.000  0.600  1         0.00000  0
 0.025 -0.075 -1         0.00000  0
 0.025 -0.050 -1         0.00000  0
 0.025 -0.025  1         0.00000  0
 0.025  0.000  1         0.00000  0
 0.110  0.088  0         0.00000  0
 0.284  0.391  0         0.00000  0
 0.205  0.071  0         0.00000  0
 0.539  0.022  0         0.00000  0
 0.019  0.036  0         0.00000  0
 0.249  0.995  0         0.00000  0
 0.037  0.023  0         0.00000  0
 0.374  0.286  0         0.00000  0
 0.203  0.086  0         0.00000  0
 0.250  0.084  0         0.00000  0
 0.236 -0.044  0         0.00000  0
 0.048  0.063  0         0.00000  0
 0.063  0.032  0       385.59155  0
 0.059  0.046  0         0.00000  0
 0.047  0.196  0         0.00000  0
 0.163  0.107  0         0.00000  0
 0.206  0.113  0         0.00000  0
 0.320  0.139  0         0.00000  0
 0.278  0.138  0         0.00000  0
 0.028  0.075  0         0.00000  0
 0.050 -0.075 -1         0.00000  0
 0.050 -0.050 -1         0.00000  0
 0.050 -0.025  1         0.00000  0
 0.050  0.000  1         0.00000  0
17.452  6.604  0         0.00000  0
 0.412  0.408  0         0.00000  0
 0.408  0.022  0         0.00000  0
-0.827 -2.272  0         0.00000  0
 0.440  0.162  0         0.00000  0
 0.336  0.312  0         0.00000  0
 0.519  0.036  0         0.00000  0
 2.694  3.746  0         0.00000  0
 0.272  0.071  0         0.00000  0
 0.123  0.062  0         0.00000  0
 0.276  0.219  0         0.00000  0
 1.107  1.056  0         0.00000  0
 0.046  0.118  0         0.00000  0
 0.599  0.275  0         0.00000  0
 0.087  0.123  0         0.00000  0
 0.083  0.021  0         0.00000  0
 0.258  0.332  0         0.00000  0
 0.154  0.070  0         0.00000  0
 0.322  0.083  0         0.00000  0
 0.266  0.265  0         0.00000  0
 0.075 -0.075 -1         0.00000  0
 0.075 -0.050 -1         0.00000  0
 0.075 -0.025  1         0.00000  0
 0.075  0.000  1         0.00000  0
 0.446  0.045  0         0.00000  0
****** -6.783  0         0.00000  0
 0.657  0.103  0         0.00000  0
 0.431  0.052  0         0.00000  0
 0.636  0.053  0         0.00000  1
 0.545  0.046  0         0.00000  0
 2.485  7.797  0         0.00000  0
-0.656  6.652  0         0.00000  0
 0.530  0.055  0         0.00000  0
 0.451  0.392  0         0.00000  0
 0.633  0.064  0         0.00000  1
 0.322  0.162  0         0.00000  0
 0.694  0.049  0         0.00000  0
-0.178  0.787  0         0.00000  0
 0.404  0.098  0         0.00000  0
 0.336  0.410  0         0.00000  0
 0.326  0.392  0         0.00000  0
 0.408  0.113  0         0.00000  0
 0.774  0.047  0         0.00000  0
 0.224  0.280  0         0.00000  0
 0.100 -0.075 -1         0.00000  0
 0.100 -0.050 -1         0.00000  0
 0.100 -0.025  1         0.00000  0
 0.100  0.000  1         0.00000  0
 0.873  0.024  0      2818.31102  0
 0.882  0.176  0         0.00000  0
 0.807  0.028  0       552.70508  0
 0.775  0.123  0         0.00000  0
 0.837  0.053  0      3221.92511  0
 0.797  0.226  0         0.00000  0
 0.786  0.857  0         0.00000  0
 0.890  0.119  0      7301.10624  0
 0.341  0.846  0         0.00000  0
-1.900 -1.265  0         0.00000  0
 0.871  0.085  0       626.61198  0
 0.738  0.047  0         0.00000  0
 0.718  0.023  0         0.00000  0
 0.802  0.168  0         0.00000  0
 0.798  0.129  0         0.00000  0
****** -9.694  0         0.00000  0
-3.322 -5.193  0         0.00000  0
-2.071 -3.939  0         0.00000  0
 1.924 -7.603  0         0.00000  0
 9.964  1.399  0         0.00000  0
 0.125 -0.075 -1         0.00000  0
 0.125 -0.050 -1         0.00000  0
 0.125 -0.025  1         0.00000  0
 0.125  0.000  1         0.00000  0
 0.810  0.106  0         0.00000  0
 0.893  0.135  0      3795.56933  0
 0.940  0.022  0      5266.43965  0
 0.851  0.061  0      4372.71319  0
 1.353  2.362  0         0.00000  0
 0.934  0.094  0         0.00000  0
 0.985  0.018  0     10199.68550  0
 0.959  0.033  0      4574.05310  0
 0.852  0.218  0         0.00000  0
 0.920  0.034  0      4022.08162  0
 0.892  0.046  0      2375.55841  0
 0.536  0.174  0         0.00000  0
 0.812  0.039  0       471.78075  0
 0.881  0.066  0      3370.88061  0
 0.577  0.135  0         0.00000  0
-0.298  1.150  0         0.00000  0
 0.687  0.078  0         0.00000  0
 0.587  0.024  0         0.00000  0
 0.834  0.019  0      4253.35059  0
-4.134  2.598  0         0.00000  0
 0.150 -0.075 -1         0.00000  0
 0.150 -0.050 -1         0.00000  0
 0.150 -0.025  1         0.00000  0
 0.150  0.000  1         0.00000  0
 1.006  0.197  0         0.00000  0
 0.827  0.075  0         0.00000  0
 0.981  0.070  0         0.00000  0
 0.856  0.145  0      5117.95644  0
 0.362  0.753  0         0.00000  0
 3.313 -6.569  0         0.00000  0
 0.977  0.045  0      7756.61978  0
 0.924  0.057  0      3939.74900  0
 0.898  0.158  0         0.00000  0
 0.862  0.124  0       630.37277  0
 0.889  0.092  0      4535.81510  0
****** ******  0         0.00000  0
 0.856  0.107  0         0.00000  0
 0.858  0.039  0      3714.98883  0
 0.863  1.043  0         0.00000  0
 0.383  0.498  0         0.00000  0
****** ******  0         0.00000  0
 3.576 -2.844  0         0.00000  0
 0.818  0.129  0         0.00000  0
 0.842  0.147  0         0.00000  0
 0.175 -0.075 -1         0.00000  0
 0.175 -0.050 -1         0.00000  0
 0.175 -0.025  1         0.00000  0
 0.175  0.000  1         0.00000  0
 0.970  0.294  0         0.00000  0
 3.023 -0.618  0         0.00000  0
 1.773  1.447  0         0.00000  0
****** 14.969  0         0.00000  0
 0.664  0.118  0         0.00000  0
 0.970  0.326  0         0.00000  0
 0.649  0.389  0         0.00000  0
 0.939  0.137  0         0.00000  0
 0.945  0.066  0     10159.22761  0
-4.894 -0.596  0         0.00000  0
-0.345  0.616  0         0.00000  0
 1.013  0.085  0     22633.82016  0
 0.968  0.183  0         0.00000  0
 0.766  0.126  0         0.00000  0
25.195 10.067  0         0.00000  0
 3.445 11.984  0         0.00000  0
 0.954  0.116  0         0.00000  0
 0.843  0.234  0         0.00000  0
 0.900  0.022  0      5743.58200  0
 0.861  0.174  0         0.00000  0
 0.200 -0.075 -1         0.00000  0
 0.200 -0.050 -1         0.00000  0
 0.200 -0.025  1         0.00000  0
 0.200  0.000  1         0.00000  0
 0.694  0.292  0         0.00000  0
 0.996  0.062  0     15446.94984  0
 0.949  0.352  0         0.00000  0
 0.822  0.395  0         0.00000  0
 0.635  1.578  0         0.00000  0
 1.006  0.036  0     14261.98766  0
 0.535  0.076  0         0.00000  0
 0.953  0.209  0         0.00000  0
14.899 10.260  0         0.00000  0
 0.819  1.879  0         0.00000  0
 0.966  0.308  0         0.00000  0
 0.908  0.072  0      1227.99248  0
 0.962  0.135  0         0.00000  0
 0.915  0.127  0         0.00000  0
 0.588  0.119  0         0.00000  0
 0.971  0.236  0         0.00000  0
 0.994  0.215  0         0.00000  0
 0.734  0.637  0         0.00000  0
 6.369  1.247  0         0.00000  0
63.785 ******  0         0.00000  0
 0.225 -0.075 -1         0.00000  0
 0.225 -0.050 -1         0.00000  0
 0.225 -0.025  1         0.00000  0
 0.225  0.000  1         0.00000  0
 0.995  0.260  0         0.00000  0
 0.605  0.084  0         0.00000  0
 0.541  0.574  0         0.00000  0
 0.651  0.335  0         0.00000  0
 2.277 -0.013  0         0.00000  0
 0.834  0.443  0         0.00000  0
 0.923  0.494  0         0.00000  0
 0.998  0.242  0         0.00000  0
 1.925  1.834  0         0.00000  0
 0.953  0.237  0         0.00000  0
 0.571  0.039  0         0.00000  0
 0.369  0.187  0         0.00000  0
 0.971  0.259  0         0.00000  0
 0.807  0.355  0         0.00000  0
 0.349  0.303  0         0.00000  0
 0.712  0.455  0         0.00000  0
 0.918  0.102  0       220.74382  0
 0.697  0.152  0         0.00000  0
 0.808  0.202  0     24859.32957  1
 0.703  0.150  0         0.00000  0
 0.250 -0.075 -1         0.00000  0
 0.250 -0.050 -1         0.00000  0
 0.250 -0.025  1         0.00000  0
 0.250  0.000  1         0.00000  0
 0.805  0.820  0         0.00000  0
 0.880  0.926  0         0.00000  0
 0.732  0.416  0         0.00000  0
 0.633  0.023  0         0.00000  0
 0.957  0.074  0      4154.17319  0
 0.620  0.571  0         0.00000  0
 0.720  0.049  0         0.00000  0
 0.826  0.911  0         0.00000  0
 0.564  0.284  0         0.00000  0
 0.873  0.462  0         0.00000  0
****** ******  0         0.00000  0
-0.613 -0.517  0         0.00000  0
 1.155  0.626  0         0.00000  0
 1.005  0.316  0         0.00000  0
 2.609  1.174  0         0.00000  0
 0.811  0.092  0         0.00000  0
 0.781  0.412  0         0.00000  0
 0.826  0.197  0     24295.89106  1
 0.811  0.406  0         0.00000  0
-1.990 ******  0         0.00000  0
 0.275 -0.075 -1         0.00000  0
 0.275 -0.050 -1         0.00000  0
 0.275 -0.025  1         0.00000  0
 0.275  0.000  1         0.00000  0
 0.300 -0.075 -1         0.00000  0
 0.300 -0.050 -1         0.00000  0
 0.300 -0.025  1         0.00000  0
 0.300  0.000  1         0.00000  0
 0.325 -0.075 -1         0.00000  0
 0.325 -0.050 -1         0.00000  0
 0.325 -0.025  1         0.00000  0
 0.325  0.000  1         0.00000  0
 0.350 -0.075 -1         0.00000  0
 0.350 -0.050 -1         0.00000  0
 0.350 -0.025  1         0.00000  0
 0.350  0.000  1         0.00000  0
 0.375 -0.075 -1         0.00000  0
 0.375 -0.050 -1         0.00000  0
 0.375 -0.025  1         0.00000  0
 0.375  0.000  1         0.00000  0
 0.400 -0.075 -1         0.00000  0
 0.400 -0.050 -1         0.00000  0
 0.400 -0.025  1         0.00000  0
 0.400  0.000  1         0.00000  0
 0.425 -0.075 -1         0.00000  0
 0.425 -0.050 -1         0.00000  0
 0.425 -0.025  1         0.00000  0
 0.425  0.000  1         0.00000  0
 0.450 -0.075 -1         0.00000  0
 0.450 -0.050 -1         0.00000  0
 0.450 -0.025  1         0.00000  0
 0.450  0.000  1         0.00000  0
 0.475 -0.075 -1         0.00000  0
 0.475 -0.050 -1         0.00000  0
 0.475 -0.025  1         0.00000  0
 0.475  0.000  1         0.00000  0
 0.500 -0.075 -1         0.00000  0
 0.500 -0.050 -1         0.00000  0
 0.500 -0.025  1         0.00000  0
 0.500  0.000  1         0.00000  0
 0.525 -0.075 -1         0.00000  0
 0.525 -0.050 -1         0.00000  0
 0.525 -0.025  1         0.00000  0
 0.525  0.000  1         0.00000  0
 0.550 -0.075 -1         0.00000  0
 0.550 -0.050 -1         0.00000  0
 0.550 -0.025  1         0.00000  0
 0.550  0.000  1         0.00000  0
 0.575 -0.075 -1         0.00000  0
 0.575 -0.050 -1         0.00000  0
 0.575 -0.025  1         0.00000  0
 0.575  0.000  1         0.00000  0
 0.600 -0.075 -1         0.00000  0
 0.600 -0.050 -1         0.00000  0
 0.600 -0.025  1         0.00000  0
 0.600  0.000  1         0.00000  0
 0.625 -0.075 -1         0.00000  0
 0.625 -0.050 -1         0.00000  0
 0.625 -0.025  1         0.00000  0
 0.625  0.000  1         0.00000  0
 0.650 -0.075 -1         0.00000  0
 0.650 -0.050 -1         0.00000  0
 0.650 -0.025  1         0.00000  0
 0.650  0.000  1         0.00000  0
 0.675 -0.075 -1         0.00000  0
 0.675 -0.050 -1         0.00000  0
 0.675 -0.025  1         0.00000  0
 0.675  0.000  1         0.00000  0
 0.700 -0.075 -1         0.00000  0
 0.700 -0.050 -1         0.00000  0
 0.700 -0.025  1         0.00000  0
 0.700  0.000  1         0.00000  0
 0.725 -0.075 -1         0.00000  0
 0.725 -0.050 -1         0.00000  0
 0.725 -0.025  1         0.00000  0
 0.725  0.000  1         0.00000  0
 0.750 -0.075 -1         0.00000  0
 0.750 -0.050 -1         0.00000  0
 0.750 -0.025  1         0.00000  0
 0.750  0.000  1         0.00000  0
 0.775 -0.075 -1         0.00000  0
 0.775 -0.050 -1         0.00000  0
 0.775 -0.025  1         0.00000  0
 0.775  0.000  1         0.00000  0
 0.800 -0.075 -1         0.00000  0
 0.800 -0.050 -1         0.00000  0
 0.800 -0.025  1         0.00000  0
 0.800  0.000  1         0.00000  0
 0.825 -0.075 -1         0.00000  0
 0.825 -0.050 -1         0.00000  0
 0.825 -0.025  1         0.00000  0
 0.825  0.000  1      3781.16462  0
 0.850 -0.075 -1         0.00000  0
 0.850 -0.050 -1         0.00000  0
 0.850 -0.025  1         0.00000  0
 0.850  0.000  1       479.92490  0
 0.875 -0.075 -1         0.00000  0
 0.875 -0.050 -1         0.00000  0
 0.875 -0.025  1         0.00000  0
 0.875  0.000  1      2928.35660  0
 0.900 -0.075 -1         0.00000  0
 0.900 -0.050 -1         0.00000  0
 0.900 -0.025  1         0.00000  0
 0.900  0.000  1      5720.62150  0
 0.925 -0.075 -1         0.00000  0
 0.925 -0.050 -1         0.00000  0
 0.925 -0.025  1         0.00000  0
 0.925  0.000  1      3644.37568  0
 0.950 -0.075 -1         0.00000  0
 0.950 -0.050 -1         0.00000  0
 0.950 -0.025  1         0.00000  0
 0.950  0.000  1      5069.11156  0
 0.975 -0.075 -1         0.00000  0
 0.975 -0.050 -1         0.00000  0
 0.975 -0.025  1         0.00000  0
 0.975  0.000  1      9352.25845  0
 1.000 -0.075 -1         0.00000  0
 1.000 -0.050 -1         0.00000  0
 1.000 -0.025  1         0.00000  0
 1.000  0.000  1      5715.76549  0
 1.025 -0.075 -1         0.00000  0
 1.025 -0.050 -1         0.00000  0
 1.025 -0.025  1         0.00000  0
 1.025  0.000  1      3080.88406  0
 1.025  0.025  1      9410.83776  0
 1.025  0.050  1     16038.56164  0
 1.025  0.075  1     29890.77208  0
 1.025  0.100  1         0.00000  0
 1.025  0.125  1         0.00000  0
 1.025  0.150  1         0.00000  0
 1.025  0.175  1         0.00000  0
 1.025  0.200  1       925.66985  0
 1.025  0.225  1         0.00000  0
 1.025  0.250  1         0.00000  0
 1.025  0.275  1         0.00000  0
 1.025  0.300  1         0.00000  0
 1.025  0.325  1         0.00000  0
 1.025  0.350  1         0.00000  0
 1.025  0.375  1         0.00000  0
 1.025  0.400  1         0.00000  0
 1.025  0.425  1         0.00000  0
 1.025  0.450  1         0.00000  0
 1.025  0.475  1         0.00000  0
 1.025  0.500  1         0.00000  0
 1.025  0.525  1         0.00000  0
 1.025  0.550  1         0.00000  0
 1.025  0.575  1         0.00000  0
 1.025  0.600  1         0.00000  0
 1.050 -0.075 -1         0.00000  0
 1.050 -0.050 -1         0.00000  0
 1.050 -0.025  1         0.00000  0
 1.050  0.000  1         0.00000  0
 1.050  0.025  1         0.00000  0
 1.050  0.050  1         0.00000  0
 1.050  0.075  1         0.00000  0
 1.050  0.100  1         0.00000  0
 1.050  0.125  1         0.00000  0
 1.050  0.150  1         0.00000  0
 1.050  0.175  1         0.00000  0
 1.050  0.200  1         0.00000  0
 1.050  0.225  1         0.00000  0
 1.050  0.250  1         0.00000  0
 1.050  0.275  1         0.00000  0
 1.050  0.300  1         0.00000  0
 1.050  0.325  1         0.00000  0
 1.050  0.350  1         0.00000  0
 1.050  0.375  1         0.00000  0
 1.050  0.400  1         0.00000  0
 1.050  0.425  1         0.00000  0
 1.050  0.450  1         0.00000  0
 1.050  0.475  1         0.00000  0
 1.050  0.500  1         0.00000  0
 1.050  0.525  1         0.00000  0
 1.050  0.550  1         0.00000  0
 1.050  0.575  1         0.00000  0
 1.050  0.600  1         0.00000  0
 1.075 -0.075 -1         0.00000  0
 1.075 -0.050 -1         0.00000  0
 1.075 -0.025 -1         0.00000  0
 1.075  0.000 -1         0.00000  0
 1.075  0.025 -1         0.00000  0
 1.075  0.050 -1         0.00000  0
 1.075  0.075 -1         0.00000  0
 1.075  0.100 -1         0.00000  0
 1.075  0.125 -1         0.00000  0
 1.075  0.150 -1         0.00000  0
 1.075  0.175 -1         0.00000  0
 1.075  0.200 -1         0.00000  0
 1.075  0.225 -1         0.00000  0
 1.075  0.250 -1         0.00000  0
 1.075  0.275 -1         0.00000  0
 1.075  0.300 -1         0.00000  0
 1.075  0.325 -1         0.00000  0
 1.075  0.350 -1         0.00000  0
 1.075  0.375 -1         0.00000  0
 1.075  0.400 -1         0.00000  0
 1.075  0.425 -1         0.00000  0
 1.075  0.450 -1         0.00000  0
 1.075  0.475 -1         0.00000  0
 1.075  0.500 -1         0.00000  0
 1.075  0.525 -1         0.00000  0
 1.075  0.550 -1         0.00000  0
 1.075  0.575  1         0.00000  0
 1.075  0.600  1         0.00000  0
 1.100 -0.075 -1         0.00000  0
 1.100 -0.050 -1         0.00000  0
 1.100 -0.025 -1         0.00000  0
 1.100  0.000 -1         0.00000  0
 1.100  0.025 -1         0.00000  0
 1.100  0.050 -1         0.00000  0
 1.100  0.075 -1         0.00000  0
 1.100  0.100 -1         0.00000  0
 1.100  0.125 -1         0.00000  0
 1.100  0.150 -1         0.00000  0
 1.100  0.175 -1         0.00000  0
 1.100  0.200 -1         0.00000  0
 1.100  0.225 -1         0.00000  0
 1.100  0.250 -1         0.00000  0
 1.100  0.275 -1         0.00000  0
 1.100  0.300 -1         0.00000  0
 1.100  0.325 -1         0.00000  0
 1.100  0.350 -1         0.00000  0
 1.100  0.375 -1         0.00000  0
 1.100  0.400 -1         0.00000  0
 1.100  0.425 -1         0.00000  0
 1.100  0.450 -1         0.00000  0
 1.100  0.475 -1         0.00000  0
 1.100  0.500 -1         0.00000  0
 1.100  0.525 -1         0.00000  0
 1.100  0.550 -1         0.00000  0
 1.100  0.575  1         0.00000  0
 1.100  0.600  1         0.00000  0
