-0.060 -0.060 -1         0.00000  0
-0.060 -0.040 -1         0.00000  0
-0.060 -0.020 -1         0.00000  0
-0.060  0.000 -1         0.00000  0
-0.060  0.020 -1         0.00000  0
-0.060  0.040 -1         0.00000  0
-0.060  0.060 -1         0.00000  0
-0.060  0.080 -1         0.00000  0
-0.060  0.100 -1         0.00000  0
-0.060  0.120 -1         0.00000  0
-0.060  0.140 -1         0.00000  0
-0.060  0.160 -1         0.00000  0
-0.060  0.180 -1         0.00000  0
-0.060  0.200 -1         0.00000  0
-0.060  0.220 -1         0.00000  0
-0.060  0.240 -1         0.00000  0
-0.060  0.260 -1         0.00000  0
-0.060  0.280 -1         0.00000  0
-0.060  0.300 -1         0.00000  0
-0.060  0.320 -1         0.00000  0
-0.060  0.340 -1         0.00000  0
-0.060  0.360 -1         0.00000  0
-0.060  0.380 -1         0.00000  0
-0.060  0.400 -1         0.00000  0
-0.060  0.420 -1         0.00000  0
-0.060  0.440 -1         0.00000  0
-0.060  0.460 -1         0.00000  0
-0.060  0.480 -1         0.00000  0
-0.060  0.500 -1         0.00000  0
-0.060  0.520 -1         0.00000  0
-0.060  0.540 -1         0.00000  0
-0.060  0.560 -1         0.00000  0
-0.060  0.580  1         0.00000  0
-0.060  0.600  1         0.00000  0
-0.040 -0.060 -1         0.00000  0
-0.040 -0.040 -1         0.00000  0
-0.040 -0.020 -1         0.00000  0
-0.040  0.000 -1         0.00000  0
-0.040  0.020 -1         0.00000  0
-0.040  0.040 -1         0.00000  0
-0.040  0.060 -1         0.00000  0
-0.040  0.080 -1         0.00000  0
-0.040  0.100 -1         0.00000  0
-0.040  0.120 -1         0.00000  0
-0.040  0.140 -1         0.00000  0
-0.040  0.160 -1         0.00000  0
-0.040  0.180 -1         0.00000  0
-0.040  0.200 -1         0.00000  0
-0.040  0.220 -1         0.00000  0
-0.040  0.240 -1         0.00000  0
-0.040  0.260 -1         0.00000  0
-0.040  0.280 -1         0.00000  0
-0.040  0.300 -1         0.00000  0
-0.040  0.320 -1         0.00000  0
-0.040  0.340 -1         0.00000  0
-0.040  0.360 -1         0.00000  0
-0.040  0.380 -1         0.00000  0
-0.040  0.400 -1         0.00000  0
-0.040  0.420 -1         0.00000  0
-0.040  0.440 -1         0.00000  0
-0.040  0.460 -1         0.00000  0
-0.040  0.480 -1         0.00000  0
-0.040  0.500 -1         0.00000  0
-0.040  0.520 -1         0.00000  0
-0.040  0.540 -1         0.00000  0
-0.040  0.560 -1         0.00000  0
-0.040  0.580  1         0.00000  0
-0.040  0.600  1         0.00000  0
-0.020 -0.060 -1         0.00000  0
-0.020 -0.040 -1         0.00000  0
-0.020 -0.020  1         0.00000  0
-0.020  0.000  1         0.00000  0
-0.020  0.020  1         0.00000  0
-0.020  0.040  1         0.00000  0
-0.020  0.060  1         0.00000  0
-0.020  0.080  1         0.00000  0
-0.020  0.100  1         0.00000  0
-0.020  0.120  1         0.00000  0
-0.020  0.140  1         0.00000  0
-0.020  0.160  1         0.00000  0
-0.020  0.180  1         0.00000  0
-0.020  0.200  1         0.00000  0
-0.020  0.220  1         0.00000  0
-0.020  0.240  1         0.00000  0
-0.020  0.260  1         0.00000  0
-0.020  0.280  1         0.00000  0
-0.020  0.300  1         0.00000  0
-0.020  0.320  1         0.00000  0
-0.020  0.340  1         0.00000  0
-0.020  0.360  1         0.00000  0
-0.020  0.380  1         0.00000  0
-0.020  0.400  1         0.00000  0
-0.020  0.420  1         0.00000  0
-0.020  0.440  1         0.00000  0
-0.020  0.460  1         0.00000  0
-0.020  0.480  1         0.00000  0
-0.020  0.500  1         0.00000  0
-0.020  0.520  1         0.00000  0
-0.020  0.540  1         0.00000  0
-0.020  0.560  1         0.00000  0
-0.020  0.580  1         0.00000  0
-0.020  0.600  1         0.00000  0
 0.000 -0.060 -1         0.00000  0
 0.000 -0.040 -1         0.00000  0
 0.000 -0.020  1         0.00000  0
 0.000  0.000  1         0.00000  0
 0.000  0.020  1         0.00000  0
 0.000  0.040  1         0.00000  0
 0.000  0.060  1         0.00000  0
 0.000  0.080  1         0.00000  0
 0.000  0.100  1         0.00000  0
 0.000  0.120  1         0.00000  0
 0.000  0.140  1         0.00000  0
 0.000  0.160  1         0.00000  0
 0.000  0.180  1         0.00000  0
 0.000  0.200  1         0.00000  0
 0.000  0.220  1         0.00000  0
 0.000  0.240  1         0.00000  0
 0.000  0.260  1         0.00000  0
 0.000  0.280  1         0.00000  0
 0.000  0.300  1         0.00000  0
 0.000  0.320  1         0.00000  0
 0.000  0.340  1         0.00000  0
 0.000  0.360  1         0.00000  0
 0.000  0.380  1         0.00000  0
 0.000  0.400  1         0.00000  0
 0.000  0.420  1         0.00000  0
 0.000  0.440  1         0.00000  0
 0.000  0.460  1         0.00000  0
 0.000  0.480  1         0.00000  0
 0.000  0.500  1         0.00000  0
 0.000  0.520  1         0.00000  0
 0.000  0.540  1         0.00000  0
 0.000  0.560  1         0.00000  0
 0.000  0.580  1         0.00000  0
 0.000  0.600  1         0.00000  0
 0.020 -0.060 -1         0.00000  0
 0.020 -0.040 -1         0.00000  0
 0.020 -0.020  1         0.00000  0
 0.020  0.000  1       972.27453  0
 0.186  0.020  0       469.11498  0
 0.340  0.023  0        28.53439  0
 0.089  0.025  0         0.00000  0
 0.291  0.015  0       365.32392  0
 0.019  0.022  0         0.00000  0
 0.168  0.020  0         0.00000  0
 0.276  0.055  0         0.00000  0
 0.568  0.019  0         0.00000  0
 0.399  0.038  0         0.00000  0
 0.038  0.037  0       434.79159  0
 0.458  0.062  0         0.00000  0
 0.288  0.047  0         0.00000  0
 0.300  0.039  0         0.00000  0
 0.038  0.057  0         0.00000  0
 0.256  0.050  0         0.00000  0
 0.388  0.058  0         0.00000  0
 0.174  0.039  0         0.00000  0
 0.035  0.017  0         0.00000  0
 0.052  0.041  0         0.00000  0
 0.027  0.068  0         0.00000  0
 0.078  0.032  0         0.00000  0
 0.069  0.046  0         0.00000  0
 0.066  0.016  0         0.00000  0
 0.102  0.066  0         0.00000  0
 0.110  0.031  0         0.00000  0
 0.040 -0.060 -1         0.00000  0
 0.040 -0.040 -1         0.00000  0
 0.040 -0.020  1         0.00000  0
 0.040  0.000  1         0.00000  0
 0.201  0.050  0         0.00000  0
 0.227  0.020  0         0.00000  0
 0.246  0.017  0         0.00000  0
 0.461  0.019  0      1130.60242  0
 0.124  0.041  0         0.00000  0
 0.326  0.019  0         0.00000  0
 0.420  0.050  0         0.00000  0
 0.408  0.027  0      2604.13788  0
 0.423  0.018  0      6826.35611  0
 0.517  0.078  0         0.00000  0
 0.415  0.092  0         0.00000  0
 0.523  0.068  0         0.00000  0
 0.363  0.045  0         0.00000  0
 0.272  0.024  0         0.00000  0
 0.650  0.013  0      3359.82041  0
 0.217  0.035  0         0.00000  0
 0.357  0.032  0         0.00000  0
 0.259  0.031  0      1854.71148  0
 0.142  0.023  0         0.00000  0
 0.155  0.039  0         0.00000  0
 0.087  0.071  0         0.00000  0
 0.128  0.056  0         0.00000  0
 0.242  0.051  0         0.00000  0
 0.015  0.050  0         0.00000  0
 0.160  0.051  0         0.00000  0
 0.060 -0.060 -1         0.00000  0
 0.060 -0.040 -1         0.00000  0
 0.060 -0.020  1         0.00000  0
 0.060  0.000  1         0.00000  0
 0.519  0.035  0         0.00000  0
 0.114  0.016  0         0.00000  0
 0.203  0.021  0         0.00000  0
 0.576  0.053  0         0.00000  0
 0.519  0.020  0         0.00000  0
 0.802  0.085  0      2197.20661  0
 0.726  0.016  0         5.74295  0
 0.582  0.069  0         0.00000  0
 0.600  0.044  0         0.00000  0
 0.501  0.068  0         0.00000  0
 0.637  0.038  0         0.00000  0
 0.488  0.171  0         0.00000  0
 0.584  0.025  0         0.00000  0
 0.754  0.067  0      1631.87937  0
 0.542  0.041  0         0.00000  0
 0.466  0.042  0         0.00000  0
 0.474  0.066  0      9132.31888  0
 0.386  0.032  0         0.00000  0
 0.187  0.061  0         0.00000  0
 0.505  0.049  0         0.00000  0
 0.106  0.054  0         0.00000  0
 0.476  0.088  0         0.00000  0
 0.213  0.048  0         0.00000  0
 0.333  0.044  0         0.00000  0
 0.348  0.061  0         0.00000  0
 0.080 -0.060 -1         0.00000  0
 0.080 -0.040 -1         0.00000  0
 0.080 -0.020  1         0.00000  0
 0.080  0.000  1         0.00000  0
 0.673  0.027  0         0.00000  0
 0.476  0.026  0         0.00000  0
 0.757  0.117  0         0.00000  0
 0.578  0.083  0      9247.07916  0
 0.789  0.125  0         0.00000  0
 0.742  0.024  0      2315.14293  0
 0.561  0.041  0         0.00000  0
 0.762  0.020  0      1869.21361  0
 0.708  0.042  0         0.00000  0
 0.811  0.029  0      3211.49460  0
 0.765  0.157  0         0.00000  0
 0.834  0.093  0         0.00000  0
 0.562  0.071  0         0.00000  0
 0.656  0.063  0         0.00000  0
 0.763  0.102  0      1022.06457  0
 0.540  0.017  0         0.00000  0
 0.494  0.018  0         0.00000  0
 0.686  0.027  0         0.00000  0
 0.744  0.081  0      2521.11119  0
 0.608  0.017  0       797.00009  0
 0.308  0.031  0       564.79907  0
 0.440  0.022  0      4012.46467  0
 0.377  0.064  0         0.00000  0
 0.494  0.040  0         0.00000  0
 0.462  0.098  0         0.00000  0
 0.100 -0.060 -1         0.00000  0
 0.100 -0.040 -1         0.00000  0
 0.100 -0.020  1         0.00000  0
 0.100  0.000  1         0.00000  0
 0.847  0.017  0      2756.94160  0
 0.910  0.106  0      2027.09076  0
 0.834  0.067  0      3884.47250  0
 0.808  0.054  0      5954.20887  0
 0.512  0.143  0         0.00000  0
 0.677  0.117  0         0.00000  0
 0.823  0.075  0       496.06895  0
 0.904  0.091  0      1927.00042  0
 0.858  0.158  0      3460.36116  0
 0.784  0.017  0         0.00000  0
 0.766  0.126  0         0.00000  0
 0.620  0.161  0         0.00000  0
 0.767  0.038  0      3546.66323  0
 0.762  0.053  0      3158.23394  0
 0.765  0.085  0      3714.00598  0
 0.693  0.048  0         0.00000  0
 0.584  0.098  0      6169.21279  0
 0.710  0.091  0         0.00000  0
 0.695  0.071  0       681.93229  0
 0.740  0.104  0         0.00000  0
 0.372  0.013  0         0.00000  0
 0.782  0.078  0         0.00000  0
 0.437  0.041  0         0.00000  0
 0.679  0.072  0      2033.79327  0
 0.450  0.052  0      5240.70853  0
 0.120 -0.060 -1         0.00000  0
 0.120 -0.040 -1         0.00000  0
 0.120 -0.020  1         0.00000  0
 0.120  0.000  1         0.00000  0
 0.841  0.038  0       912.09473  0
 0.842  0.108  0      2873.43819  0
 0.933  0.059  0      2397.85203  0
 0.983  0.053  0      1813.42514  0
 0.966  0.084  0      2478.11932  0
 0.883  0.033  0      2778.66576  0
 0.913  0.161  0         0.00000  0
 0.868  0.046  0      4035.56150  0
 0.763  0.182  0         0.00000  0
 0.787  0.182  0         0.00000  0
 0.819  0.017  0      4370.75286  0
 0.737  0.161  0         0.00000  0
 0.818  0.110  0         0.00000  0
 0.798  0.065  0      5187.46991  0
 0.722  0.143  0         0.00000  0
 0.702  0.018  0         0.00000  0
 0.838  0.138  0         0.00000  0
 0.726  0.127  0         0.00000  0
 0.767  0.146  0       649.03880  0
 0.792  0.140  0       207.71719  0
 0.715  0.068  0      2343.03576  0
 0.666  0.081  0         0.00000  0
 0.726  0.100  0         0.00000  0
 0.659  0.106  0      1126.00681  0
 0.619  0.067  0         0.00000  0
 0.140 -0.060 -1         0.00000  0
 0.140 -0.040 -1         0.00000  0
 0.140 -0.020  1         0.00000  0
 0.140  0.000  1         0.00000  0
 0.942  0.036  0      3091.72251  0
 1.003  0.034  0      5393.85056  0
 1.002  0.079  0      6836.20866  0
 0.903  0.040  0      3574.75711  0
 0.924  0.027  0       676.39048  0
 0.966  0.063  0      4370.28583  0
 0.872  0.125  0      3629.96248  0
 0.970  0.018  0      7027.42955  0
 0.887  0.053  0      1150.00227  0
 0.884  0.016  0      4291.40505  0
 0.878  0.146  0         0.00000  0
 0.942  0.018  0      4429.19887  0
 0.853  0.117  0       676.55889  0
 0.691  0.107  0      3111.12691  0
 0.902  0.068  0      2003.57260  0
 0.925  0.174  0         0.00000  0
 0.850  0.084  0      3624.34597  0
 0.740  0.040  0         0.00000  0
 0.814  0.129  0         0.00000  0
 0.884  0.079  0      3777.51733  0
 0.803  0.107  0      1252.77392  0
 0.789  0.096  0       571.04078  0
 0.784  0.049  0         0.00000  0
 0.688  0.090  0       988.19394  0
 0.723  0.048  0         0.00000  0
 0.160 -0.060 -1         0.00000  0
 0.160 -0.040 -1         0.00000  0
 0.160 -0.020  1         0.00000  0
 0.160  0.000  1         0.00000  0
 0.668  0.159  0         0.00000  0
 0.910  0.019  0      3671.71168  0
 0.619  0.092  0         0.00000  0
 0.804  0.174  0         0.00000  0
 0.962  0.117  0      2506.76391  0
 0.885  0.118  0      1930.91005  0
 0.959  0.036  0       417.72286  0
 0.929  0.095  0      1279.76175  0
 1.003  0.186  0         0.00000  0
 0.905  0.229  0         0.00000  0
 0.908  0.188  0      6694.38317  0
 0.946  0.122  0         0.00000  0
 0.366  0.106  0         0.00000  0
 0.809  0.160  0         0.00000  0
 0.944  0.081  0      1440.93941  0
 1.000  0.057  0      2809.03962  0
 0.968  0.149  0        63.64960  0
 0.888  0.161  0      3250.23691  0
 0.921  0.074  0      3480.12971  0
 0.854  0.058  0      1879.54476  0
 0.867  0.072  0      1960.72230  0
 0.785  0.156  0         0.00000  0
 0.885  0.100  0      3161.35439  0
 0.547  0.114  0         0.00000  0
 0.793  0.034  0      4204.17369  0
 0.180 -0.060 -1         0.00000  0
 0.180 -0.040 -1         0.00000  0
 0.180 -0.020  1         0.00000  0
 0.180  0.000  1      1012.71916  0
 0.905  0.129  0      1515.32982  0
 0.971  0.166  0         0.00000  0
 1.004  0.231  0         0.00000  0
 0.959  0.193  0         0.00000  0
 0.972  0.102  0      3405.65381  0
 1.000  0.209  0         0.00000  0
 0.872  0.190  0         0.00000  0
 0.996  0.018  0      5706.30264  0
 0.877  0.231  0         0.00000  0
 0.857  0.141  0       685.94506  0
 0.714  0.159  0         0.00000  0
 1.003  0.124  0      4187.59091  0
 0.983  0.136  0         0.00000  0
 0.901  0.144  0         0.00000  0
 0.795  0.219  0         0.00000  0
 0.681  0.214  0         0.00000  0
 0.877  0.210  0         0.00000  0
 0.925  0.136  0      1931.31624  0
 0.634  0.100  0         0.00000  0
 0.824  0.142  0         0.00000  0
 0.858  0.029  0      2609.74858  0
 0.711  0.115  0         0.00000  0
 0.914  0.052  0      3485.79994  0
 0.741  0.176  0         0.00000  0
 0.828  0.045  0      1555.04015  0
 0.200 -0.060 -1         0.00000  0
 0.200 -0.040 -1         0.00000  0
 0.200 -0.020  1         0.00000  0
 0.200  0.000  1         0.00000  0
 0.845  0.265  0         0.00000  0
 0.855  0.478  0         0.00000  0
 1.000  0.367  0         0.00000  0
 0.953  0.177  0         0.00000  0
 0.988  0.113  0      2343.57249  0
 0.937  0.209  0       761.61278  0
 0.984  0.078  0      2691.19657  0
 0.823  0.207  0         0.00000  0
 0.702  0.140  0       858.62559  0
 0.485  0.075  0      4215.98617  0
 0.893  0.183  0         0.00000  0
 0.866  0.224  0         0.00000  0
 0.837  0.164  0         0.00000  0
 0.926  0.217  0         0.00000  0
 0.998  0.146  0      1487.39590  0
 0.731  0.068  0      2603.95567  0
 0.986  0.186  0      1334.74215  0
 1.000  0.161  0         0.00000  0
 0.602  0.028  0      4321.25111  0
 0.904  0.208  0         0.00000  0
 0.933  0.151  0       222.81362  0
 0.808  0.232  0         0.00000  0
 0.637  0.074  0         0.00000  0
 0.874  0.171  0      5469.35381  0
 0.867  0.094  0       159.24603  0
 0.220 -0.060 -1         0.00000  0
 0.220 -0.040 -1         0.00000  0
 0.220 -0.020  1         0.00000  0
 0.220  0.000  1         0.00000  0
 0.842  0.213  0         0.00000  0
 0.895  0.348  0         0.00000  0
 0.740  1.008  0         0.00000  0
 0.955  0.215  0         0.00000  0
 0.957  0.867  0         0.00000  0
 0.590  0.125  0         0.00000  0
 0.956  0.231  0         0.00000  0
 0.997  0.098  0         0.00000  0
 0.978  0.033  0       145.12277  0
 0.987  0.227  0         0.00000  0
 0.750  0.207  0         0.00000  0
 0.937  0.313  0         0.00000  0
 0.478  0.154  0         0.00000  0
 0.976  0.193  0         0.00000  0
 0.653  0.115  0         0.00000  0
 0.823  0.175  0         0.00000  0
 0.924  0.192  0         0.00000  0
 0.946  0.162  0      1377.08585  0
 0.645  0.032  0         0.00000  0
 0.860  0.208  0      3635.08495  0
 0.536  0.088  0         0.00000  0
 0.852  0.180  0      1259.12771  0
 0.785  0.211  0         0.00000  0
 0.925  0.119  0      1828.30458  0
 0.950  0.059  0      5841.08155  0
 0.240 -0.060 -1         0.00000  0
 0.240 -0.040 -1         0.00000  0
 0.240 -0.020  1         0.00000  0
 0.240  0.000  1      2707.90338  0
 0.401  1.386  0         0.00000  0
 0.883  0.779  0         0.00000  0
 0.681  0.190  0         0.00000  0
 0.839  0.187  0      1024.23739  0
 0.945  0.098  0      3479.16863  0
 0.948  0.237  0         0.00000  0
 0.773  0.893  0         0.00000  0
 0.909  0.241  0         0.00000  0
 0.980  0.238  0         0.00000  0
 0.688  0.129  0         0.00000  0
 0.701  0.156  0         0.00000  0
 0.609  0.094  0         0.00000  0
 0.729  0.176  0         0.00000  0
 0.552  0.139  0         0.00000  0
 0.660  0.169  0         0.00000  0
 0.550  0.052  0         0.00000  0
 0.760  0.201  0         0.00000  0
 0.661  0.048  0         0.00000  0
 0.643  0.134  0         0.00000  0
 0.611  0.133  0         0.00000  0
 0.958  0.137  0      1833.69402  0
 0.633  0.131  0         0.00000  0
 0.573  0.099  0         0.00000  0
 0.778  0.197  0      1626.34030  0
 0.812  0.201  0         0.00000  0
 0.260 -0.060 -1         0.00000  0
 0.260 -0.040 -1         0.00000  0
 0.260 -0.020  1         0.00000  0
 0.260  0.000  1         0.00000  0
 0.280 -0.060 -1         0.00000  0
 0.280 -0.040 -1         0.00000  0
 0.280 -0.020  1         0.00000  0
 0.280  0.000  1      1127.46730  0
 0.300 -0.060 -1         0.00000  0
 0.300 -0.040 -1         0.00000  0
 0.300 -0.020  1         0.00000  0
 0.300  0.000  1      1887.20632  0
 0.320 -0.060 -1         0.00000  0
 0.320 -0.040 -1         0.00000  0
 0.320 -0.020  1         0.00000  0
 0.320  0.000  1         0.00000  0
 0.340 -0.060 -1         0.00000  0
 0.340 -0.040 -1         0.00000  0
 0.340 -0.020  1         0.00000  0
 0.340  0.000  1         0.00000  0
 0.360 -0.060 -1         0.00000  0
 0.360 -0.040 -1         0.00000  0
 0.360 -0.020  1         0.00000  0
 0.360  0.000  1         0.00000  0
 0.380 -0.060 -1         0.00000  0
 0.380 -0.040 -1         0.00000  0
 0.380 -0.020  1         0.00000  0
 0.380  0.000  1       645.25770  0
 0.400 -0.060 -1         0.00000  0
 0.400 -0.040 -1         0.00000  0
 0.400 -0.020  1         0.00000  0
 0.400  0.000  1         0.00000  0
 0.420 -0.060 -1         0.00000  0
 0.420 -0.040 -1         0.00000  0
 0.420 -0.020  1         0.00000  0
 0.420  0.000  1      1032.01000  0
 0.440 -0.060 -1         0.00000  0
 0.440 -0.040 -1         0.00000  0
 0.440 -0.020  1         0.00000  0
 0.440  0.000  1         0.00000  0
 0.460 -0.060 -1         0.00000  0
 0.460 -0.040 -1         0.00000  0
 0.460 -0.020  1         0.00000  0
 0.460  0.000  1         0.00000  0
 0.480 -0.060 -1         0.00000  0
 0.480 -0.040 -1         0.00000  0
 0.480 -0.020  1         0.00000  0
 0.480  0.000  1         0.00000  0
 0.500 -0.060 -1         0.00000  0
 0.500 -0.040 -1         0.00000  0
 0.500 -0.020  1         0.00000  0
 0.500  0.000  1         0.00000  0
 0.520 -0.060 -1         0.00000  0
 0.520 -0.040 -1         0.00000  0
 0.520 -0.020  1         0.00000  0
 0.520  0.000  1         0.00000  0
 0.540 -0.060 -1         0.00000  0
 0.540 -0.040 -1         0.00000  0
 0.540 -0.020  1         0.00000  0
 0.540  0.000  1         0.00000  0
 0.560 -0.060 -1         0.00000  0
 0.560 -0.040 -1         0.00000  0
 0.560 -0.020  1         0.00000  0
 0.560  0.000  1         0.00000  0
 0.580 -0.060 -1         0.00000  0
 0.580 -0.040 -1         0.00000  0
 0.580 -0.020  1         0.00000  0
 0.580  0.000  1         0.00000  0
 0.600 -0.060 -1         0.00000  0
 0.600 -0.040 -1         0.00000  0
 0.600 -0.020  1         0.00000  0
 0.600  0.000  1      1735.06169  0
 0.620 -0.060 -1         0.00000  0
 0.620 -0.040 -1         0.00000  0
 0.620 -0.020  1         0.00000  0
 0.620  0.000  1         0.00000  0
 0.640 -0.060 -1         0.00000  0
 0.640 -0.040 -1         0.00000  0
 0.640 -0.020  1         0.00000  0
 0.640  0.000  1      2742.11020  0
 0.660 -0.060 -1         0.00000  0
 0.660 -0.040 -1         0.00000  0
 0.660 -0.020  1         0.00000  0
 0.660  0.000  1      5110.48074  0
 0.680 -0.060 -1         0.00000  0
 0.680 -0.040 -1         0.00000  0
 0.680 -0.020  1         0.00000  0
 0.680  0.000  1         0.00000  0
 0.700 -0.060 -1         0.00000  0
 0.700 -0.040 -1         0.00000  0
 0.700 -0.020  1         0.00000  0
 0.700  0.000  1      1425.66318  0
 0.720 -0.060 -1         0.00000  0
 0.720 -0.040 -1         0.00000  0
 0.720 -0.020  1         0.00000  0
 0.720  0.000  1      5344.95097  0
 0.740 -0.060 -1         0.00000  0
 0.740 -0.040 -1         0.00000  0
 0.740 -0.020  1         0.00000  0
 0.740  0.000  1         0.00000  0
 0.760 -0.060 -1         0.00000  0
 0.760 -0.040 -1         0.00000  0
 0.760 -0.020  1         0.00000  0
 0.760  0.000  1       411.12016  0
 0.780 -0.060 -1         0.00000  0
 0.780 -0.040 -1         0.00000  0
 0.780 -0.020  1         0.00000  0
 0.780  0.000  1      3471.46604  0
 0.800 -0.060 -1         0.00000  0
 0.800 -0.040 -1         0.00000  0
 0.800 -0.020  1         0.00000  0
 0.800  0.000  1         0.00000  0
 0.820 -0.060 -1         0.00000  0
 0.820 -0.040 -1         0.00000  0
 0.820 -0.020  1         0.00000  0
 0.820  0.000  1      2571.85162  0
 0.840 -0.060 -1         0.00000  0
 0.840 -0.040 -1         0.00000  0
 0.840 -0.020  1         0.00000  0
 0.840  0.000  1      2612.66643  0
 0.860 -0.060 -1         0.00000  0
 0.860 -0.040 -1         0.00000  0
 0.860 -0.020  1         0.00000  0
 0.860  0.000  1         0.00000  0
 0.880 -0.060 -1         0.00000  0
 0.880 -0.040 -1         0.00000  0
 0.880 -0.020  1         0.00000  0
 0.880  0.000  1      4730.74789  0
 0.900 -0.060 -1         0.00000  0
 0.900 -0.040 -1         0.00000  0
 0.900 -0.020  1         0.00000  0
 0.900  0.000  1      2237.42631  0
 0.920 -0.060 -1         0.00000  0
 0.920 -0.040 -1         0.00000  0
 0.920 -0.020  1         0.00000  0
 0.920  0.000  1         0.00000  0
 0.940 -0.060 -1         0.00000  0
 0.940 -0.040 -1         0.00000  0
 0.940 -0.020  1         0.00000  0
 0.940  0.000  1      5921.56475  0
 0.960 -0.060 -1         0.00000  0
 0.960 -0.040 -1         0.00000  0
 0.960 -0.020  1         0.00000  0
 0.960  0.000  1      1309.18044  0
 0.980 -0.060 -1         0.00000  0
 0.980 -0.040 -1         0.00000  0
 0.980 -0.020  1         0.00000  0
 0.980  0.000  1      1102.10207  0
 1.000 -0.060 -1         0.00000  0
 1.000 -0.040 -1         0.00000  0
 1.000 -0.020  1         0.00000  0
 1.000  0.000  1      6129.80777  0
 1.020 -0.060 -1         0.00000  0
 1.020 -0.040 -1         0.00000  0
 1.020 -0.020  1         0.00000  0
 1.020  0.000  1         0.00000  0
 1.020  0.020  1       500.04621  0
 1.020  0.040  1      4481.66229  0
 1.020  0.060  1      2357.00012  0
 1.020  0.080  1      4566.46241  0
 1.020  0.100  1         0.00000  0
 1.020  0.120  1      6124.37276  0
 1.020  0.140  1      3879.27428  0
 1.020  0.160  1       903.95395  0
 1.020  0.180  1      5205.36605  0
 1.020  0.200  1       120.51329  0
 1.020  0.220  1      5371.30918  0
 1.020  0.240  1         0.00000  0
 1.020  0.260  1         0.00000  0
 1.020  0.280  1         0.00000  0
 1.020  0.300  1         0.00000  0
 1.020  0.320  1         0.00000  0
 1.020  0.340  1         0.00000  0
 1.020  0.360  1         0.00000  0
 1.020  0.380  1         0.00000  0
 1.020  0.400  1         0.00000  0
 1.020  0.420  1         0.00000  0
 1.020  0.440  1         0.00000  0
 1.020  0.460  1         0.00000  0
 1.020  0.480  1         0.00000  0
 1.020  0.500  1         0.00000  0
 1.020  0.520  1         0.00000  0
 1.020  0.540  1         0.00000  0
 1.020  0.560  1         0.00000  0
 1.020  0.580  1         0.00000  0
 1.020  0.600  1         0.00000  0
 1.040 -0.060 -1         0.00000  0
 1.040 -0.040 -1         0.00000  0
 1.040 -0.020  1         0.00000  0
 1.040  0.000  1         0.00000  0
 1.040  0.020  1         0.00000  0
 1.040  0.040  1         0.00000  0
 1.040  0.060  1         0.00000  0
 1.040  0.080  1         0.00000  0
 1.040  0.100  1         0.00000  0
 1.040  0.120  1         0.00000  0
 1.040  0.140  1         0.00000  0
 1.040  0.160  1         0.00000  0
 1.040  0.180  1         0.00000  0
 1.040  0.200  1         0.00000  0
 1.040  0.220  1         0.00000  0
 1.040  0.240  1         0.00000  0
 1.040  0.260  1         0.00000  0
 1.040  0.280  1         0.00000  0
 1.040  0.300  1         0.00000  0
 1.040  0.320  1         0.00000  0
 1.040  0.340  1         0.00000  0
 1.040  0.360  1         0.00000  0
 1.040  0.380  1         0.00000  0
 1.040  0.400  1         0.00000  0
 1.040  0.420  1         0.00000  0
 1.040  0.440  1         0.00000  0
 1.040  0.460  1         0.00000  0
 1.040  0.480  1         0.00000  0
 1.040  0.500  1         0.00000  0
 1.040  0.520  1         0.00000  0
 1.040  0.540  1         0.00000  0
 1.040  0.560  1         0.00000  0
 1.040  0.580  1         0.00000  0
 1.040  0.600  1         0.00000  0
 1.060 -0.060 -1         0.00000  0
 1.060 -0.040 -1         0.00000  0
 1.060 -0.020 -1         0.00000  0
 1.060  0.000 -1         0.00000  0
 1.060  0.020 -1         0.00000  0
 1.060  0.040 -1         0.00000  0
 1.060  0.060 -1         0.00000  0
 1.060  0.080 -1         0.00000  0
 1.060  0.100 -1         0.00000  0
 1.060  0.120 -1         0.00000  0
 1.060  0.140 -1         0.00000  0
 1.060  0.160 -1         0.00000  0
 1.060  0.180 -1         0.00000  0
 1.060  0.200 -1         0.00000  0
 1.060  0.220 -1         0.00000  0
 1.060  0.240 -1         0.00000  0
 1.060  0.260 -1         0.00000  0
 1.060  0.280 -1         0.00000  0
 1.060  0.300 -1         0.00000  0
 1.060  0.320 -1         0.00000  0
 1.060  0.340 -1         0.00000  0
 1.060  0.360 -1         0.00000  0
 1.060  0.380 -1         0.00000  0
 1.060  0.400 -1         0.00000  0
 1.060  0.420 -1         0.00000  0
 1.060  0.440 -1         0.00000  0
 1.060  0.460 -1         0.00000  0
 1.060  0.480 -1         0.00000  0
 1.060  0.500 -1         0.00000  0
 1.060  0.520 -1         0.00000  0
 1.060  0.540 -1         0.00000  0
 1.060  0.560 -1         0.00000  0
 1.060  0.580  1         0.00000  0
 1.060  0.600  1         0.00000  0
 1.080 -0.060 -1         0.00000  0
 1.080 -0.040 -1         0.00000  0
 1.080 -0.020 -1         0.00000  0
 1.080  0.000 -1         0.00000  0
 1.080  0.020 -1         0.00000  0
 1.080  0.040 -1         0.00000  0
 1.080  0.060 -1         0.00000  0
 1.080  0.080 -1         0.00000  0
 1.080  0.100 -1         0.00000  0
 1.080  0.120 -1         0.00000  0
 1.080  0.140 -1         0.00000  0
 1.080  0.160 -1         0.00000  0
 1.080  0.180 -1         0.00000  0
 1.080  0.200 -1         0.00000  0
 1.080  0.220 -1         0.00000  0
 1.080  0.240 -1         0.00000  0
 1.080  0.260 -1         0.00000  0
 1.080  0.280 -1         0.00000  0
 1.080  0.300 -1         0.00000  0
 1.080  0.320 -1         0.00000  0
 1.080  0.340 -1         0.00000  0
 1.080  0.360 -1         0.00000  0
 1.080  0.380 -1         0.00000  0
 1.080  0.400 -1         0.00000  0
 1.080  0.420 -1         0.00000  0
 1.080  0.440 -1         0.00000  0
 1.080  0.460 -1         0.00000  0
 1.080  0.480 -1         0.00000  0
 1.080  0.500 -1         0.00000  0
 1.080  0.520 -1         0.00000  0
 1.080  0.540 -1         0.00000  0
 1.080  0.560 -1         0.00000  0
 1.080  0.580  1         0.00000  0
 1.080  0.600  1         0.00000  0
