-0.060 -0.060 -1         0.00000  0
-0.060 -0.040 -1         0.00000  0
-0.060 -0.020 -1         0.00000  0
-0.060  0.000 -1         0.00000  0
-0.060  0.020 -1         0.00000  0
-0.060  0.040 -1         0.00000  0
-0.060  0.060 -1         0.00000  0
-0.060  0.080 -1         0.00000  0
-0.060  0.100 -1         0.00000  0
-0.060  0.120 -1         0.00000  0
-0.060  0.140 -1         0.00000  0
-0.060  0.160 -1         0.00000  0
-0.060  0.180 -1         0.00000  0
-0.060  0.200 -1         0.00000  0
-0.060  0.220 -1         0.00000  0
-0.060  0.240 -1         0.00000  0
-0.060  0.260 -1         0.00000  0
-0.060  0.280 -1         0.00000  0
-0.060  0.300 -1         0.00000  0
-0.060  0.320 -1         0.00000  0
-0.060  0.340 -1         0.00000  0
-0.060  0.360 -1         0.00000  0
-0.060  0.380 -1         0.00000  0
-0.060  0.400 -1         0.00000  0
-0.060  0.420 -1         0.00000  0
-0.060  0.440 -1         0.00000  0
-0.060  0.460 -1         0.00000  0
-0.060  0.480 -1         0.00000  0
-0.060  0.500 -1         0.00000  0
-0.060  0.520 -1         0.00000  0
-0.060  0.540 -1         0.00000  0
-0.060  0.560 -1         0.00000  0
-0.060  0.580  1         0.00000  0
-0.060  0.600  1         0.00000  0
-0.040 -0.060 -1         0.00000  0
-0.040 -0.040 -1         0.00000  0
-0.040 -0.020 -1         0.00000  0
-0.040  0.000 -1         0.00000  0
-0.040  0.020 -1         0.00000  0
-0.040  0.040 -1         0.00000  0
-0.040  0.060 -1         0.00000  0
-0.040  0.080 -1         0.00000  0
-0.040  0.100 -1         0.00000  0
-0.040  0.120 -1         0.00000  0
-0.040  0.140 -1         0.00000  0
-0.040  0.160 -1         0.00000  0
-0.040  0.180 -1         0.00000  0
-0.040  0.200 -1         0.00000  0
-0.040  0.220 -1         0.00000  0
-0.040  0.240 -1         0.00000  0
-0.040  0.260 -1         0.00000  0
-0.040  0.280 -1         0.00000  0
-0.040  0.300 -1         0.00000  0
-0.040  0.320 -1         0.00000  0
-0.040  0.340 -1         0.00000  0
-0.040  0.360 -1         0.00000  0
-0.040  0.380 -1         0.00000  0
-0.040  0.400 -1         0.00000  0
-0.040  0.420 -1         0.00000  0
-0.040  0.440 -1         0.00000  0
-0.040  0.460 -1         0.00000  0
-0.040  0.480 -1         0.00000  0
-0.040  0.500 -1         0.00000  0
-0.040  0.520 -1         0.00000  0
-0.040  0.540 -1         0.00000  0
-0.040  0.560 -1         0.00000  0
-0.040  0.580  1         0.00000  0
-0.040  0.600  1         0.00000  0
-0.020 -0.060 -1         0.00000  0
-0.020 -0.040 -1         0.00000  0
-0.020 -0.020  1         0.00000  0
-0.020  0.000  1         0.00000  0
-0.020  0.020  1         0.00000  0
-0.020  0.040  1         0.00000  0
-0.020  0.060  1         0.00000  0
-0.020  0.080  1         0.00000  0
-0.020  0.100  1         0.00000  0
-0.020  0.120  1         0.00000  0
-0.020  0.140  1         0.00000  0
-0.020  0.160  1         0.00000  0
-0.020  0.180  1         0.00000  0
-0.020  0.200  1         0.00000  0
-0.020  0.220  1         0.00000  0
-0.020  0.240  1         0.00000  0
-0.020  0.260  1         0.00000  0
-0.020  0.280  1         0.00000  0
-0.020  0.300  1         0.00000  0
-0.020  0.320  1         0.00000  0
-0.020  0.340  1         0.00000  0
-0.020  0.360  1         0.00000  0
-0.020  0.380  1         0.00000  0
-0.020  0.400  1         0.00000  0
-0.020  0.420  1         0.00000  0
-0.020  0.440  1         0.00000  0
-0.020  0.460  1         0.00000  0
-0.020  0.480  1         0.00000  0
-0.020  0.500  1         0.00000  0
-0.020  0.520  1         0.00000  0
-0.020  0.540  1         0.00000  0
-0.020  0.560  1         0.00000  0
-0.020  0.580  1         0.00000  0
-0.020  0.600  1         0.00000  0
 0.000 -0.060 -1         0.00000  0
 0.000 -0.040 -1         0.00000  0
 0.000 -0.020  1         0.00000  0
 0.000  0.000  1         0.00000  0
 0.000  0.020  1         0.00000  0
 0.000  0.040  1         0.00000  0
 0.000  0.060  1         0.00000  0
 0.000  0.080  1       447.55570  0
 0.000  0.100  1         0.00000  0
 0.000  0.120  1         0.00000  0
 0.000  0.140  1         0.00000  0
 0.000  0.160  1         0.00000  0
 0.000  0.180  1         0.00000  0
 0.000  0.200  1         0.00000  0
 0.000  0.220  1         0.00000  0
 0.000  0.240  1         0.00000  0
 0.000  0.260  1         0.00000  0
 0.000  0.280  1         0.00000  0
 0.000  0.300  1         0.00000  0
 0.000  0.320  1         0.00000  0
 0.000  0.340  1         0.00000  0
 0.000  0.360  1         0.00000  0
 0.000  0.380  1         0.00000  0
 0.000  0.400  1         0.00000  0
 0.000  0.420  1         0.00000  0
 0.000  0.440  1         0.00000  0
 0.000  0.460  1         0.00000  0
 0.000  0.480  1         0.00000  0
 0.000  0.500  1         0.00000  0
 0.000  0.520  1         0.00000  0
 0.000  0.540  1         0.00000  0
 0.000  0.560  1         0.00000  0
 0.000  0.580  1         0.00000  0
 0.000  0.600  1         0.00000  0
 0.020 -0.060 -1         0.00000  0
 0.020 -0.040 -1         0.00000  0
 0.020 -0.020  1         0.00000  0
 0.020  0.000  1       338.87587  0
 0.337  0.019  0      1421.55377  0
 0.101  0.079  0         0.00000  0
 0.121  0.088  0         0.00000  0
 0.356  0.108  0         0.00000  0
 0.142  0.130  0         0.00000  0
 0.050  0.136  0         0.00000  0
 0.330  0.117  0         0.00000  0
 0.521  0.071  0         0.00000  0
 0.359  0.020  0         0.00000  0
 0.023  0.091  0         0.00000  0
 0.027  0.109  0         0.00000  0
 0.221  0.085  0         0.00000  0
 0.040  0.152  0         0.00000  0
 0.151  0.098  0         0.00000  0
 0.056  0.117  0         0.00000  0
 0.472  0.034  0         0.00000  0
 0.401  0.097  0         0.00000  0
 0.029  0.015  0         0.00000  0
 0.091  0.106  0         0.00000  0
 0.051  0.057  0      1642.39814  0
 0.069  0.072  0         0.00000  0
 0.076  0.111  0         0.00000  0
 0.072  0.018  0      2086.46785  0
 0.176  0.145  0         0.00000  0
 0.297  0.049  0      2869.73674  0
 0.040 -0.060 -1         0.00000  0
 0.040 -0.040 -1         0.00000  0
 0.040 -0.020  1         0.00000  0
 0.040  0.000  1       780.63124  0
 0.264  0.036  0      1568.26081  0
 0.176  0.089  0       394.80710  0
 0.229  0.156  0         0.00000  0
 0.339  0.055  0       746.57076  0
 0.017  0.119  0         0.00000  0
 0.194  0.082  0       679.96865  0
 0.379  0.033  0       927.89117  0
 0.213  0.131  0         0.00000  0
 0.283  0.113  0         0.00000  0
 0.181  0.035  0      2822.17135  0
 0.139  0.143  0         0.00000  0
 0.069  0.140  0         0.00000  0
 0.583  0.094  0         0.00000  0
 0.245  0.120  0         0.00000  0
 0.422  0.033  0       972.23189  0
 0.212  0.038  0         0.00000  0
 0.231  0.122  0         0.00000  0
 0.129  0.022  0      1530.67215  0
 0.211  0.017  0      1988.46165  0
 0.046  0.095  0         0.00000  0
 0.228  0.040  0        58.43159  0
 0.107  0.128  0       163.93433  0
 0.170  0.136  0         0.00000  0
 0.025  0.048  0       108.60438  0
 0.191  0.020  0       738.99343  0
 0.060 -0.060 -1         0.00000  0
 0.060 -0.040 -1         0.00000  0
 0.060 -0.020  1         0.00000  0
 0.060  0.000  1         0.00000  0
 0.168  0.103  0         0.00000  0
 0.148  0.018  0      1922.66538  0
 0.269  0.017  0      1655.22306  0
 0.363  0.084  0         0.00000  0
 0.442  0.020  0         0.00000  0
 0.607  0.018  0         0.00000  0
 0.482  0.071  0         0.00000  0
 0.938  0.131  0         0.00000  0
 0.525  0.053  0       603.66909  0
 0.052  0.077  0         0.00000  0
 0.139  0.113  0         0.00000  0
 0.180  0.113  0         0.00000  0
 0.262  0.117  0         0.00000  0
 0.608  0.097  0         0.00000  0
 0.263  0.100  0      1977.01450  0
 0.242  0.095  0         0.00000  0
 0.206  0.097  0         0.00000  0
 0.217  0.111  0       512.31479  0
 0.283  0.089  0         0.00000  0
 0.016  0.031  0      1494.14013  0
 0.043  0.037  0         0.00000  0
 0.112  0.061  0      1197.96379  0
 0.203  0.144  0         0.00000  0
 0.092  0.021  0       151.57589  0
 0.264  0.080  0      2322.51300  0
 0.080 -0.060 -1         0.00000  0
 0.080 -0.040 -1         0.00000  0
 0.080 -0.020  1         0.00000  0
 0.080  0.000  1       797.34725  0
 0.661  0.087  0         0.00000  0
 0.458  0.126  0         0.00000  0
 0.104  0.099  0       764.01576  0
 0.060  0.099  0      1407.10490  0
 0.665  0.122  0         0.00000  0
 0.484  0.137  0         0.00000  0
 0.491  0.052  0       539.05323  0
 0.721  0.056  0      1148.65586  0
 0.598  0.033  0         0.00000  0
 0.611  0.069  0       168.89311  0
 0.119  0.136  0         0.00000  0
 0.852  0.101  0         0.00000  0
 0.063  0.042  0         0.00000  0
 0.020  0.155  0         0.00000  0
 0.294  0.103  0         0.00000  0
 0.355  0.037  0         0.00000  0
 0.511  0.019  0       258.42687  0
 0.725  0.035  0      1688.76041  0
 0.104  0.151  0         0.00000  0
 0.863  0.108  0         0.00000  0
 0.160  0.059  0      1373.08044  0
 0.033  0.063  0       788.13886  0
 0.315  0.021  0      1087.73925  0
 0.411  0.050  0       427.07971  0
 0.017  0.073  0         0.00000  0
 0.100 -0.060 -1         0.00000  0
 0.100 -0.040 -1         0.00000  0
 0.100 -0.020  1         0.00000  0
 0.100  0.000  1         0.00000  0
 0.703  0.037  0      1483.85352  0
 0.774  0.042  0         0.00000  0
 0.627  0.083  0       851.78950  0
 0.692  0.107  0         0.00000  0
 0.089  0.057  0         0.00000  0
 0.249  0.029  0       691.10295  0
 0.555  0.089  0         0.00000  0
 0.809  0.080  0       528.06569  0
 0.681  0.019  0         0.00000  0
 0.506  0.096  0       484.09088  0
 0.286  0.036  0      1061.77915  0
 0.160  0.041  0       343.26698  0
 0.782  0.060  0         0.00000  0
 0.454  0.067  0         0.00000  0
 0.486  0.019  0         0.00000  0
 0.491  0.110  0         0.00000  0
 0.235  0.054  0         0.00000  0
 0.129  0.062  0       261.05943  0
 0.531  0.018  0      1092.68363  0
 0.080  0.132  0         0.00000  0
 0.268  0.054  0        96.05067  0
 0.444  0.037  0       772.75353  0
 0.461  0.019  0         0.00000  0
 0.136  0.084  0       293.59403  0
 0.150  0.072  0      1093.14869  0
 0.120 -0.060 -1         0.00000  0
 0.120 -0.040 -1         0.00000  0
 0.120 -0.020  1         0.00000  0
 0.120  0.000  1         0.00000  0
 0.702  0.122  0         0.00000  0
 0.769  0.077  0      1419.11673  0
 0.929  0.040  0      1737.42602  0
 1.001  0.019  0       111.49289  0
 0.904  0.034  0       743.64928  0
 0.679  0.099  0         0.00000  0
 0.811  0.045  0      2432.36885  0
 0.526  0.088  0         0.00000  0
 0.177  0.070  0         0.00000  0
 0.300  0.069  0       259.53258  0
 0.725  0.017  0         0.00000  0
 0.506  0.052  0         0.00000  0
 0.578  0.130  0         0.00000  0
 0.532  0.035  0        69.05995  0
 0.413  0.017  0      3729.05540  0
 0.504  0.131  0         0.00000  0
 0.644  0.096  0         0.00000  0
 0.196  0.155  0         0.00000  0
 0.054  0.023  0      1821.73574  0
 0.110  0.022  0      1361.96758  0
 0.167  0.020  0        44.36748  0
 0.336  0.037  0       278.99543  0
 0.431  0.068  0         0.00000  0
 0.388  0.070  0         0.00000  0
 0.331  0.093  0         0.00000  0
 0.140 -0.060 -1         0.00000  0
 0.140 -0.040 -1         0.00000  0
 0.140 -0.020  1         0.00000  0
 0.140  0.000  1      1240.11822  0
 0.790  0.118  0         0.00000  0
 0.917  0.019  0        42.27334  0
 0.949  0.061  0      1964.08505  0
 0.765  0.024  0      1547.73758  0
 0.680  0.074  0         0.00000  0
 0.836  0.089  0       887.65093  0
 0.673  0.054  0         0.00000  0
 0.954  0.090  0         0.00000  0
 0.699  0.021  0         0.00000  0
 0.711  0.108  0         0.00000  0
 0.866  0.089  0         0.00000  0
 0.883  0.076  0       834.88102  0
 0.468  0.077  0         0.00000  0
 0.373  0.063  0      1700.71041  0
 0.631  0.016  0      1174.15513  0
 0.747  0.062  0       265.56902  0
 0.722  0.099  0      1168.22037  0
 0.626  0.055  0         0.00000  0
 0.567  0.074  0         0.00000  0
 0.695  0.085  0         0.00000  0
 0.380  0.084  0         0.00000  0
 0.237  0.078  0         0.00000  0
 0.535  0.102  0         0.00000  0
 0.198  0.123  0         0.00000  0
 0.281  0.067  0      1673.14460  0
 0.160 -0.060 -1         0.00000  0
 0.160 -0.040 -1         0.00000  0
 0.160 -0.020  1         0.00000  0
 0.160  0.000  1      2875.45959  0
 0.143  0.046  0      1529.65799  0
 0.884  0.039  0      1432.23810  0
 0.406  0.118  0         0.00000  0
 0.733  0.088  0       309.17804  0
 0.846  0.054  0      2463.86918  0
 0.755  0.129  0         0.00000  0
 0.902  0.071  0         0.00000  0
 0.549  0.110  0         0.00000  0
 0.979  0.066  0      1559.95346  0
 0.562  0.118  0         0.00000  0
 0.976  0.019  0      1149.14785  0
 0.781  0.102  0       283.52425  0
 0.218  0.066  0       634.87058  0
 0.581  0.019  0         0.00000  0
 0.979  0.050  0        45.95599  0
 0.991  0.035  0      2400.31791  0
 0.808  0.018  0       879.16089  0
 0.740  0.043  0         0.00000  0
 0.929  0.115  0         0.00000  0
 0.834  0.113  0         0.00000  0
 0.612  0.043  0       531.92564  0
 0.596  0.112  0         0.00000  0
 0.919  0.056  0       703.26829  0
 0.253  0.065  0      1064.66693  0
 0.469  0.050  0         0.00000  0
 0.180 -0.060 -1         0.00000  0
 0.180 -0.040 -1         0.00000  0
 0.180 -0.020  1         0.00000  0
 0.180  0.000  1       567.77140  0
 0.349  0.066  0         0.00000  0
 1.004  0.050  0         0.00000  0
 0.924  0.073  0         0.00000  0
 0.644  0.074  0      1434.49370  0
 0.978  0.092  0         0.00000  0
 0.786  0.078  0       176.83864  0
 0.653  0.061  0       379.71492  0
 0.903  0.109  0         0.00000  0
 0.501  0.079  0         0.00000  0
 0.662  0.033  0      1987.23853  0
 0.294  0.019  0      1000.02441  0
 0.965  0.036  0       194.24864  0
 0.801  0.109  0         0.00000  0
 0.890  0.016  0      2218.51650  0
 0.386  0.017  0      1556.29985  0
 0.236  0.018  0      1823.13985  0
 0.649  0.043  0         0.00000  0
 0.806  0.125  0         0.00000  0
 0.090  0.156  0         0.00000  0
 0.932  0.101  0      1333.43640  0
 0.750  0.018  0         0.00000  0
 0.546  0.054  0         0.00000  0
 0.945  0.111  0         0.00000  0
 0.575  0.109  0      1396.32414  0
 0.641  0.110  0         0.00000  0
 0.200 -0.060 -1         0.00000  0
 0.200 -0.040 -1         0.00000  0
 0.200 -0.020  1         0.00000  0
 0.200  0.000  1      2647.96202  0
 0.499  0.032  0      1357.79764  0
 0.766  0.094  0         0.00000  0
 0.999  0.074  0       190.45851  0
 0.832  0.039  0         0.00000  0
 0.824  0.056  0         0.00000  0
 0.872  0.054  0         0.00000  0
 0.964  0.073  0      1176.76700  0
 0.421  0.101  0         0.00000  0
 0.318  0.077  0       386.44786  0
 0.415  0.087  0       877.03015  0
 0.697  0.063  0         0.00000  0
 0.571  0.053  0         0.00000  0
 0.312  0.095  0         0.00000  0
 0.830  0.020  0      1391.98887  0
 0.956  0.020  0      1186.66491  0
 0.714  0.068  0         0.00000  0
 0.935  0.019  0       613.26418  0
 0.759  0.049  0      1923.93686  0
 0.441  0.054  0       212.86839  0
 0.620  0.103  0         0.00000  0
 0.738  0.111  0         0.00000  0
 0.841  0.073  0      1758.60194  0
 0.438  0.097  0         0.00000  0
 0.687  0.046  0      1700.08356  0
 0.551  0.036  0         0.00000  0
 0.220 -0.060 -1         0.00000  0
 0.220 -0.040 -1         0.00000  0
 0.220 -0.020  1         0.00000  0
 0.220  0.000  1      2360.80081  0
 0.550  0.073  0       411.32646  0
 1.000  0.090  0       379.08682  0
 0.457  0.109  0         0.00000  0
 0.772  0.126  0         0.00000  0
 0.944  0.045  0       273.13011  0
 0.403  0.036  0         0.00000  0
 0.990  0.108  0       833.30862  0
 0.818  0.089  0         0.00000  0
 0.965  0.127  0         0.00000  0
 0.940  0.079  0      1973.06786  0
 0.560  0.019  0         0.00000  0
 0.870  0.023  0      1309.91888  0
 0.198  0.064  0      1741.59525  0
 0.989  0.122  0         0.00000  0
 0.486  0.096  0         0.00000  0
 0.744  0.078  0         0.00000  0
 0.972  0.110  0         0.00000  0
 0.798  0.032  0      1799.45668  0
 0.630  0.036  0      1020.47790  0
 0.597  0.073  0       429.80180  0
 0.338  0.139  0         0.00000  0
 0.656  0.018  0         0.00000  0
 0.473  0.123  0         0.00000  0
 0.850  0.019  0      1281.24187  0
 0.860  0.068  0       345.13130  0
 0.240 -0.060 -1         0.00000  0
 0.240 -0.040 -1         0.00000  0
 0.240 -0.020  1         0.00000  0
 0.240  0.000  1       753.54617  0
 0.455  0.095  0         0.00000  0
 0.783  0.019  0       675.49397  0
 0.124  0.040  0         0.00000  0
 0.903  0.094  0         0.00000  0
 0.858  0.038  0      1377.59573  0
 0.753  0.116  0       284.24421  0
 0.589  0.060  0         0.00000  0
 0.899  0.052  0      1368.84784  0
 0.889  0.091  0       546.29841  0
 0.103  0.042  0      2046.20996  0
 0.083  0.077  0       976.07427  0
 0.312  0.037  0       893.67133  0
 0.318  0.059  0         0.00000  0
 0.413  0.067  0         0.00000  0
 0.033  0.137  0       683.64609  0
 0.515  0.115  0         0.00000  0
 0.381  0.048  0       762.26123  0
 0.193  0.047  0         0.00000  0
 0.041  0.166  0         0.00000  0
 0.344  0.087  0      1516.30689  0
 0.800  0.062  0         0.00000  0
 0.081  0.041  0       502.57363  0
 0.574  0.037  0       826.68318  0
 0.119  0.114  0         0.00000  0
 0.378  0.114  0         0.00000  0
 0.260 -0.060 -1         0.00000  0
 0.260 -0.040 -1         0.00000  0
 0.260 -0.020  1         0.00000  0
 0.260  0.000  1      2016.61311  0
 0.280 -0.060 -1         0.00000  0
 0.280 -0.040 -1         0.00000  0
 0.280 -0.020  1         0.00000  0
 0.280  0.000  1      1213.34539  0
 0.300 -0.060 -1         0.00000  0
 0.300 -0.040 -1         0.00000  0
 0.300 -0.020  1         0.00000  0
 0.300  0.000  1      1161.42550  0
 0.320 -0.060 -1         0.00000  0
 0.320 -0.040 -1         0.00000  0
 0.320 -0.020  1         0.00000  0
 0.320  0.000  1         0.00000  0
 0.340 -0.060 -1         0.00000  0
 0.340 -0.040 -1         0.00000  0
 0.340 -0.020  1         0.00000  0
 0.340  0.000  1      1336.88679  0
 0.360 -0.060 -1         0.00000  0
 0.360 -0.040 -1         0.00000  0
 0.360 -0.020  1         0.00000  0
 0.360  0.000  1         7.87157  0
 0.380 -0.060 -1         0.00000  0
 0.380 -0.040 -1         0.00000  0
 0.380 -0.020  1         0.00000  0
 0.380  0.000  1      2472.49816  0
 0.400 -0.060 -1         0.00000  0
 0.400 -0.040 -1         0.00000  0
 0.400 -0.020  1         0.00000  0
 0.400  0.000  1      1814.47389  0
 0.420 -0.060 -1         0.00000  0
 0.420 -0.040 -1         0.00000  0
 0.420 -0.020  1         0.00000  0
 0.420  0.000  1         0.00000  0
 0.440 -0.060 -1         0.00000  0
 0.440 -0.040 -1         0.00000  0
 0.440 -0.020  1         0.00000  0
 0.440  0.000  1         0.00000  0
 0.460 -0.060 -1         0.00000  0
 0.460 -0.040 -1         0.00000  0
 0.460 -0.020  1         0.00000  0
 0.460  0.000  1      1890.79965  0
 0.480 -0.060 -1         0.00000  0
 0.480 -0.040 -1         0.00000  0
 0.480 -0.020  1         0.00000  0
 0.480  0.000  1         0.00000  0
 0.500 -0.060 -1         0.00000  0
 0.500 -0.040 -1         0.00000  0
 0.500 -0.020  1         0.00000  0
 0.500  0.000  1         0.00000  0
 0.520 -0.060 -1         0.00000  0
 0.520 -0.040 -1         0.00000  0
 0.520 -0.020  1         0.00000  0
 0.520  0.000  1      1969.10185  0
 0.540 -0.060 -1         0.00000  0
 0.540 -0.040 -1         0.00000  0
 0.540 -0.020  1         0.00000  0
 0.540  0.000  1         0.00000  0
 0.560 -0.060 -1         0.00000  0
 0.560 -0.040 -1         0.00000  0
 0.560 -0.020  1         0.00000  0
 0.560  0.000  1         0.00000  0
 0.580 -0.060 -1         0.00000  0
 0.580 -0.040 -1         0.00000  0
 0.580 -0.020  1         0.00000  0
 0.580  0.000  1      2076.14729  0
 0.600 -0.060 -1         0.00000  0
 0.600 -0.040 -1         0.00000  0
 0.600 -0.020  1         0.00000  0
 0.600  0.000  1       687.59853  0
 0.620 -0.060 -1         0.00000  0
 0.620 -0.040 -1         0.00000  0
 0.620 -0.020  1         0.00000  0
 0.620  0.000  1      1808.46343  0
 0.640 -0.060 -1         0.00000  0
 0.640 -0.040 -1         0.00000  0
 0.640 -0.020  1         0.00000  0
 0.640  0.000  1      2236.56370  0
 0.660 -0.060 -1         0.00000  0
 0.660 -0.040 -1         0.00000  0
 0.660 -0.020  1         0.00000  0
 0.660  0.000  1      2458.83993  0
 0.680 -0.060 -1         0.00000  0
 0.680 -0.040 -1         0.00000  0
 0.680 -0.020  1         0.00000  0
 0.680  0.000  1       500.56482  0
 0.700 -0.060 -1         0.00000  0
 0.700 -0.040 -1         0.00000  0
 0.700 -0.020  1         0.00000  0
 0.700  0.000  1         0.00000  0
 0.720 -0.060 -1         0.00000  0
 0.720 -0.040 -1         0.00000  0
 0.720 -0.020  1         0.00000  0
 0.720  0.000  1      3156.12578  0
 0.740 -0.060 -1         0.00000  0
 0.740 -0.040 -1         0.00000  0
 0.740 -0.020  1         0.00000  0
 0.740  0.000  1      1049.59805  0
 0.760 -0.060 -1         0.00000  0
 0.760 -0.040 -1         0.00000  0
 0.760 -0.020  1         0.00000  0
 0.760  0.000  1       691.69107  0
 0.780 -0.060 -1         0.00000  0
 0.780 -0.040 -1         0.00000  0
 0.780 -0.020  1         0.00000  0
 0.780  0.000  1      2701.45944  0
 0.800 -0.060 -1         0.00000  0
 0.800 -0.040 -1         0.00000  0
 0.800 -0.020  1         0.00000  0
 0.800  0.000  1      1578.02591  0
 0.820 -0.060 -1         0.00000  0
 0.820 -0.040 -1         0.00000  0
 0.820 -0.020  1         0.00000  0
 0.820  0.000  1       291.55196  0
 0.840 -0.060 -1         0.00000  0
 0.840 -0.040 -1         0.00000  0
 0.840 -0.020  1         0.00000  0
 0.840  0.000  1      2586.40469  0
 0.860 -0.060 -1         0.00000  0
 0.860 -0.040 -1         0.00000  0
 0.860 -0.020  1         0.00000  0
 0.860  0.000  1      1796.77376  0
 0.880 -0.060 -1         0.00000  0
 0.880 -0.040 -1         0.00000  0
 0.880 -0.020  1         0.00000  0
 0.880  0.000  1      1324.56232  0
 0.900 -0.060 -1         0.00000  0
 0.900 -0.040 -1         0.00000  0
 0.900 -0.020  1         0.00000  0
 0.900  0.000  1      1818.66185  0
 0.920 -0.060 -1         0.00000  0
 0.920 -0.040 -1         0.00000  0
 0.920 -0.020  1         0.00000  0
 0.920  0.000  1      2730.86822  0
 0.940 -0.060 -1         0.00000  0
 0.940 -0.040 -1         0.00000  0
 0.940 -0.020  1         0.00000  0
 0.940  0.000  1      1149.83489  0
 0.960 -0.060 -1         0.00000  0
 0.960 -0.040 -1         0.00000  0
 0.960 -0.020  1         0.00000  0
 0.960  0.000  1       929.65530  0
 0.980 -0.060 -1         0.00000  0
 0.980 -0.040 -1         0.00000  0
 0.980 -0.020  1         0.00000  0
 0.980  0.000  1       954.41280  0
 1.000 -0.060 -1         0.00000  0
 1.000 -0.040 -1         0.00000  0
 1.000 -0.020  1         0.00000  0
 1.000  0.000  1      1769.86053  0
 1.020 -0.060 -1         0.00000  0
 1.020 -0.040 -1         0.00000  0
 1.020 -0.020  1         0.00000  0
 1.020  0.000  1         0.00000  0
 1.020  0.020  1      1653.47428  0
 1.020  0.040  1       793.77381  0
 1.020  0.060  1      2422.01406  0
 1.020  0.080  1         0.00000  0
 1.020  0.100  1         0.00000  0
 1.020  0.120  1         0.00000  0
 1.020  0.140  1         0.00000  0
 1.020  0.160  1         0.00000  0
 1.020  0.180  1         0.00000  0
 1.020  0.200  1         0.00000  0
 1.020  0.220  1         0.00000  0
 1.020  0.240  1         0.00000  0
 1.020  0.260  1         0.00000  0
 1.020  0.280  1         0.00000  0
 1.020  0.300  1         0.00000  0
 1.020  0.320  1         0.00000  0
 1.020  0.340  1         0.00000  0
 1.020  0.360  1         0.00000  0
 1.020  0.380  1         0.00000  0
 1.020  0.400  1         0.00000  0
 1.020  0.420  1         0.00000  0
 1.020  0.440  1         0.00000  0
 1.020  0.460  1         0.00000  0
 1.020  0.480  1         0.00000  0
 1.020  0.500  1         0.00000  0
 1.020  0.520  1         0.00000  0
 1.020  0.540  1         0.00000  0
 1.020  0.560  1         0.00000  0
 1.020  0.580  1         0.00000  0
 1.020  0.600  1         0.00000  0
 1.040 -0.060 -1         0.00000  0
 1.040 -0.040 -1         0.00000  0
 1.040 -0.020  1         0.00000  0
 1.040  0.000  1         0.00000  0
 1.040  0.020  1         0.00000  0
 1.040  0.040  1         0.00000  0
 1.040  0.060  1         0.00000  0
 1.040  0.080  1         0.00000  0
 1.040  0.100  1         0.00000  0
 1.040  0.120  1         0.00000  0
 1.040  0.140  1         0.00000  0
 1.040  0.160  1         0.00000  0
 1.040  0.180  1         0.00000  0
 1.040  0.200  1         0.00000  0
 1.040  0.220  1         0.00000  0
 1.040  0.240  1         0.00000  0
 1.040  0.260  1         0.00000  0
 1.040  0.280  1         0.00000  0
 1.040  0.300  1         0.00000  0
 1.040  0.320  1         0.00000  0
 1.040  0.340  1         0.00000  0
 1.040  0.360  1         0.00000  0
 1.040  0.380  1         0.00000  0
 1.040  0.400  1         0.00000  0
 1.040  0.420  1         0.00000  0
 1.040  0.440  1         0.00000  0
 1.040  0.460  1         0.00000  0
 1.040  0.480  1         0.00000  0
 1.040  0.500  1         0.00000  0
 1.040  0.520  1         0.00000  0
 1.040  0.540  1         0.00000  0
 1.040  0.560  1         0.00000  0
 1.040  0.580  1         0.00000  0
 1.040  0.600  1         0.00000  0
 1.060 -0.060 -1         0.00000  0
 1.060 -0.040 -1         0.00000  0
 1.060 -0.020 -1         0.00000  0
 1.060  0.000 -1         0.00000  0
 1.060  0.020 -1         0.00000  0
 1.060  0.040 -1         0.00000  0
 1.060  0.060 -1         0.00000  0
 1.060  0.080 -1         0.00000  0
 1.060  0.100 -1         0.00000  0
 1.060  0.120 -1         0.00000  0
 1.060  0.140 -1         0.00000  0
 1.060  0.160 -1         0.00000  0
 1.060  0.180 -1         0.00000  0
 1.060  0.200 -1         0.00000  0
 1.060  0.220 -1         0.00000  0
 1.060  0.240 -1         0.00000  0
 1.060  0.260 -1         0.00000  0
 1.060  0.280 -1         0.00000  0
 1.060  0.300 -1         0.00000  0
 1.060  0.320 -1         0.00000  0
 1.060  0.340 -1         0.00000  0
 1.060  0.360 -1         0.00000  0
 1.060  0.380 -1         0.00000  0
 1.060  0.400 -1         0.00000  0
 1.060  0.420 -1         0.00000  0
 1.060  0.440 -1         0.00000  0
 1.060  0.460 -1         0.00000  0
 1.060  0.480 -1         0.00000  0
 1.060  0.500 -1         0.00000  0
 1.060  0.520 -1         0.00000  0
 1.060  0.540 -1         0.00000  0
 1.060  0.560 -1         0.00000  0
 1.060  0.580  1         0.00000  0
 1.060  0.600  1         0.00000  0
 1.080 -0.060 -1         0.00000  0
 1.080 -0.040 -1         0.00000  0
 1.080 -0.020 -1         0.00000  0
 1.080  0.000 -1         0.00000  0
 1.080  0.020 -1         0.00000  0
 1.080  0.040 -1         0.00000  0
 1.080  0.060 -1         0.00000  0
 1.080  0.080 -1         0.00000  0
 1.080  0.100 -1         0.00000  0
 1.080  0.120 -1         0.00000  0
 1.080  0.140 -1         0.00000  0
 1.080  0.160 -1         0.00000  0
 1.080  0.180 -1         0.00000  0
 1.080  0.200 -1         0.00000  0
 1.080  0.220 -1         0.00000  0
 1.080  0.240 -1         0.00000  0
 1.080  0.260 -1         0.00000  0
 1.080  0.280 -1         0.00000  0
 1.080  0.300 -1         0.00000  0
 1.080  0.320 -1         0.00000  0
 1.080  0.340 -1         0.00000  0
 1.080  0.360 -1         0.00000  0
 1.080  0.380 -1         0.00000  0
 1.080  0.400 -1         0.00000  0
 1.080  0.420 -1         0.00000  0
 1.080  0.440 -1         0.00000  0
 1.080  0.460 -1         0.00000  0
 1.080  0.480 -1         0.00000  0
 1.080  0.500 -1         0.00000  0
 1.080  0.520 -1         0.00000  0
 1.080  0.540 -1         0.00000  0
 1.080  0.560 -1         0.00000  0
 1.080  0.580  1         0.00000  0
 1.080  0.600  1         0.00000  0
