-0.060 -0.060 -1         0.00000  0
-0.060 -0.040 -1         0.00000  0
-0.060 -0.020 -1         0.00000  0
-0.060  0.000 -1         0.00000  0
-0.060  0.020 -1         0.00000  0
-0.060  0.040 -1         0.00000  0
-0.060  0.060 -1         0.00000  0
-0.060  0.080 -1         0.00000  0
-0.060  0.100 -1         0.00000  0
-0.060  0.120 -1         0.00000  0
-0.060  0.140 -1         0.00000  0
-0.060  0.160 -1         0.00000  0
-0.060  0.180 -1         0.00000  0
-0.060  0.200 -1         0.00000  0
-0.060  0.220 -1         0.00000  0
-0.060  0.240 -1         0.00000  0
-0.060  0.260 -1         0.00000  0
-0.060  0.280 -1         0.00000  0
-0.060  0.300 -1         0.00000  0
-0.060  0.320 -1         0.00000  0
-0.060  0.340 -1         0.00000  0
-0.060  0.360 -1         0.00000  0
-0.060  0.380 -1         0.00000  0
-0.060  0.400 -1         0.00000  0
-0.060  0.420 -1         0.00000  0
-0.060  0.440 -1         0.00000  0
-0.060  0.460 -1         0.00000  0
-0.060  0.480 -1         0.00000  0
-0.060  0.500 -1         0.00000  0
-0.060  0.520 -1         0.00000  0
-0.060  0.540 -1         0.00000  0
-0.060  0.560 -1         0.00000  0
-0.060  0.580  1         0.00000  0
-0.060  0.600  1         0.00000  0
-0.040 -0.060 -1         0.00000  0
-0.040 -0.040 -1         0.00000  0
-0.040 -0.020 -1         0.00000  0
-0.040  0.000 -1         0.00000  0
-0.040  0.020 -1         0.00000  0
-0.040  0.040 -1         0.00000  0
-0.040  0.060 -1         0.00000  0
-0.040  0.080 -1         0.00000  0
-0.040  0.100 -1         0.00000  0
-0.040  0.120 -1         0.00000  0
-0.040  0.140 -1         0.00000  0
-0.040  0.160 -1         0.00000  0
-0.040  0.180 -1         0.00000  0
-0.040  0.200 -1         0.00000  0
-0.040  0.220 -1         0.00000  0
-0.040  0.240 -1         0.00000  0
-0.040  0.260 -1         0.00000  0
-0.040  0.280 -1         0.00000  0
-0.040  0.300 -1         0.00000  0
-0.040  0.320 -1         0.00000  0
-0.040  0.340 -1         0.00000  0
-0.040  0.360 -1         0.00000  0
-0.040  0.380 -1         0.00000  0
-0.040  0.400 -1         0.00000  0
-0.040  0.420 -1         0.00000  0
-0.040  0.440 -1         0.00000  0
-0.040  0.460 -1         0.00000  0
-0.040  0.480 -1         0.00000  0
-0.040  0.500 -1         0.00000  0
-0.040  0.520 -1         0.00000  0
-0.040  0.540 -1         0.00000  0
-0.040  0.560 -1         0.00000  0
-0.040  0.580  1         0.00000  0
-0.040  0.600  1         0.00000  0
-0.020 -0.060 -1         0.00000  0
-0.020 -0.040 -1         0.00000  0
-0.020 -0.020  1         0.00000  0
-0.020  0.000  1         0.00000  0
-0.020  0.020  1         0.00000  0
-0.020  0.040  1         0.00000  0
-0.020  0.060  1         0.00000  0
-0.020  0.080  1         0.00000  0
-0.020  0.100  1         0.00000  0
-0.020  0.120  1         0.00000  0
-0.020  0.140  1         0.00000  0
-0.020  0.160  1         0.00000  0
-0.020  0.180  1         0.00000  0
-0.020  0.200  1         0.00000  0
-0.020  0.220  1         0.00000  0
-0.020  0.240  1         0.00000  0
-0.020  0.260  1         0.00000  0
-0.020  0.280  1         0.00000  0
-0.020  0.300  1         0.00000  0
-0.020  0.320  1         0.00000  0
-0.020  0.340  1         0.00000  0
-0.020  0.360  1         0.00000  0
-0.020  0.380  1         0.00000  0
-0.020  0.400  1         0.00000  0
-0.020  0.420  1         0.00000  0
-0.020  0.440  1         0.00000  0
-0.020  0.460  1         0.00000  0
-0.020  0.480  1         0.00000  0
-0.020  0.500  1         0.00000  0
-0.020  0.520  1         0.00000  0
-0.020  0.540  1         0.00000  0
-0.020  0.560  1         0.00000  0
-0.020  0.580  1         0.00000  0
-0.020  0.600  1         0.00000  0
 0.000 -0.060 -1         0.00000  0
 0.000 -0.040 -1         0.00000  0
 0.000 -0.020  1         0.00000  0
 0.000  0.000  1       208.77097  0
 0.000  0.020  1      1735.13259  0
 0.000  0.040  1         0.00000  0
 0.000  0.060  1         0.00000  0
 0.000  0.080  1        66.49686  0
 0.000  0.100  1         0.00000  0
 0.000  0.120  1         0.00000  0
 0.000  0.140  1         0.00000  0
 0.000  0.160  1         0.00000  0
 0.000  0.180  1         0.00000  0
 0.000  0.200  1         0.00000  0
 0.000  0.220  1         0.00000  0
 0.000  0.240  1         0.00000  0
 0.000  0.260  1         0.00000  0
 0.000  0.280  1         0.00000  0
 0.000  0.300  1         0.00000  0
 0.000  0.320  1         0.00000  0
 0.000  0.340  1         0.00000  0
 0.000  0.360  1         0.00000  0
 0.000  0.380  1         0.00000  0
 0.000  0.400  1         0.00000  0
 0.000  0.420  1         0.00000  0
 0.000  0.440  1         0.00000  0
 0.000  0.460  1         0.00000  0
 0.000  0.480  1         0.00000  0
 0.000  0.500  1         0.00000  0
 0.000  0.520  1         0.00000  0
 0.000  0.540  1         0.00000  0
 0.000  0.560  1         0.00000  0
 0.000  0.580  1         0.00000  0
 0.000  0.600  1         0.00000  0
 0.020 -0.060 -1         0.00000  0
 0.020 -0.040 -1         0.00000  0
 0.020 -0.020  1         0.00000  0
 0.020  0.000  1      2376.05242  0
 0.291  0.023  0       819.69994  0
 0.182  0.047  0         0.00000  0
 0.118  0.157  0         0.00000  0
 0.425  0.035  0         0.00000  0
 0.082  0.088  0         0.00000  0
 0.047  0.101  0         0.00000  0
 0.265  0.049  0         0.00000  0
 0.541  0.140  0         0.00000  0
 0.393  0.022  0         0.00000  0
 0.019  0.019  0       148.66870  0
 0.124  0.123  0         0.00000  0
 0.275  0.072  0         0.00000  0
 0.041  0.048  0      2170.88542  0
 0.076  0.129  0         0.00000  0
 0.032  0.151  0         0.00000  0
 0.333  0.106  0       293.17824  0
 0.258  0.143  0         0.00000  0
 0.030  0.034  0         0.00000  0
 0.103  0.117  0         0.00000  0
 0.016  0.051  0         0.00000  0
 0.099  0.019  0         0.00000  0
 0.149  0.037  0         0.00000  0
 0.073  0.055  0       433.46944  0
 0.227  0.032  0       187.79961  0
 0.350  0.091  0         0.00000  0
 0.040 -0.060 -1         0.00000  0
 0.040 -0.040 -1         0.00000  0
 0.040 -0.020  1         0.00000  0
 0.040  0.000  1         0.00000  0
 0.211  0.018  0       271.92731  0
 0.322  0.076  0       251.21067  0
 0.301  0.107  0         0.00000  0
 0.382  0.072  0         0.00000  0
 0.054  0.072  0         0.00000  0
 0.279  0.032  0       802.91709  0
 0.347  0.019  0         0.00000  0
 0.331  0.022  0         0.00000  0
 0.403  0.037  0         0.00000  0
 0.118  0.020  0         0.00000  0
 0.208  0.091  0      1012.85458  0
 0.104  0.095  0       614.24829  0
 0.616  0.147  0         0.00000  0
 0.310  0.065  0      1029.85051  0
 0.436  0.026  0         0.00000  0
 0.240  0.018  0         0.00000  0
 0.275  0.134  0         0.00000  0
 0.204  0.058  0         0.00000  0
 0.183  0.018  0        54.33293  0
 0.016  0.088  0         0.00000  0
 0.182  0.069  0         0.00000  0
 0.167  0.047  0         0.00000  0
 0.146  0.016  0         0.00000  0
 0.033  0.081  0         0.00000  0
 0.197  0.028  0       285.70297  0
 0.060 -0.060 -1         0.00000  0
 0.060 -0.040 -1         0.00000  0
 0.060 -0.020  1         0.00000  0
 0.060  0.000  1         0.00000  0
 0.316  0.038  0      1569.83725  0
 0.151  0.063  0         0.00000  0
 0.279  0.053  0         0.00000  0
 0.269  0.118  0         0.00000  0
 0.455  0.050  0         0.00000  0
 0.658  0.034  0      2636.82671  0
 0.565  0.016  0      1045.56430  0
 0.916  0.096  0         0.00000  0
 0.556  0.031  0         0.00000  0
 0.087  0.061  0         0.00000  0
 0.082  0.105  0         0.00000  0
 0.214  0.146  0         0.00000  0
 0.383  0.050  0         0.00000  0
 0.523  0.119  0         0.00000  0
 0.249  0.090  0       849.39318  0
 0.311  0.018  0         0.00000  0
 0.249  0.036  0      1601.50300  0
 0.400  0.054  0         0.00000  0
 0.268  0.106  0         0.00000  0
 0.031  0.066  0         0.00000  0
 0.043  0.019  0         0.00000  0
 0.167  0.102  0         0.00000  0
 0.212  0.046  0         0.00000  0
 0.132  0.035  0         0.00000  0
 0.303  0.047  0         0.00000  0
 0.080 -0.060 -1         0.00000  0
 0.080 -0.040 -1         0.00000  0
 0.080 -0.020  1         0.00000  0
 0.080  0.000  1         0.00000  0
 0.520  0.140  0         0.00000  0
 0.479  0.094  0       134.13244  0
 0.114  0.101  0       224.92093  0
 0.068  0.074  0         0.00000  0
 0.500  0.134  0         0.00000  0
 0.575  0.076  0       370.50113  0
 0.480  0.047  0         0.00000  0
 0.754  0.143  0         0.00000  0
 0.616  0.097  0         0.00000  0
 0.538  0.064  0         0.00000  0
 0.136  0.070  0         0.00000  0
 0.653  0.133  0         0.00000  0
 0.092  0.034  0         0.00000  0
 0.028  0.108  0         0.00000  0
 0.310  0.142  0         0.00000  0
 0.480  0.027  0       436.77702  0
 0.501  0.045  0         0.00000  0
 0.607  0.057  0         0.00000  0
 0.110  0.042  0         0.00000  0
 0.471  0.105  0         0.00000  0
 0.166  0.121  0         0.00000  0
 0.069  0.016  0       744.05330  0
 0.341  0.045  0         0.00000  0
 0.436  0.067  0         0.00000  0
 0.021  0.121  0         0.00000  0
 0.100 -0.060 -1         0.00000  0
 0.100 -0.040 -1         0.00000  0
 0.100 -0.020  1         0.00000  0
 0.100  0.000  1         0.00000  0
 0.691  0.016  0       556.28076  0
 0.747  0.029  0      2521.46707  0
 0.585  0.059  0         0.00000  0
 0.597  0.081  0         0.00000  0
 0.060  0.150  0         0.00000  0
 0.246  0.066  0         0.00000  0
 0.535  0.083  0       369.20658  0
 0.732  0.140  0         0.00000  0
 0.619  0.034  0      2627.45056  0
 0.592  0.019  0       831.68398  0
 0.358  0.047  0         0.00000  0
 0.116  0.077  0         0.00000  0
 0.768  0.123  0        68.37409  0
 0.438  0.100  0         0.00000  0
 0.462  0.035  0         0.00000  0
 0.624  0.053  0         0.00000  0
 0.348  0.076  0      1055.78212  0
 0.164  0.080  0         0.00000  0
 0.437  0.053  0         0.00000  0
 0.201  0.151  0         0.00000  0
 0.371  0.018  0         0.00000  0
 0.460  0.077  0         0.00000  0
 0.492  0.018  0         0.00000  0
 0.136  0.124  0         0.00000  0
 0.238  0.048  0         0.00000  0
 0.120 -0.060 -1         0.00000  0
 0.120 -0.040 -1         0.00000  0
 0.120 -0.020  1         0.00000  0
 0.120  0.000  1         0.00000  0
 0.741  0.066  0         0.00000  0
 0.716  0.077  0         0.00000  0
 0.889  0.020  0         0.00000  0
 0.959  0.019  0         0.00000  0
 0.950  0.054  0      4225.88640  0
 0.696  0.056  0       755.33464  0
 0.762  0.039  0      1225.95474  0
 0.642  0.078  0         5.79262  0
 0.232  0.093  0         0.00000  0
 0.356  0.123  0         0.00000  0
 0.677  0.089  0        43.68013  0
 0.515  0.018  0       310.05704  0
 0.599  0.141  0         0.00000  0
 0.547  0.096  0         0.00000  0
 0.413  0.017  0       111.37695  0
 0.581  0.033  0         0.00000  0
 0.669  0.054  0         0.00000  0
 0.243  0.133  0         0.00000  0
 0.071  0.033  0         0.00000  0
 0.143  0.087  0         0.00000  0
 0.211  0.163  0         0.00000  0
 0.362  0.067  0      1818.02249  0
 0.419  0.121  0         0.00000  0
 0.419  0.100  0         0.00000  0
 0.290  0.075  0         0.00000  0
 0.140 -0.060 -1         0.00000  0
 0.140 -0.040 -1         0.00000  0
 0.140 -0.020  1         0.00000  0
 0.140  0.000  1      1248.28956  0
 0.782  0.085  0         0.00000  0
 0.910  0.020  0      1663.51273  0
 1.002  0.036  0         0.00000  0
 0.715  0.021  0         0.00000  0
 0.728  0.045  0         0.00000  0
 0.768  0.109  0         0.00000  0
 0.628  0.127  0         0.00000  0
 0.890  0.085  0         0.00000  0
 0.656  0.017  0      4443.79986  0
 0.640  0.108  0         0.00000  0
 0.748  0.109  0         0.00000  0
 0.917  0.052  0         0.00000  0
 0.585  0.102  0         0.00000  0
 0.316  0.152  0         0.00000  0
 0.639  0.024  0         0.00000  0
 0.748  0.055  0         0.00000  0
 0.686  0.101  0         0.00000  0
 0.554  0.110  0      1917.33634  0
 0.486  0.124  0         0.00000  0
 0.659  0.099  0       991.86218  0
 0.454  0.017  0         0.00000  0
 0.330  0.056  0         0.00000  0
 0.565  0.087  0         0.00000  0
 0.197  0.099  0         0.00000  0
 0.295  0.094  0       369.82361  0
 0.160 -0.060 -1         0.00000  0
 0.160 -0.040 -1         0.00000  0
 0.160 -0.020  1         0.00000  0
 0.160  0.000  1         0.00000  0
 0.123  0.054  0       714.43733  0
 0.842  0.026  0      2024.70310  0
 0.398  0.125  0         0.00000  0
 0.661  0.115  0         0.00000  0
 0.809  0.076  0      1589.98042  0
 0.727  0.101  0         0.00000  0
 0.931  0.042  0         0.00000  0
 0.596  0.101  0         0.00000  0
 0.911  0.124  0         0.00000  0
 0.510  0.183  0         0.00000  0
 0.741  0.127  0         0.00000  0
 0.868  0.079  0         0.00000  0
 0.264  0.087  0         0.00000  0
 0.543  0.039  0       583.73724  0
 0.896  0.064  0      1807.85328  0
 0.997  0.017  0      1631.05721  0
 0.765  0.018  0         0.00000  0
 0.715  0.044  0         0.00000  0
 0.789  0.120  0         0.00000  0
 0.688  0.120  0         0.00000  0
 0.507  0.085  0         0.00000  0
 0.578  0.140  0         0.00000  0
 0.699  0.123  0         0.00000  0
 0.209  0.074  0         0.00000  0
 0.552  0.061  0         0.00000  0
 0.180 -0.060 -1         0.00000  0
 0.180 -0.040 -1         0.00000  0
 0.180 -0.020  1         0.00000  0
 0.180  0.000  1      1963.34805  0
 0.521  0.087  0         0.00000  0
 1.001  0.056  0      3756.10465  0
 0.811  0.051  0         0.00000  0
 0.692  0.068  0      2241.35769  0
 0.965  0.059  0         0.00000  0
 0.828  0.103  0         0.00000  0
 0.784  0.028  0      2823.86178  0
 0.844  0.105  0         0.00000  0
 0.521  0.040  0       251.05903  0
 0.653  0.061  0      2431.87026  0
 0.267  0.016  0         0.00000  0
 0.975  0.040  0         0.00000  0
 0.928  0.076  0         0.00000  0
 0.856  0.022  0      1383.18597  0
 0.371  0.035  0      1952.28559  0
 0.231  0.069  0         0.00000  0
 0.421  0.149  0         0.00000  0
 0.705  0.085  0         0.00000  0
 0.060  0.103  0         0.00000  0
 0.767  0.141  0         0.00000  0
 0.694  0.034  0      4894.72474  0
 0.532  0.023  0         0.00000  0
 0.750  0.085  0         0.00000  0
 0.403  0.094  0        14.36336  0
 0.665  0.075  0         0.00000  0
 0.200 -0.060 -1         0.00000  0
 0.200 -0.040 -1         0.00000  0
 0.200 -0.020  1         0.00000  0
 0.200  0.000  1         0.00000  0
 0.436  0.123  0      2989.07605  0
 0.611  0.131  0         0.00000  0
 0.982  0.062  0      1409.42044  0
 0.768  0.088  0         0.00000  0
 0.930  0.017  0      2902.21234  0
 0.864  0.059  0      1281.53250  0
 0.940  0.064  0         0.00000  0
 0.361  0.108  0       388.19459  0
 0.389  0.094  0         0.00000  0
 0.446  0.149  0         0.00000  0
 0.634  0.090  0       791.32456  0
 0.577  0.128  0      1814.37486  0
 0.297  0.131  0         0.00000  0
 0.780  0.046  0      1212.32970  0
 0.872  0.020  0      3191.88408  0
 0.503  0.116  0         0.00000  0
 0.870  0.047  0         0.00000  0
 0.832  0.055  0      2261.36938  0
 0.471  0.068  0         0.00000  0
 0.614  0.077  0         0.00000  0
 0.809  0.089  0         0.00000  0
 0.711  0.122  0         0.00000  0
 0.380  0.116  0         0.00000  0
 0.679  0.035  0      1582.28368  0
 0.641  0.047  0      1726.20273  0
 0.220 -0.060 -1         0.00000  0
 0.220 -0.040 -1         0.00000  0
 0.220 -0.020  1         0.00000  0
 0.220  0.000  1         0.00000  0
 0.615  0.017  0       961.30368  0
 0.732  0.086  0      1192.73161  0
 0.562  0.126  0         0.00000  0
 0.991  0.070  0         0.00000  0
 0.835  0.090  0         0.00000  0
 0.372  0.087  0      1239.13580  0
 0.945  0.029  0         0.00000  0
 0.977  0.025  0       513.92306  0
 0.842  0.063  0         0.00000  0
 0.936  0.089  0         0.00000  0
 0.457  0.122  0         0.00000  0
 0.827  0.037  0       876.23135  0
 0.230  0.123  0         0.00000  0
 0.907  0.075  0         0.00000  0
 0.317  0.119  0       275.89312  0
 0.641  0.146  0         0.00000  0
 0.801  0.041  0         0.00000  0
 0.774  0.062  0         0.00000  0
 0.421  0.078  0         0.00000  0
 0.538  0.122  0         0.00000  0
 0.477  0.136  0         0.00000  0
 0.599  0.040  0       363.51419  0
 0.437  0.139  0         0.00000  0
 0.798  0.017  0         0.00000  0
 0.856  0.080  0         0.00000  0
 0.240 -0.060 -1         0.00000  0
 0.240 -0.040 -1         0.00000  0
 0.240 -0.020  1         0.00000  0
 0.240  0.000  1      1019.83858  0
 0.493  0.062  0       212.73163  0
 0.733  0.018  0      4575.53394  0
 0.149  0.101  0         0.00000  0
 0.661  0.146  0         0.00000  0
 0.889  0.047  0       586.90733  0
 0.794  0.073  0         0.00000  0
 0.570  0.053  0       328.07965  0
 0.903  0.038  0      1462.70712  0
 0.870  0.108  0         0.00000  0
 0.165  0.027  0         0.00000  0
 0.056  0.041  0       867.23592  0
 0.233  0.108  0         0.00000  0
 0.409  0.068  0         0.00000  0
 0.332  0.121  0         0.00000  0
 0.029  0.140  0         0.00000  0
 0.515  0.055  0         0.00000  0
 0.451  0.094  0         0.00000  0
 0.195  0.117  0         0.00000  0
 0.065  0.124  0         0.00000  0
 0.377  0.130  0         0.00000  0
 0.823  0.019  0         0.00000  0
 0.106  0.064  0         0.00000  0
 0.493  0.081  0         0.00000  0
 0.182  0.086  0         0.00000  0
 0.315  0.091  0       607.70059  0
 0.260 -0.060 -1         0.00000  0
 0.260 -0.040 -1         0.00000  0
 0.260 -0.020  1         0.00000  0
 0.260  0.000  1      3615.96034  0
 0.280 -0.060 -1         0.00000  0
 0.280 -0.040 -1         0.00000  0
 0.280 -0.020  1         0.00000  0
 0.280  0.000  1       276.03826  0
 0.300 -0.060 -1         0.00000  0
 0.300 -0.040 -1         0.00000  0
 0.300 -0.020  1         0.00000  0
 0.300  0.000  1         0.00000  0
 0.320 -0.060 -1         0.00000  0
 0.320 -0.040 -1         0.00000  0
 0.320 -0.020  1         0.00000  0
 0.320  0.000  1      2669.99925  0
 0.340 -0.060 -1         0.00000  0
 0.340 -0.040 -1         0.00000  0
 0.340 -0.020  1         0.00000  0
 0.340  0.000  1      1584.91634  0
 0.360 -0.060 -1         0.00000  0
 0.360 -0.040 -1         0.00000  0
 0.360 -0.020  1         0.00000  0
 0.360  0.000  1      2008.89073  0
 0.380 -0.060 -1         0.00000  0
 0.380 -0.040 -1         0.00000  0
 0.380 -0.020  1         0.00000  0
 0.380  0.000  1       869.10426  0
 0.400 -0.060 -1         0.00000  0
 0.400 -0.040 -1         0.00000  0
 0.400 -0.020  1         0.00000  0
 0.400  0.000  1       540.61688  0
 0.420 -0.060 -1         0.00000  0
 0.420 -0.040 -1         0.00000  0
 0.420 -0.020  1         0.00000  0
 0.420  0.000  1      1242.47239  0
 0.440 -0.060 -1         0.00000  0
 0.440 -0.040 -1         0.00000  0
 0.440 -0.020  1         0.00000  0
 0.440  0.000  1         0.00000  0
 0.460 -0.060 -1         0.00000  0
 0.460 -0.040 -1         0.00000  0
 0.460 -0.020  1         0.00000  0
 0.460  0.000  1         0.00000  0
 0.480 -0.060 -1         0.00000  0
 0.480 -0.040 -1         0.00000  0
 0.480 -0.020  1         0.00000  0
 0.480  0.000  1         0.00000  0
 0.500 -0.060 -1         0.00000  0
 0.500 -0.040 -1         0.00000  0
 0.500 -0.020  1         0.00000  0
 0.500  0.000  1       608.49770  0
 0.520 -0.060 -1         0.00000  0
 0.520 -0.040 -1         0.00000  0
 0.520 -0.020  1         0.00000  0
 0.520  0.000  1       488.79746  0
 0.540 -0.060 -1         0.00000  0
 0.540 -0.040 -1         0.00000  0
 0.540 -0.020  1         0.00000  0
 0.540  0.000  1         0.00000  0
 0.560 -0.060 -1         0.00000  0
 0.560 -0.040 -1         0.00000  0
 0.560 -0.020  1         0.00000  0
 0.560  0.000  1       489.26016  0
 0.580 -0.060 -1         0.00000  0
 0.580 -0.040 -1         0.00000  0
 0.580 -0.020  1         0.00000  0
 0.580  0.000  1       979.20797  0
 0.600 -0.060 -1         0.00000  0
 0.600 -0.040 -1         0.00000  0
 0.600 -0.020  1         0.00000  0
 0.600  0.000  1       342.75623  0
 0.620 -0.060 -1         0.00000  0
 0.620 -0.040 -1         0.00000  0
 0.620 -0.020  1         0.00000  0
 0.620  0.000  1      1806.39202  0
 0.640 -0.060 -1         0.00000  0
 0.640 -0.040 -1         0.00000  0
 0.640 -0.020  1         0.00000  0
 0.640  0.000  1         0.00000  0
 0.660 -0.060 -1         0.00000  0
 0.660 -0.040 -1         0.00000  0
 0.660 -0.020  1         0.00000  0
 0.660  0.000  1      3190.53795  0
 0.680 -0.060 -1         0.00000  0
 0.680 -0.040 -1         0.00000  0
 0.680 -0.020  1         0.00000  0
 0.680  0.000  1         0.00000  0
 0.700 -0.060 -1         0.00000  0
 0.700 -0.040 -1         0.00000  0
 0.700 -0.020  1         0.00000  0
 0.700  0.000  1      3653.83850  0
 0.720 -0.060 -1         0.00000  0
 0.720 -0.040 -1         0.00000  0
 0.720 -0.020  1         0.00000  0
 0.720  0.000  1      1967.09046  0
 0.740 -0.060 -1         0.00000  0
 0.740 -0.040 -1         0.00000  0
 0.740 -0.020  1         0.00000  0
 0.740  0.000  1      5198.23799  0
 0.760 -0.060 -1         0.00000  0
 0.760 -0.040 -1         0.00000  0
 0.760 -0.020  1         0.00000  0
 0.760  0.000  1         0.00000  0
 0.780 -0.060 -1         0.00000  0
 0.780 -0.040 -1         0.00000  0
 0.780 -0.020  1         0.00000  0
 0.780  0.000  1         0.00000  0
 0.800 -0.060 -1         0.00000  0
 0.800 -0.040 -1         0.00000  0
 0.800 -0.020  1         0.00000  0
 0.800  0.000  1      3323.30089  0
 0.820 -0.060 -1         0.00000  0
 0.820 -0.040 -1         0.00000  0
 0.820 -0.020  1         0.00000  0
 0.820  0.000  1         0.00000  0
 0.840 -0.060 -1         0.00000  0
 0.840 -0.040 -1         0.00000  0
 0.840 -0.020  1         0.00000  0
 0.840  0.000  1         0.00000  0
 0.860 -0.060 -1         0.00000  0
 0.860 -0.040 -1         0.00000  0
 0.860 -0.020  1         0.00000  0
 0.860  0.000  1         0.00000  0
 0.880 -0.060 -1         0.00000  0
 0.880 -0.040 -1         0.00000  0
 0.880 -0.020  1         0.00000  0
 0.880  0.000  1      2457.41813  0
 0.900 -0.060 -1         0.00000  0
 0.900 -0.040 -1         0.00000  0
 0.900 -0.020  1         0.00000  0
 0.900  0.000  1      2352.95198  0
 0.920 -0.060 -1         0.00000  0
 0.920 -0.040 -1         0.00000  0
 0.920 -0.020  1         0.00000  0
 0.920  0.000  1      2796.43535  0
 0.940 -0.060 -1         0.00000  0
 0.940 -0.040 -1         0.00000  0
 0.940 -0.020  1         0.00000  0
 0.940  0.000  1      3688.86995  0
 0.960 -0.060 -1         0.00000  0
 0.960 -0.040 -1         0.00000  0
 0.960 -0.020  1         0.00000  0
 0.960  0.000  1       232.15351  0
 0.980 -0.060 -1         0.00000  0
 0.980 -0.040 -1         0.00000  0
 0.980 -0.020  1         0.00000  0
 0.980  0.000  1         0.00000  0
 1.000 -0.060 -1         0.00000  0
 1.000 -0.040 -1         0.00000  0
 1.000 -0.020  1         0.00000  0
 1.000  0.000  1      3893.76136  0
 1.020 -0.060 -1         0.00000  0
 1.020 -0.040 -1         0.00000  0
 1.020 -0.020  1         0.00000  0
 1.020  0.000  1         0.00000  0
 1.020  0.020  1         0.00000  0
 1.020  0.040  1      1273.56325  0
 1.020  0.060  1         0.00000  0
 1.020  0.080  1         0.00000  0
 1.020  0.100  1         0.00000  0
 1.020  0.120  1         0.00000  0
 1.020  0.140  1         0.00000  0
 1.020  0.160  1         0.00000  0
 1.020  0.180  1         0.00000  0
 1.020  0.200  1         0.00000  0
 1.020  0.220  1         0.00000  0
 1.020  0.240  1         0.00000  0
 1.020  0.260  1         0.00000  0
 1.020  0.280  1         0.00000  0
 1.020  0.300  1         0.00000  0
 1.020  0.320  1         0.00000  0
 1.020  0.340  1         0.00000  0
 1.020  0.360  1         0.00000  0
 1.020  0.380  1         0.00000  0
 1.020  0.400  1         0.00000  0
 1.020  0.420  1         0.00000  0
 1.020  0.440  1         0.00000  0
 1.020  0.460  1         0.00000  0
 1.020  0.480  1         0.00000  0
 1.020  0.500  1         0.00000  0
 1.020  0.520  1         0.00000  0
 1.020  0.540  1         0.00000  0
 1.020  0.560  1         0.00000  0
 1.020  0.580  1         0.00000  0
 1.020  0.600  1         0.00000  0
 1.040 -0.060 -1         0.00000  0
 1.040 -0.040 -1         0.00000  0
 1.040 -0.020  1         0.00000  0
 1.040  0.000  1         0.00000  0
 1.040  0.020  1         0.00000  0
 1.040  0.040  1         0.00000  0
 1.040  0.060  1         0.00000  0
 1.040  0.080  1         0.00000  0
 1.040  0.100  1         0.00000  0
 1.040  0.120  1         0.00000  0
 1.040  0.140  1         0.00000  0
 1.040  0.160  1         0.00000  0
 1.040  0.180  1         0.00000  0
 1.040  0.200  1         0.00000  0
 1.040  0.220  1         0.00000  0
 1.040  0.240  1         0.00000  0
 1.040  0.260  1         0.00000  0
 1.040  0.280  1         0.00000  0
 1.040  0.300  1         0.00000  0
 1.040  0.320  1         0.00000  0
 1.040  0.340  1         0.00000  0
 1.040  0.360  1         0.00000  0
 1.040  0.380  1         0.00000  0
 1.040  0.400  1         0.00000  0
 1.040  0.420  1         0.00000  0
 1.040  0.440  1         0.00000  0
 1.040  0.460  1         0.00000  0
 1.040  0.480  1         0.00000  0
 1.040  0.500  1         0.00000  0
 1.040  0.520  1         0.00000  0
 1.040  0.540  1         0.00000  0
 1.040  0.560  1         0.00000  0
 1.040  0.580  1         0.00000  0
 1.040  0.600  1         0.00000  0
 1.060 -0.060 -1         0.00000  0
 1.060 -0.040 -1         0.00000  0
 1.060 -0.020 -1         0.00000  0
 1.060  0.000 -1         0.00000  0
 1.060  0.020 -1         0.00000  0
 1.060  0.040 -1         0.00000  0
 1.060  0.060 -1         0.00000  0
 1.060  0.080 -1         0.00000  0
 1.060  0.100 -1         0.00000  0
 1.060  0.120 -1         0.00000  0
 1.060  0.140 -1         0.00000  0
 1.060  0.160 -1         0.00000  0
 1.060  0.180 -1         0.00000  0
 1.060  0.200 -1         0.00000  0
 1.060  0.220 -1         0.00000  0
 1.060  0.240 -1         0.00000  0
 1.060  0.260 -1         0.00000  0
 1.060  0.280 -1         0.00000  0
 1.060  0.300 -1         0.00000  0
 1.060  0.320 -1         0.00000  0
 1.060  0.340 -1         0.00000  0
 1.060  0.360 -1         0.00000  0
 1.060  0.380 -1         0.00000  0
 1.060  0.400 -1         0.00000  0
 1.060  0.420 -1         0.00000  0
 1.060  0.440 -1         0.00000  0
 1.060  0.460 -1         0.00000  0
 1.060  0.480 -1         0.00000  0
 1.060  0.500 -1         0.00000  0
 1.060  0.520 -1         0.00000  0
 1.060  0.540 -1         0.00000  0
 1.060  0.560 -1         0.00000  0
 1.060  0.580  1         0.00000  0
 1.060  0.600  1         0.00000  0
 1.080 -0.060 -1         0.00000  0
 1.080 -0.040 -1         0.00000  0
 1.080 -0.020 -1         0.00000  0
 1.080  0.000 -1         0.00000  0
 1.080  0.020 -1         0.00000  0
 1.080  0.040 -1         0.00000  0
 1.080  0.060 -1         0.00000  0
 1.080  0.080 -1         0.00000  0
 1.080  0.100 -1         0.00000  0
 1.080  0.120 -1         0.00000  0
 1.080  0.140 -1         0.00000  0
 1.080  0.160 -1         0.00000  0
 1.080  0.180 -1         0.00000  0
 1.080  0.200 -1         0.00000  0
 1.080  0.220 -1         0.00000  0
 1.080  0.240 -1         0.00000  0
 1.080  0.260 -1         0.00000  0
 1.080  0.280 -1         0.00000  0
 1.080  0.300 -1         0.00000  0
 1.080  0.320 -1         0.00000  0
 1.080  0.340 -1         0.00000  0
 1.080  0.360 -1         0.00000  0
 1.080  0.380 -1         0.00000  0
 1.080  0.400 -1         0.00000  0
 1.080  0.420 -1         0.00000  0
 1.080  0.440 -1         0.00000  0
 1.080  0.460 -1         0.00000  0
 1.080  0.480 -1         0.00000  0
 1.080  0.500 -1         0.00000  0
 1.080  0.520 -1         0.00000  0
 1.080  0.540 -1         0.00000  0
 1.080  0.560 -1         0.00000  0
 1.080  0.580  1         0.00000  0
 1.080  0.600  1         0.00000  0
