-0.075 -0.075 -1         0.00000  0
-0.075 -0.050 -1         0.00000  0
-0.075 -0.025 -1         0.00000  0
-0.075  0.000 -1         0.00000  0
-0.075  0.025 -1         0.00000  0
-0.075  0.050 -1         0.00000  0
-0.075  0.075 -1         0.00000  0
-0.075  0.100 -1         0.00000  0
-0.075  0.125 -1         0.00000  0
-0.075  0.150 -1         0.00000  0
-0.075  0.175 -1         0.00000  0
-0.075  0.200 -1         0.00000  0
-0.075  0.225 -1         0.00000  0
-0.075  0.250 -1         0.00000  0
-0.075  0.275 -1         0.00000  0
-0.075  0.300 -1         0.00000  0
-0.075  0.325 -1         0.00000  0
-0.075  0.350 -1         0.00000  0
-0.075  0.375 -1         0.00000  0
-0.075  0.400 -1         0.00000  0
-0.075  0.425 -1         0.00000  0
-0.075  0.450 -1         0.00000  0
-0.075  0.475 -1         0.00000  0
-0.075  0.500 -1         0.00000  0
-0.075  0.525 -1         0.00000  0
-0.075  0.550 -1         0.00000  0
-0.075  0.575  1         0.00000  0
-0.075  0.600  1         0.00000  0
-0.050 -0.075 -1         0.00000  0
-0.050 -0.050 -1         0.00000  0
-0.050 -0.025 -1         0.00000  0
-0.050  0.000 -1         0.00000  0
-0.050  0.025 -1         0.00000  0
-0.050  0.050 -1         0.00000  0
-0.050  0.075 -1         0.00000  0
-0.050  0.100 -1         0.00000  0
-0.050  0.125 -1         0.00000  0
-0.050  0.150 -1         0.00000  0
-0.050  0.175 -1         0.00000  0
-0.050  0.200 -1         0.00000  0
-0.050  0.225 -1         0.00000  0
-0.050  0.250 -1         0.00000  0
-0.050  0.275 -1         0.00000  0
-0.050  0.300 -1         0.00000  0
-0.050  0.325 -1         0.00000  0
-0.050  0.350 -1         0.00000  0
-0.050  0.375 -1         0.00000  0
-0.050  0.400 -1         0.00000  0
-0.050  0.425 -1         0.00000  0
-0.050  0.450 -1         0.00000  0
-0.050  0.475 -1         0.00000  0
-0.050  0.500 -1         0.00000  0
-0.050  0.525 -1         0.00000  0
-0.050  0.550 -1         0.00000  0
-0.050  0.575  1         0.00000  0
-0.050  0.600  1         0.00000  0
-0.025 -0.075 -1         0.00000  0
-0.025 -0.050 -1         0.00000  0
-0.025 -0.025  1         0.00000  0
-0.025  0.000  1         0.00000  0
-0.025  0.025  1         0.00000  0
-0.025  0.050  1         0.00000  0
-0.025  0.075  1         0.00000  0
-0.025  0.100  1         0.00000  0
-0.025  0.125  1         0.00000  0
-0.025  0.150  1         0.00000  0
-0.025  0.175  1         0.00000  0
-0.025  0.200  1         0.00000  0
-0.025  0.225  1         0.00000  0
-0.025  0.250  1         0.00000  0
-0.025  0.275  1         0.00000  0
-0.025  0.300  1         0.00000  0
-0.025  0.325  1         0.00000  0
-0.025  0.350  1         0.00000  0
-0.025  0.375  1         0.00000  0
-0.025  0.400  1         0.00000  0
-0.025  0.425  1         0.00000  0
-0.025  0.450  1         0.00000  0
-0.025  0.475  1         0.00000  0
-0.025  0.500  1         0.00000  0
-0.025  0.525  1         0.00000  0
-0.025  0.550  1         0.00000  0
-0.025  0.575  1         0.00000  0
-0.025  0.600  1         0.00000  0
 0.000 -0.075 -1         0.00000  0
 0.000 -0.050 -1         0.00000  0
 0.000 -0.025  1         0.00000  0
 0.000  0.000  1         0.00000  0
 0.000  0.025  1         0.00000  0
 0.000  0.050  1         0.00000  0
 0.000  0.075  1         0.00000  0
 0.000  0.100  1         0.00000  0
 0.000  0.125  1         0.00000  0
 0.000  0.150  1         0.00000  0
 0.000  0.175  1         0.00000  0
 0.000  0.200  1         0.00000  0
 0.000  0.225  1         0.00000  0
 0.000  0.250  1         0.00000  0
 0.000  0.275  1         0.00000  0
 0.000  0.300  1         0.00000  0
 0.000  0.325  1         0.00000  0
 0.000  0.350  1         0.00000  0
 0.000  0.375  1         0.00000  0
 0.000  0.400  1         0.00000  0
 0.000  0.425  1         0.00000  0
 0.000  0.450  1         0.00000  0
 0.000  0.475  1         0.00000  0
 0.000  0.500  1         0.00000  0
 0.000  0.525  1         0.00000  0
 0.000  0.550  1         0.00000  0
 0.000  0.575  1         0.00000  0
 0.000  0.600  1         0.00000  0
 0.025 -0.075 -1         0.00000  0
 0.025 -0.050 -1         0.00000  0
 0.025 -0.025  1         0.00000  0
 0.025  0.000  1         0.00000  0
 0.121  0.107  0         0.00000  0
 0.122  0.698  0         0.00000  0
 0.565  0.024  0         0.00000  0
 0.775  0.889  0         0.00000  0
 0.044  0.028  0         0.00000  0
 0.354  1.936  0         0.00000  0
 0.114  0.034  0         0.00000  0
 0.428  0.568  0         0.00000  0
-1.899  0.404  0         0.00000  0
 4.339 ******  0         0.00000  0
-1.447 -7.528  0         0.00000  0
-2.244 -0.731  0         0.00000  0
 0.033  0.088  0         0.00000  0
 2.798  1.031  0         0.00000  0
 0.057  0.250  0         0.00000  0
 0.102  0.116  0         0.00000  0
 0.245  0.144  0         0.00000  0
****** ******  0         0.00000  0
 3.762 -1.272  0         0.00000  0
-1.561  2.493  0         0.00000  0
 0.050 -0.075 -1         0.00000  0
 0.050 -0.050 -1         0.00000  0
 0.050 -0.025  1         0.00000  0
 0.050  0.000  1         0.00000  0
58.830 22.419  0         0.00000  0
 0.349  0.700  0         0.00000  0
 2.615 -0.408  0         0.00000  0
-2.323 -4.986  0         0.00000  0
 0.396 -0.119  0         0.00000  0
 0.264  0.528  0         0.00000  0
-0.659  1.490  0         0.00000  0
 4.826  7.299  0         0.00000  0
 0.376  0.025  0         0.00000  0
 0.143  0.134  0         0.00000  0
 0.110  0.458  0         0.00000  0
 5.607  3.436  0         0.00000  0
 0.053  0.153  0         0.00000  1
 0.741  0.457  0         0.00000  0
 0.054  0.160  0         0.00000  1
-4.885 12.849  0         0.00000  0
 0.091  0.558  0         0.00000  0
 0.127  0.048  0         0.00000  0
 0.230  0.083  0         0.00000  0
 0.202  0.419  0         0.00000  0
 0.075 -0.075 -1         0.00000  0
 0.075 -0.050 -1         0.00000  0
 0.075 -0.025  1         0.00000  0
 0.075  0.000  1         0.00000  0
 0.380  0.044  0         0.00000  0
****** ******  0         0.00000  0
-0.087 -0.742  0         0.00000  0
 0.363  0.054  0         0.00000  0
 0.558  0.088  0         0.00000  0
 0.467  0.025  0         0.00000  0
 4.257 15.441  0         0.00000  0
-4.464 23.359  0         0.00000  0
 0.382  0.163  0         0.00000  0
 0.373  0.449  0         0.00000  0
 0.709  0.156  0         0.00000  0
 0.386  0.260  0         0.00000  0
 0.554  0.034  0         0.00000  0
-0.867  1.357  0         0.00000  0
 1.024  0.437  0     52707.91003  0
 0.229  0.726  0         0.00000  0
 1.512  7.976  0         0.00000  0
****** ******  0         0.00000  0
 0.733  0.141  0         0.00000  0
11.292  7.734  0         0.00000  0
 0.100 -0.075 -1         0.00000  0
 0.100 -0.050 -1         0.00000  0
 0.100 -0.025  1         0.00000  0
 0.100  0.000  1         0.00000  0
 0.848  0.031  0         0.00000  0
 0.786  0.244  0         0.00000  0
 1.398  0.205  0         0.00000  0
 0.735  0.183  0         0.00000  0
 0.719  0.088  0         0.00000  0
 3.560  2.278  0         0.00000  0
 0.696  1.467  0         0.00000  0
 0.835  0.123  0         0.00000  1
-0.942  2.448  0         0.00000  0
-5.168 -3.131  0         0.00000  0
 0.834  0.112  0         0.00000  1
 0.663  0.178  0         0.00000  0
-0.485 -0.565  0         0.00000  0
 0.133  0.337  0         0.00000  0
 0.739  0.162  0         0.00000  0
****** ******  0         0.00000  0
-6.998 ******  0         0.00000  0
-4.631 -7.964  0         0.00000  0
 3.091 ******  0         0.00000  0
18.791  2.561  0         0.00000  0
 0.125 -0.075 -1         0.00000  0
 0.125 -0.050 -1         0.00000  0
 0.125 -0.025  1         0.00000  0
 0.125  0.000  1         0.00000  0
 0.768  0.126  0         0.00000  1
 0.923  0.089  0     16710.39142  1
 0.951  0.022  0         0.00000  0
 0.873  0.095  0         0.00000  0
 3.339 10.445  0         0.00000  0
 0.927  0.077  0         0.00000  1
 1.005  0.023  0     37959.63322  0
 0.987  0.024  0     28770.97557  0
 1.004  0.335  0         0.00000  0
 0.933  0.027  0         0.00000  0
 0.865  0.040  0         0.00000  0
 0.350  0.108  0         0.00000  0
 0.784  0.031  0         0.00000  0
 0.914  0.108  0         0.00000  0
 0.474  0.275  0         0.00000  0
-0.864  2.098  0         0.00000  0
 2.136  2.589  0         0.00000  0
 0.509  0.056  0         0.00000  0
 0.812  0.038  0         0.00000  0
-8.602  4.880  0         0.00000  0
 0.150 -0.075 -1         0.00000  0
 0.150 -0.050 -1         0.00000  0
 0.150 -0.025  1         0.00000  0
 0.150  0.000  1         0.00000  0
 0.948  0.337  0         0.00000  0
 0.819  0.105  0         0.00000  0
 0.299 -5.799  0         0.00000  0
 0.666  0.372  0         0.00000  0
-0.038  1.296  0         0.00000  0
 9.718 ******  0         0.00000  0
 1.000  0.048  0         0.00000  0
 0.945 -0.010  0     79997.17938  1
-1.202  2.070  0         0.00000  0
 0.818  0.161  0         0.00000  0
 0.866  0.151  0         0.00000  0
****** ******  0         0.00000  0
 0.776  0.134  0         0.00000  1
****** -6.790  0         0.00000  0
 0.998  1.911  0         0.00000  0
-0.688  1.263  0         0.00000  0
****** ******  0         0.00000  0
 6.213 -5.591  0         0.00000  0
 0.748  0.146  0         0.00000  0
 0.903  0.124  0         0.00000  0
 0.175 -0.075 -1         0.00000  0
 0.175 -0.050 -1         0.00000  0
 0.175 -0.025  1         0.00000  0
 0.175  0.000  1         0.00000  0
****** 30.531  0         0.00000  0
15.652 -5.014  0         0.00000  0
 2.973  2.673  0         0.00000  0
****** 30.096  0         0.00000  0
 0.764  0.090  0         0.00000  0
 0.998  0.373  0         0.00000  0
 0.529  0.541  0         0.00000  0
 0.939  0.142  0         0.00000  1
 0.674 -0.089  0         0.00000  0
****** -5.836  0         0.00000  0
-4.529  1.768  0         0.00000  0
 0.967  0.104  0         0.00000  0
 0.813  0.198  0         0.00000  0
****** ******  0         0.00000  0
48.776 19.566  0         0.00000  0
13.566 57.534  0         0.00000  0
 0.939  0.109  0         0.00000  0
 0.718  0.508  0         0.00000  0
 0.874  0.021  0         0.00000  0
 0.912  0.187  0         0.00000  0
 0.200 -0.075 -1         0.00000  0
 0.200 -0.050 -1         0.00000  0
 0.200 -0.025  1         0.00000  0
 0.200  0.000  1         0.00000  0
 0.611  0.298  0         0.00000  0
 0.991  0.109  0         0.00000  0
 0.985  0.535  0         0.00000  0
 0.809  0.515  0         0.00000  0
 0.598  2.780  0         0.00000  0
 1.007  0.075  0     14635.75305  0
 0.325  0.067  0         0.00000  0
 1.580  6.083  0         0.00000  0
29.946 20.914  0         0.00000  0
 1.235  3.989  0         0.00000  0
 0.982  0.372  0         0.00000  0
 0.873  0.077  0         0.00000  0
 0.887  0.260  0         0.00000  0
 0.896  0.148  0         0.00000  0
-1.145  0.734  0         0.00000  0
 0.865  0.294  0         0.00000  0
 0.904  0.307  0         0.00000  0
 0.063  2.180  0         0.00000  0
39.007  6.761  0         0.00000  0
****** ******  0         0.00000  0
 0.225 -0.075 -1         0.00000  0
 0.225 -0.050 -1         0.00000  0
 0.225 -0.025  1         0.00000  0
 0.225  0.000  1         0.00000  0
 0.941  0.302  0         0.00000  0
 0.569  0.050  0         0.00000  0
 0.494  0.356  0         0.00000  0
 0.530  0.167  0         0.00000  0
 6.800 -0.964  0         0.00000  0
 0.660  0.839  0         0.00000  0
 1.292  2.607  0         0.00000  0
 0.983  0.357  0         0.00000  0
 3.644  3.958  0         0.00000  0
 0.839  0.258  0         0.00000  0
 0.481  0.041  0         0.00000  0
 0.026  0.235  0         0.00000  0
 0.566 -1.878  0         0.00000  0
 0.783  0.514  0         0.00000  0
 0.162  0.312  0         0.00000  0
 0.613  1.014  0         0.00000  0
 0.940  0.130  0      1618.24043  1
-4.581  0.142  0         0.00000  0
 0.483  0.176  0         0.00000  0
 2.045 -3.150  0         0.00000  0
 0.250 -0.075 -1         0.00000  0
 0.250 -0.050 -1         0.00000  0
 0.250 -0.025  1         0.00000  0
 0.250  0.000  1         0.00000  0
 0.785  0.630  0         0.00000  0
 0.873  0.759  0         0.00000  0
 0.705  0.183  0         0.00000  0
 0.790  0.293  0         0.00000  0
 0.994  0.088  0         0.00000  0
 0.575  0.349  0         0.00000  0
 0.696  0.112  0         0.00000  0
 0.805  0.742  0         0.00000  0
 0.401  0.479  0         0.00000  0
 2.283 -3.908  0         0.00000  0
****** ******  0         0.00000  0
-5.490 -3.512  0         0.00000  0
 1.212  0.573  0         0.00000  0
 0.967  0.286  0         0.00000  0
 8.589  4.199  0         0.00000  0
 0.804  0.152  0         0.00000  0
 0.791  0.576  0         0.00000  0
 0.955  0.234  0         0.00000  0
 0.794  0.547  0         0.00000  0
****** ******  0         0.00000  0
 0.275 -0.075 -1         0.00000  0
 0.275 -0.050 -1         0.00000  0
 0.275 -0.025  1         0.00000  0
 0.275  0.000  1         0.00000  0
 0.300 -0.075 -1         0.00000  0
 0.300 -0.050 -1         0.00000  0
 0.300 -0.025  1         0.00000  0
 0.300  0.000  1         0.00000  0
 0.325 -0.075 -1         0.00000  0
 0.325 -0.050 -1         0.00000  0
 0.325 -0.025  1         0.00000  0
 0.325  0.000  1         0.00000  0
 0.350 -0.075 -1         0.00000  0
 0.350 -0.050 -1         0.00000  0
 0.350 -0.025  1         0.00000  0
 0.350  0.000  1         0.00000  0
 0.375 -0.075 -1         0.00000  0
 0.375 -0.050 -1         0.00000  0
 0.375 -0.025  1         0.00000  0
 0.375  0.000  1         0.00000  0
 0.400 -0.075 -1         0.00000  0
 0.400 -0.050 -1         0.00000  0
 0.400 -0.025  1         0.00000  0
 0.400  0.000  1         0.00000  0
 0.425 -0.075 -1         0.00000  0
 0.425 -0.050 -1         0.00000  0
 0.425 -0.025  1         0.00000  0
 0.425  0.000  1         0.00000  0
 0.450 -0.075 -1         0.00000  0
 0.450 -0.050 -1         0.00000  0
 0.450 -0.025  1         0.00000  0
 0.450  0.000  1         0.00000  0
 0.475 -0.075 -1         0.00000  0
 0.475 -0.050 -1         0.00000  0
 0.475 -0.025  1         0.00000  0
 0.475  0.000  1         0.00000  0
 0.500 -0.075 -1         0.00000  0
 0.500 -0.050 -1         0.00000  0
 0.500 -0.025  1         0.00000  0
 0.500  0.000  1         0.00000  0
 0.525 -0.075 -1         0.00000  0
 0.525 -0.050 -1         0.00000  0
 0.525 -0.025  1         0.00000  0
 0.525  0.000  1         0.00000  0
 0.550 -0.075 -1         0.00000  0
 0.550 -0.050 -1         0.00000  0
 0.550 -0.025  1         0.00000  0
 0.550  0.000  1         0.00000  0
 0.575 -0.075 -1         0.00000  0
 0.575 -0.050 -1         0.00000  0
 0.575 -0.025  1         0.00000  0
 0.575  0.000  1         0.00000  0
 0.600 -0.075 -1         0.00000  0
 0.600 -0.050 -1         0.00000  0
 0.600 -0.025  1         0.00000  0
 0.600  0.000  1         0.00000  0
 0.625 -0.075 -1         0.00000  0
 0.625 -0.050 -1         0.00000  0
 0.625 -0.025  1         0.00000  0
 0.625  0.000  1         0.00000  0
 0.650 -0.075 -1         0.00000  0
 0.650 -0.050 -1         0.00000  0
 0.650 -0.025  1         0.00000  0
 0.650  0.000  1         0.00000  0
 0.675 -0.075 -1         0.00000  0
 0.675 -0.050 -1         0.00000  0
 0.675 -0.025  1         0.00000  0
 0.675  0.000  1         0.00000  0
 0.700 -0.075 -1         0.00000  0
 0.700 -0.050 -1         0.00000  0
 0.700 -0.025  1         0.00000  0
 0.700  0.000  1         0.00000  0
 0.725 -0.075 -1         0.00000  0
 0.725 -0.050 -1         0.00000  0
 0.725 -0.025  1         0.00000  0
 0.725  0.000  1         0.00000  0
 0.750 -0.075 -1         0.00000  0
 0.750 -0.050 -1         0.00000  0
 0.750 -0.025  1         0.00000  0
 0.750  0.000  1         0.00000  0
 0.775 -0.075 -1         0.00000  0
 0.775 -0.050 -1         0.00000  0
 0.775 -0.025  1         0.00000  0
 0.775  0.000  1         0.00000  0
 0.800 -0.075 -1         0.00000  0
 0.800 -0.050 -1         0.00000  0
 0.800 -0.025  1         0.00000  0
 0.800  0.000  1         0.00000  0
 0.825 -0.075 -1         0.00000  0
 0.825 -0.050 -1         0.00000  0
 0.825 -0.025  1         0.00000  0
 0.825  0.000  1         0.00000  0
 0.850 -0.075 -1         0.00000  0
 0.850 -0.050 -1         0.00000  0
 0.850 -0.025  1         0.00000  0
 0.850  0.000  1         0.00000  0
 0.875 -0.075 -1         0.00000  0
 0.875 -0.050 -1         0.00000  0
 0.875 -0.025  1         0.00000  0
 0.875  0.000  1        18.77835  0
 0.900 -0.075 -1         0.00000  0
 0.900 -0.050 -1         0.00000  0
 0.900 -0.025  1         0.00000  0
 0.900  0.000  1         0.00000  0
 0.925 -0.075 -1         0.00000  0
 0.925 -0.050 -1         0.00000  0
 0.925 -0.025  1         0.00000  0
 0.925  0.000  1     27117.85259  0
 0.950 -0.075 -1         0.00000  0
 0.950 -0.050 -1         0.00000  0
 0.950 -0.025  1     65701.44117  1
 0.950  0.000  1     61948.42180  0
 0.975 -0.075 -1         0.00000  0
 0.975 -0.050 -1         0.00000  0
 0.975 -0.025  1         0.00000  0
 0.975  0.000  1     36836.63943  0
 1.000 -0.075 -1         0.00000  0
 1.000 -0.050 -1         0.00000  0
 1.000 -0.025  1         0.00000  0
 1.000  0.000  1     30899.10112  0
 1.025 -0.075 -1         0.00000  0
 1.025 -0.050 -1         0.00000  0
 1.025 -0.025  1         0.00000  0
 1.025  0.000  1     18719.93234  0
 1.025  0.025  1     25230.02030  0
 1.025  0.050  1     17763.06116  0
 1.025  0.075  1     19535.57653  0
 1.025  0.100  1         0.00000  0
 1.025  0.125  1         0.00000  0
 1.025  0.150  1         0.00000  0
 1.025  0.175  1         0.00000  0
 1.025  0.200  1         0.00000  0
 1.025  0.225  1         0.00000  0
 1.025  0.250  1         0.00000  0
 1.025  0.275  1         0.00000  0
 1.025  0.300  1         0.00000  0
 1.025  0.325  1         0.00000  0
 1.025  0.350  1         0.00000  0
 1.025  0.375  1         0.00000  0
 1.025  0.400  1         0.00000  0
 1.025  0.425  1     35125.70094  0
 1.025  0.450  1     36819.35547  0
 1.025  0.475  1         0.00000  0
 1.025  0.500  1         0.00000  0
 1.025  0.525  1         0.00000  0
 1.025  0.550  1         0.00000  0
 1.025  0.575  1         0.00000  0
 1.025  0.600  1         0.00000  0
 1.050 -0.075 -1         0.00000  0
 1.050 -0.050 -1         0.00000  0
 1.050 -0.025  1         0.00000  0
 1.050  0.000  1         0.00000  0
 1.050  0.025  1         0.00000  0
 1.050  0.050  1         0.00000  0
 1.050  0.075  1         0.00000  0
 1.050  0.100  1         0.00000  0
 1.050  0.125  1         0.00000  0
 1.050  0.150  1         0.00000  0
 1.050  0.175  1         0.00000  0
 1.050  0.200  1         0.00000  0
 1.050  0.225  1         0.00000  0
 1.050  0.250  1         0.00000  0
 1.050  0.275  1         0.00000  0
 1.050  0.300  1         0.00000  0
 1.050  0.325  1         0.00000  0
 1.050  0.350  1         0.00000  0
 1.050  0.375  1         0.00000  0
 1.050  0.400  1         0.00000  0
 1.050  0.425  1         0.00000  0
 1.050  0.450  1         0.00000  0
 1.050  0.475  1         0.00000  0
 1.050  0.500  1         0.00000  0
 1.050  0.525  1         0.00000  0
 1.050  0.550  1         0.00000  0
 1.050  0.575  1         0.00000  0
 1.050  0.600  1         0.00000  0
 1.075 -0.075 -1         0.00000  0
 1.075 -0.050 -1         0.00000  0
 1.075 -0.025 -1         0.00000  0
 1.075  0.000 -1         0.00000  0
 1.075  0.025 -1         0.00000  0
 1.075  0.050 -1         0.00000  0
 1.075  0.075 -1         0.00000  0
 1.075  0.100 -1         0.00000  0
 1.075  0.125 -1         0.00000  0
 1.075  0.150 -1         0.00000  0
 1.075  0.175 -1         0.00000  0
 1.075  0.200 -1         0.00000  0
 1.075  0.225 -1         0.00000  0
 1.075  0.250 -1         0.00000  0
 1.075  0.275 -1         0.00000  0
 1.075  0.300 -1         0.00000  0
 1.075  0.325 -1         0.00000  0
 1.075  0.350 -1         0.00000  0
 1.075  0.375 -1         0.00000  0
 1.075  0.400 -1         0.00000  0
 1.075  0.425 -1         0.00000  0
 1.075  0.450 -1         0.00000  0
 1.075  0.475 -1         0.00000  0
 1.075  0.500 -1         0.00000  0
 1.075  0.525 -1         0.00000  0
 1.075  0.550 -1         0.00000  0
 1.075  0.575  1         0.00000  0
 1.075  0.600  1         0.00000  0
 1.100 -0.075 -1         0.00000  0
 1.100 -0.050 -1         0.00000  0
 1.100 -0.025 -1         0.00000  0
 1.100  0.000 -1         0.00000  0
 1.100  0.025 -1         0.00000  0
 1.100  0.050 -1         0.00000  0
 1.100  0.075 -1         0.00000  0
 1.100  0.100 -1         0.00000  0
 1.100  0.125 -1         0.00000  0
 1.100  0.150 -1         0.00000  0
 1.100  0.175 -1         0.00000  0
 1.100  0.200 -1         0.00000  0
 1.100  0.225 -1         0.00000  0
 1.100  0.250 -1         0.00000  0
 1.100  0.275 -1         0.00000  0
 1.100  0.300 -1         0.00000  0
 1.100  0.325 -1         0.00000  0
 1.100  0.350 -1         0.00000  0
 1.100  0.375 -1         0.00000  0
 1.100  0.400 -1         0.00000  0
 1.100  0.425 -1         0.00000  0
 1.100  0.450 -1         0.00000  0
 1.100  0.475 -1         0.00000  0
 1.100  0.500 -1         0.00000  0
 1.100  0.525 -1         0.00000  0
 1.100  0.550 -1         0.00000  0
 1.100  0.575  1         0.00000  0
 1.100  0.600  1         0.00000  0
