-0.060 -0.060 -1         0.00000  0
-0.060 -0.040 -1         0.00000  0
-0.060 -0.020 -1         0.00000  0
-0.060  0.000 -1         0.00000  0
-0.060  0.020 -1         0.00000  0
-0.060  0.040 -1         0.00000  0
-0.060  0.060 -1         0.00000  0
-0.060  0.080 -1         0.00000  0
-0.060  0.100 -1         0.00000  0
-0.060  0.120 -1         0.00000  0
-0.060  0.140 -1         0.00000  0
-0.060  0.160 -1         0.00000  0
-0.060  0.180 -1         0.00000  0
-0.060  0.200 -1         0.00000  0
-0.060  0.220 -1         0.00000  0
-0.060  0.240 -1         0.00000  0
-0.060  0.260 -1         0.00000  0
-0.060  0.280 -1         0.00000  0
-0.060  0.300 -1         0.00000  0
-0.060  0.320 -1         0.00000  0
-0.060  0.340 -1         0.00000  0
-0.060  0.360 -1         0.00000  0
-0.060  0.380 -1         0.00000  0
-0.060  0.400 -1         0.00000  0
-0.060  0.420 -1         0.00000  0
-0.060  0.440 -1         0.00000  0
-0.060  0.460 -1         0.00000  0
-0.060  0.480 -1         0.00000  0
-0.060  0.500 -1         0.00000  0
-0.060  0.520 -1         0.00000  0
-0.060  0.540 -1         0.00000  0
-0.060  0.560 -1         0.00000  0
-0.060  0.580  1         0.00000  0
-0.060  0.600  1         0.00000  0
-0.040 -0.060 -1         0.00000  0
-0.040 -0.040 -1         0.00000  0
-0.040 -0.020 -1         0.00000  0
-0.040  0.000 -1         0.00000  0
-0.040  0.020 -1         0.00000  0
-0.040  0.040 -1         0.00000  0
-0.040  0.060 -1         0.00000  0
-0.040  0.080 -1         0.00000  0
-0.040  0.100 -1         0.00000  0
-0.040  0.120 -1         0.00000  0
-0.040  0.140 -1         0.00000  0
-0.040  0.160 -1         0.00000  0
-0.040  0.180 -1         0.00000  0
-0.040  0.200 -1         0.00000  0
-0.040  0.220 -1         0.00000  0
-0.040  0.240 -1         0.00000  0
-0.040  0.260 -1         0.00000  0
-0.040  0.280 -1         0.00000  0
-0.040  0.300 -1         0.00000  0
-0.040  0.320 -1         0.00000  0
-0.040  0.340 -1         0.00000  0
-0.040  0.360 -1         0.00000  0
-0.040  0.380 -1         0.00000  0
-0.040  0.400 -1         0.00000  0
-0.040  0.420 -1         0.00000  0
-0.040  0.440 -1         0.00000  0
-0.040  0.460 -1         0.00000  0
-0.040  0.480 -1         0.00000  0
-0.040  0.500 -1         0.00000  0
-0.040  0.520 -1         0.00000  0
-0.040  0.540 -1         0.00000  0
-0.040  0.560 -1         0.00000  0
-0.040  0.580  1         0.00000  0
-0.040  0.600  1         0.00000  0
-0.020 -0.060 -1         0.00000  0
-0.020 -0.040 -1         0.00000  0
-0.020 -0.020  1         0.00000  0
-0.020  0.000  1         0.00000  0
-0.020  0.020  1         0.00000  0
-0.020  0.040  1         0.00000  0
-0.020  0.060  1         0.00000  0
-0.020  0.080  1         0.00000  0
-0.020  0.100  1         0.00000  0
-0.020  0.120  1         0.00000  0
-0.020  0.140  1         0.00000  0
-0.020  0.160  1         0.00000  0
-0.020  0.180  1         0.00000  0
-0.020  0.200  1         0.00000  0
-0.020  0.220  1         0.00000  0
-0.020  0.240  1         0.00000  0
-0.020  0.260  1         0.00000  0
-0.020  0.280  1         0.00000  0
-0.020  0.300  1         0.00000  0
-0.020  0.320  1         0.00000  0
-0.020  0.340  1         0.00000  0
-0.020  0.360  1         0.00000  0
-0.020  0.380  1         0.00000  0
-0.020  0.400  1         0.00000  0
-0.020  0.420  1         0.00000  0
-0.020  0.440  1         0.00000  0
-0.020  0.460  1         0.00000  0
-0.020  0.480  1         0.00000  0
-0.020  0.500  1         0.00000  0
-0.020  0.520  1         0.00000  0
-0.020  0.540  1         0.00000  0
-0.020  0.560  1         0.00000  0
-0.020  0.580  1         0.00000  0
-0.020  0.600  1         0.00000  0
 0.000 -0.060 -1         0.00000  0
 0.000 -0.040 -1         0.00000  0
 0.000 -0.020  1         0.00000  0
 0.000  0.000  1         0.00000  0
 0.000  0.020  1      3786.77778  0
 0.000  0.040  1      2584.49769  0
 0.000  0.060  1       190.71317  0
 0.000  0.080  1      5804.06344  0
 0.000  0.100  1      3883.99859  0
 0.000  0.120  1         0.00000  0
 0.000  0.140  1       165.12698  0
 0.000  0.160  1         0.00000  0
 0.000  0.180  1         0.00000  0
 0.000  0.200  1         0.00000  0
 0.000  0.220  1         0.00000  0
 0.000  0.240  1         0.00000  0
 0.000  0.260  1         0.00000  0
 0.000  0.280  1         0.00000  0
 0.000  0.300  1         0.00000  0
 0.000  0.320  1         0.00000  0
 0.000  0.340  1         0.00000  0
 0.000  0.360  1         0.00000  0
 0.000  0.380  1         0.00000  0
 0.000  0.400  1         0.00000  0
 0.000  0.420  1         0.00000  0
 0.000  0.440  1         0.00000  0
 0.000  0.460  1         0.00000  0
 0.000  0.480  1         0.00000  0
 0.000  0.500  1         0.00000  0
 0.000  0.520  1         0.00000  0
 0.000  0.540  1         0.00000  0
 0.000  0.560  1         0.00000  0
 0.000  0.580  1         0.00000  0
 0.000  0.600  1         0.00000  0
 0.020 -0.060 -1         0.00000  0
 0.020 -0.040 -1         0.00000  0
 0.020 -0.020  1         0.00000  0
 0.020  0.000  1         0.00000  0
 0.175  0.017  0      1440.87321  0
 0.138  0.094  0        99.69972  0
 0.017  0.079  0         0.00000  0
 0.245  0.016  0         0.00000  0
 0.019  0.100  0      1117.34059  0
 0.018  0.134  0      2482.79610  0
 0.141  0.052  0       127.84455  0
 0.412  0.035  0         0.00000  0
 0.321  0.019  0      1832.60600  0
 0.018  0.024  0      1734.44595  0
 0.027  0.217  0         0.00000  0
 0.196  0.065  0      1134.20819  0
 0.069  0.043  0         0.00000  0
 0.056  0.147  0         0.00000  0
 0.022  0.173  0      4775.16046  0
 0.231  0.064  0         0.00000  0
 0.212  0.033  0         0.00000  0
 0.035  0.017  0      2186.87617  0
 0.062  0.125  0       452.71666  0
 0.017  0.049  0      4032.69627  0
 0.076  0.080  0         0.00000  0
 0.055  0.103  0         0.00000  0
 0.044  0.124  0         0.00000  0
 0.147  0.017  0       266.43392  0
 0.108  0.225  0         0.00000  0
 0.040 -0.060 -1         0.00000  0
 0.040 -0.040 -1         0.00000  0
 0.040 -0.020  1         0.00000  0
 0.040  0.000  1      4501.21005  0
 0.133  0.032  0         0.00000  0
 0.205  0.017  0      4885.15584  0
 0.173  0.069  0       155.25718  0
 0.212  0.080  0      1688.42260  0
 0.057  0.087  0       951.62277  0
 0.229  0.025  0      1994.15708  0
 0.262  0.035  0         0.00000  0
 0.296  0.039  0         0.00000  0
 0.249  0.047  0      1907.96994  0
 0.124  0.020  0         0.00000  0
 0.054  0.251  0         0.00000  0
 0.022  0.154  0      2860.94308  0
 0.174  0.222  0         0.00000  0
 0.214  0.061  0       442.99669  0
 0.404  0.051  0         0.00000  0
 0.163  0.032  0      2228.88616  0
 0.076  0.167  0         0.00000  0
 0.129  0.064  0         0.00000  0
 0.084  0.028  0      2930.41878  0
 0.031  0.060  0       271.88973  0
 0.110  0.299  0         0.00000  0
 0.099  0.019  0       813.52737  0
 0.051  0.058  0        90.92794  0
 0.039  0.041  0       583.98761  0
 0.102  0.037  0         0.00000  0
 0.060 -0.060 -1         0.00000  0
 0.060 -0.040 -1         0.00000  0
 0.060 -0.020  1         0.00000  0
 0.060  0.000  1      2895.74682  0
 0.281  0.037  0         0.00000  0
 0.038  0.097  0         0.00000  0
 0.193  0.048  0         0.00000  0
 0.183  0.195  0         0.00000  0
 0.281  0.065  0         0.00000  0
 0.623  0.079  0         0.00000  0
 0.528  0.018  0      2701.41819  0
 0.249  0.140  0         0.00000  0
 0.396  0.018  0      1124.73537  0
 0.107  0.064  0         0.00000  0
 0.106  0.161  0         0.00000  0
 0.195  0.183  0         0.00000  0
 0.302  0.104  0         0.00000  0
 0.467  0.077  0         0.00000  0
 0.167  0.118  0         0.00000  0
 0.295  0.017  0      2795.06744  0
 0.167  0.046  0      1425.25577  0
 0.233  0.042  0       241.64005  0
 0.106  0.192  0         0.00000  0
 0.043  0.075  0      2226.40040  0
 0.051  0.029  0         0.00000  0
 0.124  0.158  0         0.00000  0
 0.116  0.050  0      3045.50132  0
 0.105  0.086  0         0.00000  0
 0.189  0.032  0         0.00000  0
 0.080 -0.060 -1         0.00000  0
 0.080 -0.040 -1         0.00000  0
 0.080 -0.020  1         0.00000  0
 0.080  0.000  1         0.00000  0
 0.365  0.054  0      1564.20785  0
 0.338  0.042  0         0.00000  0
 0.064  0.180  0         0.00000  0
 0.096  0.119  0         0.00000  0
 0.378  0.091  0         0.00000  0
 0.493  0.041  0       934.93499  0
 0.329  0.085  0         0.00000  0
 0.527  0.034  0      3257.91160  0
 0.505  0.017  0      1911.30472  0
 0.475  0.085  0         0.00000  0
 0.115  0.109  0         0.00000  0
 0.494  0.075  0         0.00000  0
 0.067  0.016  0       473.31961  0
 0.045  0.167  0         0.00000  0
 0.157  0.196  0         0.00000  0
 0.390  0.036  0       313.51010  0
 0.320  0.054  0      1593.03881  0
 0.430  0.016  0       751.30652  0
 0.130  0.115  0       435.15457  0
 0.353  0.069  0         0.00000  0
 0.076  0.131  0         0.00000  0
 0.142  0.126  0         0.00000  0
 0.273  0.020  0         0.00000  0
 0.335  0.068  0         0.00000  0
 0.037  0.195  0         0.00000  0
 0.100 -0.060 -1         0.00000  0
 0.100 -0.040 -1         0.00000  0
 0.100 -0.020  1         0.00000  0
 0.100  0.000  1         0.00000  0
 0.636  0.018  0       884.83013  0
 0.765  0.017  0         0.00000  0
 0.592  0.021  0         0.00000  0
 0.511  0.043  0       582.11258  0
 0.055  0.189  0       520.35926  0
 0.194  0.090  0         0.00000  0
 0.420  0.086  0         0.00000  0
 0.675  0.068  0         0.00000  0
 0.558  0.042  0         0.00000  0
 0.571  0.019  0      1552.46154  0
 0.249  0.076  0       511.13655  0
 0.026  0.118  0      2118.70368  0
 0.541  0.068  0      3208.96556  0
 0.331  0.098  0         0.00000  0
 0.372  0.079  0         0.00000  0
 0.467  0.041  0         0.00000  0
 0.147  0.200  0         0.00000  0
 0.158  0.140  0       172.03030  0
 0.359  0.098  0         0.00000  0
 0.182  0.178  0         0.00000  0
 0.315  0.036  0         0.00000  0
 0.374  0.116  0         0.00000  0
 0.340  0.021  0      1267.17763  0
 0.022  0.187  0      3337.09021  0
 0.157  0.100  0         0.00000  0
 0.120 -0.060 -1         0.00000  0
 0.120 -0.040 -1         0.00000  0
 0.120 -0.020  1         0.00000  0
 0.120  0.000  1         0.00000  0
 0.680  0.048  0         0.00000  0
 0.658  0.079  0         0.00000  0
 0.881  0.021  0      1351.00301  0
 0.944  0.040  0       953.13641  0
 0.856  0.054  0         0.00000  0
 0.704  0.018  0         0.00000  0
 0.767  0.054  0      1235.15842  0
 0.601  0.043  0      1254.38119  0
 0.171  0.156  0         0.00000  0
 0.240  0.137  0      1667.96409  0
 0.610  0.018  0       702.49204  0
 0.359  0.021  0         0.00000  0
 0.484  0.100  0         0.00000  0
 0.429  0.033  0       467.12293  0
 0.357  0.042  0      1929.09343  0
 0.487  0.026  0       662.84027  0
 0.659  0.095  0         0.00000  0
 0.259  0.119  0      1172.05049  0
 0.129  0.139  0         0.00000  0
 0.219  0.120  0         0.00000  0
 0.149  0.173  0         0.00000  0
 0.258  0.064  0       269.74150  0
 0.256  0.172  0         0.00000  0
 0.154  0.243  0         0.00000  0
 0.266  0.086  0         0.00000  0
 0.140 -0.060 -1         0.00000  0
 0.140 -0.040 -1         0.00000  0
 0.140 -0.020  1         0.00000  0
 0.140  0.000  1      5638.18849  0
 0.798  0.091  0         0.00000  0
 0.938  0.021  0       863.17516  0
 1.002  0.024  0         0.00000  0
 0.674  0.017  0      1203.55804  0
 0.729  0.017  0        28.89566  0
 0.884  0.056  0         0.00000  0
 0.690  0.105  0         0.00000  0
 0.910  0.015  0         0.00000  0
 0.647  0.043  0         0.00000  0
 0.651  0.024  0      1142.68728  0
 0.750  0.040  0       436.61759  0
 0.874  0.036  0         0.00000  0
 0.570  0.090  0         0.00000  0
 0.229  0.089  0         0.00000  0
 0.599  0.078  0         0.00000  0
 0.749  0.086  0         0.00000  0
 0.516  0.086  0      8429.36605  0
 0.522  0.058  0         0.00000  0
 0.400  0.067  0       845.02928  0
 0.581  0.055  0      1997.39895  0
 0.433  0.055  0         0.00000  0
 0.283  0.077  0         0.00000  0
 0.448  0.049  0         0.00000  0
 0.149  0.151  0         0.00000  0
 0.194  0.138  0         0.00000  0
 0.160 -0.060 -1         0.00000  0
 0.160 -0.040 -1         0.00000  0
 0.160 -0.020  1         0.00000  0
 0.160  0.000  1         0.00000  0
 0.119  0.086  0         0.00000  0
 0.811  0.019  0         0.00000  0
 0.168  0.305  0         0.00000  0
 0.423  0.110  0         0.00000  0
 0.892  0.066  0         0.00000  0
 0.713  0.075  0         0.00000  0
 0.893  0.033  0         0.00000  0
 0.639  0.072  0         0.00000  0
 0.945  0.076  0       825.85488  0
 0.448  0.090  0         0.00000  0
 0.737  0.073  0         0.00000  0
 0.844  0.027  0       950.43366  0
 0.176  0.085  0      3373.22160  0
 0.480  0.053  0         0.00000  0
 0.859  0.020  0      1230.71959  0
 0.986  0.017  0      2151.18990  0
 0.766  0.037  0         0.00000  0
 0.696  0.037  0         0.00000  0
 0.686  0.079  0         0.00000  0
 0.551  0.084  0         0.00000  0
 0.490  0.143  0         0.00000  0
 0.225  0.166  0         0.00000  0
 0.510  0.073  0       738.40241  0
 0.072  0.059  0       578.86146  0
 0.552  0.020  0         0.00000  0
 0.180 -0.060 -1         0.00000  0
 0.180 -0.040 -1         0.00000  0
 0.180 -0.020  1         0.00000  0
 0.180  0.000  1      4342.79027  0
 0.538  0.113  0         0.00000  0
 0.987  0.070  0         0.00000  0
 0.897  0.097  0         0.00000  0
 0.700  0.092  0         0.00000  0
 0.940  0.056  0         0.00000  0
 0.753  0.072  0         0.00000  0
 0.757  0.153  0         0.00000  0
 0.926  0.031  0         0.00000  0
 0.384  0.058  0         0.00000  0
 0.610  0.055  0         0.00000  0
 0.156  0.062  0       588.33150  0
 0.997  0.045  0         0.00000  0
 0.973  0.066  0         0.00000  0
 0.808  0.044  0         0.00000  0
 0.284  0.125  0         0.00000  0
 0.148  0.083  0       613.16797  0
 0.337  0.116  0         0.00000  0
 0.701  0.105  0         0.00000  0
 0.087  0.109  0       550.68636  0
 0.544  0.100  0         0.00000  0
 0.673  0.033  0         0.00000  0
 0.466  0.017  0       340.70042  0
 0.739  0.033  0         0.00000  0
 0.273  0.128  0         0.00000  0
 0.576  0.038  0         0.00000  0
 0.200 -0.060 -1         0.00000  0
 0.200 -0.040 -1         0.00000  0
 0.200 -0.020  1         0.00000  0
 0.200  0.000  1      5255.51912  0
 0.224  0.148  0         0.00000  0
 0.603  0.088  0         0.00000  0
 0.927  0.098  0         0.00000  0
 0.717  0.064  0         0.00000  0
 0.960  0.021  0         0.00000  0
 0.876  0.077  0         0.00000  0
 0.917  0.057  0         0.00000  0
 0.176  0.105  0       818.81965  0
 0.226  0.109  0       671.74855  0
 0.207  0.103  0         0.00000  0
 0.650  0.106  0         0.00000  0
 0.527  0.095  0      4083.66945  0
 0.181  0.132  0         0.00000  0
 0.799  0.058  0         0.00000  0
 0.824  0.054  0         0.00000  0
 0.250  0.104  0         0.00000  0
 0.883  0.103  0         0.00000  0
 0.914  0.097  0         0.00000  0
 0.451  0.026  0         0.00000  0
 0.581  0.071  0       174.15514  0
 0.771  0.093  0         0.00000  0
 0.401  0.084  0         0.00000  0
 0.273  0.102  0         0.00000  0
 0.657  0.061  0         0.00000  0
 0.561  0.067  0      1590.54063  0
 0.220 -0.060 -1         0.00000  0
 0.220 -0.040 -1         0.00000  0
 0.220 -0.020  1         0.00000  0
 0.220  0.000  1         0.00000  0
 0.619  0.036  0         0.00000  0
 0.704  0.049  0         0.00000  0
 0.542  0.049  0      2508.74146  0
 0.958  0.074  0         0.00000  0
 0.875  0.091  0         0.00000  0
 0.015  0.386  0         0.00000  0
 0.966  0.047  0       547.52025  0
 0.973  0.034  0         0.00000  0
 0.909  0.046  0         0.00000  0
 0.997  0.060  0      2009.32888  0
 0.035  0.243  0         0.00000  0
 0.827  0.081  0         0.00000  0
 0.077  0.154  0       660.01265  0
 0.930  0.080  0         0.00000  0
 0.124  0.213  0         0.00000  0
 0.446  0.066  0         0.00000  0
 0.813  0.070  0         0.00000  0
 0.788  0.087  0         0.00000  0
 0.307  0.080  0         0.00000  0
 0.431  0.087  0         0.00000  0
 0.136  0.210  0         0.00000  0
 0.632  0.049  0       780.28694  0
 0.363  0.112  0         0.00000  0
 0.785  0.020  0         0.00000  0
 0.848  0.068  0         0.00000  0
 0.240 -0.060 -1         0.00000  0
 0.240 -0.040 -1         0.00000  0
 0.240 -0.020  1         0.00000  0
 0.240  0.000  1      1031.39776  0
 0.200  0.247  0         0.00000  0
 0.720  0.035  0         0.00000  0
 0.108  0.137  0       572.55217  0
 0.515  0.130  0         0.00000  0
 0.829  0.019  0      1464.39607  0
 0.848  0.083  0         0.00000  0
 0.505  0.115  0         0.00000  0
 0.844  0.047  0         0.00000  0
 0.775  0.065  0         0.00000  0
 0.089  0.055  0         0.00000  0
 0.084  0.091  0        76.70923  0
 0.029  0.373  0         0.00000  0
 0.307  0.065  0      1332.47230  0
 0.126  0.258  0         0.00000  0
 0.097  0.148  0       332.39511  0
 0.378  0.021  0      1370.70007  0
 0.321  0.122  0         0.00000  0
 0.052  0.207  0         0.00000  0
 0.040  0.328  0         0.00000  0
 0.094  0.205  0         0.00000  0
 0.797  0.033  0       328.78488  0
 0.039  0.145  0         0.00000  0
 0.137  0.375  0         0.00000  0
 0.198  0.124  0         0.00000  0
 0.293  0.113  0      2227.70363  0
 0.260 -0.060 -1         0.00000  0
 0.260 -0.040 -1         0.00000  0
 0.260 -0.020  1         0.00000  0
 0.260  0.000  1         0.00000  0
 0.280 -0.060 -1         0.00000  0
 0.280 -0.040 -1         0.00000  0
 0.280 -0.020  1         0.00000  0
 0.280  0.000  1         0.00000  0
 0.300 -0.060 -1         0.00000  0
 0.300 -0.040 -1         0.00000  0
 0.300 -0.020  1         0.00000  0
 0.300  0.000  1      2666.94247  0
 0.320 -0.060 -1         0.00000  0
 0.320 -0.040 -1         0.00000  0
 0.320 -0.020  1         0.00000  0
 0.320  0.000  1         0.00000  0
 0.340 -0.060 -1         0.00000  0
 0.340 -0.040 -1         0.00000  0
 0.340 -0.020  1         0.00000  0
 0.340  0.000  1         0.00000  0
 0.360 -0.060 -1         0.00000  0
 0.360 -0.040 -1         0.00000  0
 0.360 -0.020  1         0.00000  0
 0.360  0.000  1         0.00000  0
 0.380 -0.060 -1         0.00000  0
 0.380 -0.040 -1         0.00000  0
 0.380 -0.020  1         0.00000  0
 0.380  0.000  1      2329.98802  0
 0.400 -0.060 -1         0.00000  0
 0.400 -0.040 -1         0.00000  0
 0.400 -0.020  1         0.00000  0
 0.400  0.000  1         0.00000  0
 0.420 -0.060 -1         0.00000  0
 0.420 -0.040 -1         0.00000  0
 0.420 -0.020  1         0.00000  0
 0.420  0.000  1         0.00000  0
 0.440 -0.060 -1         0.00000  0
 0.440 -0.040 -1         0.00000  0
 0.440 -0.020  1         0.00000  0
 0.440  0.000  1      2096.98177  0
 0.460 -0.060 -1         0.00000  0
 0.460 -0.040 -1         0.00000  0
 0.460 -0.020  1         0.00000  0
 0.460  0.000  1       991.61354  0
 0.480 -0.060 -1         0.00000  0
 0.480 -0.040 -1         0.00000  0
 0.480 -0.020  1         0.00000  0
 0.480  0.000  1         0.00000  0
 0.500 -0.060 -1         0.00000  0
 0.500 -0.040 -1         0.00000  0
 0.500 -0.020  1         0.00000  0
 0.500  0.000  1      1962.34827  0
 0.520 -0.060 -1         0.00000  0
 0.520 -0.040 -1         0.00000  0
 0.520 -0.020  1         0.00000  0
 0.520  0.000  1      6339.14713  0
 0.540 -0.060 -1         0.00000  0
 0.540 -0.040 -1         0.00000  0
 0.540 -0.020  1         0.00000  0
 0.540  0.000  1       873.64032  0
 0.560 -0.060 -1         0.00000  0
 0.560 -0.040 -1         0.00000  0
 0.560 -0.020  1         0.00000  0
 0.560  0.000  1        98.44933  0
 0.580 -0.060 -1         0.00000  0
 0.580 -0.040 -1         0.00000  0
 0.580 -0.020  1         0.00000  0
 0.580  0.000  1      4214.67693  0
 0.600 -0.060 -1         0.00000  0
 0.600 -0.040 -1         0.00000  0
 0.600 -0.020  1         0.00000  0
 0.600  0.000  1      2546.93927  0
 0.620 -0.060 -1         0.00000  0
 0.620 -0.040 -1         0.00000  0
 0.620 -0.020  1         0.00000  0
 0.620  0.000  1      2551.23621  0
 0.640 -0.060 -1         0.00000  0
 0.640 -0.040 -1         0.00000  0
 0.640 -0.020  1         0.00000  0
 0.640  0.000  1      1009.30707  0
 0.660 -0.060 -1         0.00000  0
 0.660 -0.040 -1         0.00000  0
 0.660 -0.020  1         0.00000  0
 0.660  0.000  1       219.74675  0
 0.680 -0.060 -1         0.00000  0
 0.680 -0.040 -1         0.00000  0
 0.680 -0.020  1         0.00000  0
 0.680  0.000  1         0.00000  0
 0.700 -0.060 -1         0.00000  0
 0.700 -0.040 -1         0.00000  0
 0.700 -0.020  1         0.00000  0
 0.700  0.000  1         0.00000  0
 0.720 -0.060 -1         0.00000  0
 0.720 -0.040 -1         0.00000  0
 0.720 -0.020  1         0.00000  0
 0.720  0.000  1       763.61983  0
 0.740 -0.060 -1         0.00000  0
 0.740 -0.040 -1         0.00000  0
 0.740 -0.020  1         0.00000  0
 0.740  0.000  1         0.00000  0
 0.760 -0.060 -1         0.00000  0
 0.760 -0.040 -1         0.00000  0
 0.760 -0.020  1         0.00000  0
 0.760  0.000  1         0.00000  0
 0.780 -0.060 -1         0.00000  0
 0.780 -0.040 -1         0.00000  0
 0.780 -0.020  1         0.00000  0
 0.780  0.000  1      2169.57872  0
 0.800 -0.060 -1         0.00000  0
 0.800 -0.040 -1         0.00000  0
 0.800 -0.020  1         0.00000  0
 0.800  0.000  1         0.00000  0
 0.820 -0.060 -1         0.00000  0
 0.820 -0.040 -1         0.00000  0
 0.820 -0.020  1         0.00000  0
 0.820  0.000  1      1330.38996  0
 0.840 -0.060 -1         0.00000  0
 0.840 -0.040 -1         0.00000  0
 0.840 -0.020  1         0.00000  0
 0.840  0.000  1      1092.82424  0
 0.860 -0.060 -1         0.00000  0
 0.860 -0.040 -1         0.00000  0
 0.860 -0.020  1         0.00000  0
 0.860  0.000  1         0.00000  0
 0.880 -0.060 -1         0.00000  0
 0.880 -0.040 -1         0.00000  0
 0.880 -0.020  1         0.00000  0
 0.880  0.000  1         0.00000  0
 0.900 -0.060 -1         0.00000  0
 0.900 -0.040 -1         0.00000  0
 0.900 -0.020  1         0.00000  0
 0.900  0.000  1         0.00000  0
 0.920 -0.060 -1         0.00000  0
 0.920 -0.040 -1         0.00000  0
 0.920 -0.020  1         0.00000  0
 0.920  0.000  1       321.98401  0
 0.940 -0.060 -1         0.00000  0
 0.940 -0.040 -1         0.00000  0
 0.940 -0.020  1         0.00000  0
 0.940  0.000  1         0.00000  0
 0.960 -0.060 -1         0.00000  0
 0.960 -0.040 -1         0.00000  0
 0.960 -0.020  1         0.00000  0
 0.960  0.000  1         0.00000  0
 0.980 -0.060 -1         0.00000  0
 0.980 -0.040 -1         0.00000  0
 0.980 -0.020  1         0.00000  0
 0.980  0.000  1      1998.89952  0
 1.000 -0.060 -1         0.00000  0
 1.000 -0.040 -1         0.00000  0
 1.000 -0.020  1         0.00000  0
 1.000  0.000  1         0.00000  0
 1.020 -0.060 -1         0.00000  0
 1.020 -0.040 -1         0.00000  0
 1.020 -0.020  1         0.00000  0
 1.020  0.000  1         0.00000  0
 1.020  0.020  1      1297.33664  0
 1.020  0.040  1         0.00000  0
 1.020  0.060  1         0.00000  0
 1.020  0.080  1         0.00000  0
 1.020  0.100  1         0.00000  0
 1.020  0.120  1         0.00000  0
 1.020  0.140  1         0.00000  0
 1.020  0.160  1         0.00000  0
 1.020  0.180  1         0.00000  0
 1.020  0.200  1         0.00000  0
 1.020  0.220  1         0.00000  0
 1.020  0.240  1         0.00000  0
 1.020  0.260  1         0.00000  0
 1.020  0.280  1         0.00000  0
 1.020  0.300  1         0.00000  0
 1.020  0.320  1         0.00000  0
 1.020  0.340  1         0.00000  0
 1.020  0.360  1         0.00000  0
 1.020  0.380  1         0.00000  0
 1.020  0.400  1         0.00000  0
 1.020  0.420  1         0.00000  0
 1.020  0.440  1         0.00000  0
 1.020  0.460  1         0.00000  0
 1.020  0.480  1         0.00000  0
 1.020  0.500  1         0.00000  0
 1.020  0.520  1         0.00000  0
 1.020  0.540  1         0.00000  0
 1.020  0.560  1         0.00000  0
 1.020  0.580  1         0.00000  0
 1.020  0.600  1         0.00000  0
 1.040 -0.060 -1         0.00000  0
 1.040 -0.040 -1         0.00000  0
 1.040 -0.020  1         0.00000  0
 1.040  0.000  1         0.00000  0
 1.040  0.020  1         0.00000  0
 1.040  0.040  1         0.00000  0
 1.040  0.060  1         0.00000  0
 1.040  0.080  1         0.00000  0
 1.040  0.100  1         0.00000  0
 1.040  0.120  1         0.00000  0
 1.040  0.140  1         0.00000  0
 1.040  0.160  1         0.00000  0
 1.040  0.180  1         0.00000  0
 1.040  0.200  1         0.00000  0
 1.040  0.220  1         0.00000  0
 1.040  0.240  1         0.00000  0
 1.040  0.260  1         0.00000  0
 1.040  0.280  1         0.00000  0
 1.040  0.300  1         0.00000  0
 1.040  0.320  1         0.00000  0
 1.040  0.340  1         0.00000  0
 1.040  0.360  1         0.00000  0
 1.040  0.380  1         0.00000  0
 1.040  0.400  1         0.00000  0
 1.040  0.420  1         0.00000  0
 1.040  0.440  1         0.00000  0
 1.040  0.460  1         0.00000  0
 1.040  0.480  1         0.00000  0
 1.040  0.500  1         0.00000  0
 1.040  0.520  1         0.00000  0
 1.040  0.540  1         0.00000  0
 1.040  0.560  1         0.00000  0
 1.040  0.580  1         0.00000  0
 1.040  0.600  1         0.00000  0
 1.060 -0.060 -1         0.00000  0
 1.060 -0.040 -1         0.00000  0
 1.060 -0.020 -1         0.00000  0
 1.060  0.000 -1         0.00000  0
 1.060  0.020 -1         0.00000  0
 1.060  0.040 -1         0.00000  0
 1.060  0.060 -1         0.00000  0
 1.060  0.080 -1         0.00000  0
 1.060  0.100 -1         0.00000  0
 1.060  0.120 -1         0.00000  0
 1.060  0.140 -1         0.00000  0
 1.060  0.160 -1         0.00000  0
 1.060  0.180 -1         0.00000  0
 1.060  0.200 -1         0.00000  0
 1.060  0.220 -1         0.00000  0
 1.060  0.240 -1         0.00000  0
 1.060  0.260 -1         0.00000  0
 1.060  0.280 -1         0.00000  0
 1.060  0.300 -1         0.00000  0
 1.060  0.320 -1         0.00000  0
 1.060  0.340 -1         0.00000  0
 1.060  0.360 -1         0.00000  0
 1.060  0.380 -1         0.00000  0
 1.060  0.400 -1         0.00000  0
 1.060  0.420 -1         0.00000  0
 1.060  0.440 -1         0.00000  0
 1.060  0.460 -1         0.00000  0
 1.060  0.480 -1         0.00000  0
 1.060  0.500 -1         0.00000  0
 1.060  0.520 -1         0.00000  0
 1.060  0.540 -1         0.00000  0
 1.060  0.560 -1         0.00000  0
 1.060  0.580  1         0.00000  0
 1.060  0.600  1         0.00000  0
 1.080 -0.060 -1         0.00000  0
 1.080 -0.040 -1         0.00000  0
 1.080 -0.020 -1         0.00000  0
 1.080  0.000 -1         0.00000  0
 1.080  0.020 -1         0.00000  0
 1.080  0.040 -1         0.00000  0
 1.080  0.060 -1         0.00000  0
 1.080  0.080 -1         0.00000  0
 1.080  0.100 -1         0.00000  0
 1.080  0.120 -1         0.00000  0
 1.080  0.140 -1         0.00000  0
 1.080  0.160 -1         0.00000  0
 1.080  0.180 -1         0.00000  0
 1.080  0.200 -1         0.00000  0
 1.080  0.220 -1         0.00000  0
 1.080  0.240 -1         0.00000  0
 1.080  0.260 -1         0.00000  0
 1.080  0.280 -1         0.00000  0
 1.080  0.300 -1         0.00000  0
 1.080  0.320 -1         0.00000  0
 1.080  0.340 -1         0.00000  0
 1.080  0.360 -1         0.00000  0
 1.080  0.380 -1         0.00000  0
 1.080  0.400 -1         0.00000  0
 1.080  0.420 -1         0.00000  0
 1.080  0.440 -1         0.00000  0
 1.080  0.460 -1         0.00000  0
 1.080  0.480 -1         0.00000  0
 1.080  0.500 -1         0.00000  0
 1.080  0.520 -1         0.00000  0
 1.080  0.540 -1         0.00000  0
 1.080  0.560 -1         0.00000  0
 1.080  0.580  1         0.00000  0
 1.080  0.600  1         0.00000  0
