-0.075 -0.075 -1         0.00000  0
-0.075 -0.050 -1         0.00000  0
-0.075 -0.025 -1         0.00000  0
-0.075  0.000 -1         0.00000  0
-0.075  0.025 -1         0.00000  0
-0.075  0.050 -1         0.00000  0
-0.075  0.075 -1         0.00000  0
-0.075  0.100 -1         0.00000  0
-0.075  0.125 -1         0.00000  0
-0.075  0.150 -1         0.00000  0
-0.075  0.175 -1         0.00000  0
-0.075  0.200 -1         0.00000  0
-0.075  0.225 -1         0.00000  0
-0.075  0.250 -1         0.00000  0
-0.075  0.275 -1         0.00000  0
-0.075  0.300 -1         0.00000  0
-0.075  0.325 -1         0.00000  0
-0.075  0.350 -1         0.00000  0
-0.075  0.375 -1         0.00000  0
-0.075  0.400 -1         0.00000  0
-0.075  0.425 -1         0.00000  0
-0.075  0.450 -1         0.00000  0
-0.075  0.475 -1         0.00000  0
-0.075  0.500 -1         0.00000  0
-0.075  0.525 -1         0.00000  0
-0.075  0.550 -1         0.00000  0
-0.075  0.575  1         0.00000  0
-0.075  0.600  1         0.00000  0
-0.050 -0.075 -1         0.00000  0
-0.050 -0.050 -1         0.00000  0
-0.050 -0.025 -1         0.00000  0
-0.050  0.000 -1         0.00000  0
-0.050  0.025 -1         0.00000  0
-0.050  0.050 -1         0.00000  0
-0.050  0.075 -1         0.00000  0
-0.050  0.100 -1         0.00000  0
-0.050  0.125 -1         0.00000  0
-0.050  0.150 -1         0.00000  0
-0.050  0.175 -1         0.00000  0
-0.050  0.200 -1         0.00000  0
-0.050  0.225 -1         0.00000  0
-0.050  0.250 -1         0.00000  0
-0.050  0.275 -1         0.00000  0
-0.050  0.300 -1         0.00000  0
-0.050  0.325 -1         0.00000  0
-0.050  0.350 -1         0.00000  0
-0.050  0.375 -1         0.00000  0
-0.050  0.400 -1         0.00000  0
-0.050  0.425 -1         0.00000  0
-0.050  0.450 -1         0.00000  0
-0.050  0.475 -1         0.00000  0
-0.050  0.500 -1         0.00000  0
-0.050  0.525 -1         0.00000  0
-0.050  0.550 -1         0.00000  0
-0.050  0.575  1         0.00000  0
-0.050  0.600  1         0.00000  0
-0.025 -0.075 -1         0.00000  0
-0.025 -0.050 -1         0.00000  0
-0.025 -0.025  1         0.00000  0
-0.025  0.000  1         0.00000  0
-0.025  0.025  1         0.00000  0
-0.025  0.050  1         0.00000  0
-0.025  0.075  1         0.00000  0
-0.025  0.100  1         0.00000  0
-0.025  0.125  1         0.00000  0
-0.025  0.150  1         0.00000  0
-0.025  0.175  1         0.00000  0
-0.025  0.200  1         0.00000  0
-0.025  0.225  1         0.00000  0
-0.025  0.250  1         0.00000  0
-0.025  0.275  1         0.00000  0
-0.025  0.300  1         0.00000  0
-0.025  0.325  1         0.00000  0
-0.025  0.350  1         0.00000  0
-0.025  0.375  1         0.00000  0
-0.025  0.400  1         0.00000  0
-0.025  0.425  1         0.00000  0
-0.025  0.450  1         0.00000  0
-0.025  0.475  1         0.00000  0
-0.025  0.500  1         0.00000  0
-0.025  0.525  1         0.00000  0
-0.025  0.550  1         0.00000  0
-0.025  0.575  1         0.00000  0
-0.025  0.600  1         0.00000  0
 0.000 -0.075 -1         0.00000  0
 0.000 -0.050 -1         0.00000  0
 0.000 -0.025  1         0.00000  0
 0.000  0.000  1         0.00000  0
 0.000  0.025  1         0.00000  0
 0.000  0.050  1         0.00000  0
 0.000  0.075  1         0.00000  0
 0.000  0.100  1         0.00000  0
 0.000  0.125  1         0.00000  0
 0.000  0.150  1         0.00000  0
 0.000  0.175  1         0.00000  0
 0.000  0.200  1         0.00000  0
 0.000  0.225  1         0.00000  0
 0.000  0.250  1         0.00000  0
 0.000  0.275  1         0.00000  0
 0.000  0.300  1         0.00000  0
 0.000  0.325  1         0.00000  0
 0.000  0.350  1         0.00000  0
 0.000  0.375  1         0.00000  0
 0.000  0.400  1         0.00000  0
 0.000  0.425  1         0.00000  0
 0.000  0.450  1         0.00000  0
 0.000  0.475  1         0.00000  0
 0.000  0.500  1         0.00000  0
 0.000  0.525  1         0.00000  0
 0.000  0.550  1         0.00000  0
 0.000  0.575  1         0.00000  0
 0.000  0.600  1         0.00000  0
 0.025 -0.075 -1         0.00000  0
 0.025 -0.050 -1         0.00000  0
 0.025 -0.025  1         0.00000  0
 0.025  0.000  1         0.00000  0
 0.880  0.586  0         0.00000  0
-1.055  1.487  0         0.00000  0
****** ******  0         0.00000  0
13.947 34.226  0         0.00000  0
 0.931  0.338  0         0.00000  0
 1.116  7.310  0         0.00000  0
-8.085 ******  0         0.00000  0
 0.813  1.176  0         0.00000  0
******  5.149  0         0.00000  0
46.315 ******  0         0.00000  0
****** ******  0         0.00000  0
****** ******  0         0.00000  0
****** 79.732  0         0.00000  0
33.162 10.512  0         0.00000  0
****** ******  0         0.00000  0
 0.249  0.088  0         0.00000  0
 1.496  0.750  0         0.00000  0
****** ******  0         0.00000  0
53.625 ******  0         0.00000  0
****** 27.696  0         0.00000  0
 0.050 -0.075 -1         0.00000  0
 0.050 -0.050 -1         0.00000  0
 0.050 -0.025  1         0.00000  0
 0.050  0.000  1         0.00000  0
****** ******  0         0.00000  0
-0.108  1.389  0         0.00000  0
54.823 ******  0         0.00000  0
****** ******  0         0.00000  0
-6.126 ******  0         0.00000  0
-0.256  0.664  0         0.00000  0
-9.309 10.836  0         0.00000  0
20.239 31.553  0         0.00000  0
 0.815  4.262  0         0.00000  0
******  0.581  0         0.00000  0
 2.158  0.926  0         0.00000  0
38.138 19.207  0         0.00000  0
 0.271  0.016  0         0.00000  0
-4.912  5.424  0         0.00000  0
 0.162  0.132  0         0.00000  0
****** ******  0         0.00000  0
-1.113  0.762  0         0.00000  0
 1.096  9.599  0         0.00000  0
 8.645  3.578  0         0.00000  0
 0.182  0.479  0         0.00000  0
 0.075 -0.075 -1         0.00000  0
 0.075 -0.050 -1         0.00000  0
 0.075 -0.025  1         0.00000  0
 0.075  0.000  1         0.00000  0
 6.304 ******  0         0.00000  0
****** ******  0         0.00000  0
****** ******  0         0.00000  0
 8.907  8.952  0         0.00000  0
****** 33.240  0         0.00000  0
****** 15.653  0         0.00000  0
17.063 69.272  0         0.00000  0
****** ******  0         0.00000  0
 0.245  0.078  0         0.00000  0
 0.023  0.028  0         0.00000  0
22.821 ******  0         0.00000  0
 0.765  0.342  0         0.00000  0
****** ******  0         0.00000  0
-5.852  4.050  0         0.00000  0
 3.222 ******  0         0.00000  0
-0.543  1.577  0         0.00000  0
10.085 61.373  0         0.00000  0
****** ******  0         0.00000  0
 0.622  0.058  0         0.00000  0
****** ******  0         0.00000  0
 0.100 -0.075 -1         0.00000  0
 0.100 -0.050 -1         0.00000  0
 0.100 -0.025  1         0.00000  0
 0.100  0.000  1         0.00000  0
 0.577  0.022  0         0.00000  0
****** ******  0         0.00000  0
63.293 17.680  0         0.00000  0
 0.783  0.947  0         0.00000  0
****** ******  0         0.00000  0
27.633 18.737  0         0.00000  0
 0.045  4.444  0         0.00000  0
 0.126  0.573  0         0.00000  0
****** 12.601  0         0.00000  0
****** ******  0         0.00000  0
-3.891 30.505  0         0.00000  0
33.395  5.848  0         0.00000  0
****** ******  0         0.00000  0
****** 11.005  0         0.00000  0
****** ******  0         0.00000  0
****** ******  0         0.00000  0
****** ******  0         0.00000  0
****** ******  0         0.00000  0
11.530 ******  0         0.00000  0
82.595  9.533  0         0.00000  0
 0.125 -0.075 -1         0.00000  0
 0.125 -0.050 -1         0.00000  0
 0.125 -0.025  1         0.00000  0
 0.125  0.000  1         0.00000  0
12.698 ******  0         0.00000  0
****** ******  0         0.00000  0
****** ******  0         0.00000  0
-5.615 -0.437  0         0.00000  0
17.699 67.447  0         0.00000  0
 1.008  0.175  0         0.00000  0
****** ******  0         0.00000  0
****** ******  0         0.00000  0
13.892 77.549  0         0.00000  0
 0.074  0.185  0         0.00000  0
 0.889  0.034  0         0.00000  0
13.224 -6.534  0         0.00000  0
****** ******  0         0.00000  0
****** ******  0         0.00000  0
 0.180  0.023  0         0.00000  0
-4.958  7.521  0         0.00000  0
15.048 22.927  0         0.00000  0
 8.947 ******  0         0.00000  0
****** ******  0         0.00000  0
****** 19.945  0         0.00000  0
 0.150 -0.075 -1         0.00000  0
 0.150 -0.050 -1         0.00000  0
 0.150 -0.025  1         0.00000  0
 0.150  0.000  1         0.00000  0
-0.615  3.341  0         0.00000  0
****** ******  0         0.00000  0
****** ******  0         0.00000  0
-2.163  2.367  0         0.00000  0
-2.928  3.794  0         0.00000  0
56.017 ******  0         0.00000  0
****** ******  0         0.00000  0
 4.197 ******  0         0.00000  0
****** 85.328  0         0.00000  0
******  5.793  0         0.00000  0
-6.917 ******  0         0.00000  0
****** ******  0         0.00000  0
 0.702 11.304  0         0.00000  0
****** ******  0         0.00000  0
 1.973  6.754  0         0.00000  0
-8.432  5.359  0         0.00000  0
****** ******  0         0.00000  0
25.276 ******  0         0.00000  0
 1.055 -5.638  0         0.00000  0
 8.319 ******  0         0.00000  0
 0.175 -0.075 -1         0.00000  0
 0.175 -0.050 -1         0.00000  0
 0.175 -0.025  1         0.00000  0
 0.175  0.000  1         0.00000  0
****** ******  0         0.00000  0
****** ******  0         0.00000  0
11.648 10.103  0         0.00000  0
****** ******  0         0.00000  0
-0.052  4.173  0         0.00000  0
****** ******  0         0.00000  0
-0.036  0.632  0         0.00000  0
 9.687  5.546  0         0.00000  0
****** ******  0         0.00000  0
****** ******  0         0.00000  0
******  8.665  0         0.00000  0
-5.158  4.483  0         0.00000  0
-2.543  3.607  0         0.00000  0
****** ******  0         0.00000  0
****** 86.803  0         0.00000  0
86.729 ******  0         0.00000  0
 0.094  0.213  0         0.00000  0
-0.093  1.262  0         0.00000  0
 1.676  1.668  0         0.00000  0
 6.030 ******  0         0.00000  0
 0.200 -0.075 -1         0.00000  0
 0.200 -0.050 -1         0.00000  0
 0.200 -0.025  1         0.00000  0
 0.200  0.000  1         0.00000  0
****** -1.918  0         0.00000  0
****** ******  0         0.00000  0
-8.708 81.200  0         0.00000  0
61.696 ******  0         0.00000  0
 0.331 10.040  0         0.00000  0
****** -2.118  0         0.00000  0
57.139 ******  0         0.00000  0
19.391 ******  0         0.00000  0
****** 96.498  0         0.00000  0
 4.241 17.810  0         0.00000  0
****** ******  0         0.00000  0
******  9.491  0         0.00000  0
****** ******  0         0.00000  0
******  8.159  0         0.00000  0
******  8.095  0         0.00000  0
 0.971  0.344  0         0.00000  0
****** ******  0         0.00000  0
-4.792 11.904  0         0.00000  0
****** 45.189  0         0.00000  0
****** ******  0         0.00000  0
 0.225 -0.075 -1         0.00000  0
 0.225 -0.050 -1         0.00000  0
 0.225 -0.025  1         0.00000  0
 0.225  0.000  1         0.00000  0
-0.924  7.075  0         0.00000  0
****** ******  0         0.00000  0
 4.635 -0.407  0         0.00000  0
 2.797 19.449  0         0.00000  0
39.498 -9.266  0         0.00000  0
-0.599  2.278  0         0.00000  0
10.369 55.714  0         0.00000  0
****** ******  0         0.00000  0
16.069 17.886  0         0.00000  0
****** 97.956  0         0.00000  0
 3.361  3.824  0         0.00000  0
 0.113  0.090  0         0.00000  0
-7.705 ******  0         0.00000  0
****** ******  0         0.00000  0
 8.995 ******  0         0.00000  0
-0.102  3.627  0         0.00000  0
61.851  1.781  0         0.00000  0
****** -1.376  0         0.00000  0
64.856 -6.656  0         0.00000  0
14.515 ******  0         0.00000  0
 0.250 -0.075 -1         0.00000  0
 0.250 -0.050 -1         0.00000  0
 0.250 -0.025  1         0.00000  0
 0.250  0.000  1         0.00000  0
 7.059 19.253  0         0.00000  0
 0.083  0.033  0         0.00000  0
****** -5.469  0         0.00000  0
 1.705  0.763  0         0.00000  0
 0.212  2.116  0         0.00000  0
****** 20.876  0         0.00000  0
****** ******  0         0.00000  0
 0.248  0.519  0         0.00000  0
 0.225  7.440  0         0.00000  0
13.339 ******  0         0.00000  0
****** ******  0         0.00000  0
****** ******  0         0.00000  0
 1.622 -1.237  0         0.00000  0
 2.406 -7.170  0         0.00000  0
51.820 24.638  0         0.00000  0
****** ******  0         0.00000  0
 0.868  0.336  0         0.00000  0
10.814 ******  0         0.00000  0
 2.473 -0.028  0         0.00000  0
****** ******  0         0.00000  0
 0.275 -0.075 -1         0.00000  0
 0.275 -0.050 -1         0.00000  0
 0.275 -0.025  1         0.00000  0
 0.275  0.000  1       974.62417  0
 0.300 -0.075 -1         0.00000  0
 0.300 -0.050 -1         0.00000  0
 0.300 -0.025  1         0.00000  0
 0.300  0.000  1         0.00000  0
 0.325 -0.075 -1         0.00000  0
 0.325 -0.050 -1         0.00000  0
 0.325 -0.025  1         0.00000  0
 0.325  0.000  1         0.00000  0
 0.350 -0.075 -1         0.00000  0
 0.350 -0.050 -1         0.00000  0
 0.350 -0.025  1         0.00000  0
 0.350  0.000  1         0.00000  0
 0.375 -0.075 -1         0.00000  0
 0.375 -0.050 -1         0.00000  0
 0.375 -0.025  1         0.00000  0
 0.375  0.000  1         0.00000  0
 0.400 -0.075 -1         0.00000  0
 0.400 -0.050 -1         0.00000  0
 0.400 -0.025  1         0.00000  0
 0.400  0.000  1         0.00000  0
 0.425 -0.075 -1         0.00000  0
 0.425 -0.050 -1         0.00000  0
 0.425 -0.025  1         0.00000  0
 0.425  0.000  1         0.00000  0
 0.450 -0.075 -1         0.00000  0
 0.450 -0.050 -1         0.00000  0
 0.450 -0.025  1         0.00000  0
 0.450  0.000  1         0.00000  0
 0.475 -0.075 -1         0.00000  0
 0.475 -0.050 -1         0.00000  0
 0.475 -0.025  1         0.00000  0
 0.475  0.000  1         0.00000  0
 0.500 -0.075 -1         0.00000  0
 0.500 -0.050 -1         0.00000  0
 0.500 -0.025  1         0.00000  0
 0.500  0.000  1         0.00000  0
 0.525 -0.075 -1         0.00000  0
 0.525 -0.050 -1         0.00000  0
 0.525 -0.025  1         0.00000  0
 0.525  0.000  1         0.00000  0
 0.550 -0.075 -1         0.00000  0
 0.550 -0.050 -1         0.00000  0
 0.550 -0.025  1         0.00000  0
 0.550  0.000  1         0.00000  0
 0.575 -0.075 -1         0.00000  0
 0.575 -0.050 -1         0.00000  0
 0.575 -0.025  1         0.00000  0
 0.575  0.000  1         0.00000  0
 0.600 -0.075 -1         0.00000  0
 0.600 -0.050 -1         0.00000  0
 0.600 -0.025  1         0.00000  0
 0.600  0.000  1         0.00000  0
 0.625 -0.075 -1         0.00000  0
 0.625 -0.050 -1         0.00000  0
 0.625 -0.025  1         0.00000  0
 0.625  0.000  1         0.00000  0
 0.650 -0.075 -1         0.00000  0
 0.650 -0.050 -1         0.00000  0
 0.650 -0.025  1         0.00000  0
 0.650  0.000  1         0.00000  0
 0.675 -0.075 -1         0.00000  0
 0.675 -0.050 -1         0.00000  0
 0.675 -0.025  1         0.00000  0
 0.675  0.000  1         0.00000  0
 0.700 -0.075 -1         0.00000  0
 0.700 -0.050 -1         0.00000  0
 0.700 -0.025  1         0.00000  0
 0.700  0.000  1         0.00000  0
 0.725 -0.075 -1         0.00000  0
 0.725 -0.050 -1         0.00000  0
 0.725 -0.025  1         0.00000  0
 0.725  0.000  1         0.00000  0
 0.750 -0.075 -1         0.00000  0
 0.750 -0.050 -1         0.00000  0
 0.750 -0.025  1         0.00000  0
 0.750  0.000  1         0.00000  0
 0.775 -0.075 -1         0.00000  0
 0.775 -0.050 -1         0.00000  0
 0.775 -0.025  1         0.00000  0
 0.775  0.000  1         0.00000  0
 0.800 -0.075 -1         0.00000  0
 0.800 -0.050 -1         0.00000  0
 0.800 -0.025  1         0.00000  0
 0.800  0.000  1         0.00000  0
 0.825 -0.075 -1         0.00000  0
 0.825 -0.050 -1         0.00000  0
 0.825 -0.025  1         0.00000  0
 0.825  0.000  1         0.00000  0
 0.850 -0.075 -1         0.00000  0
 0.850 -0.050 -1         0.00000  0
 0.850 -0.025  1         0.00000  0
 0.850  0.000  1         0.00000  0
 0.875 -0.075 -1         0.00000  0
 0.875 -0.050 -1         0.00000  0
 0.875 -0.025  1         0.00000  0
 0.875  0.000  1         0.00000  0
 0.900 -0.075 -1         0.00000  0
 0.900 -0.050 -1         0.00000  0
 0.900 -0.025  1         0.00000  0
 0.900  0.000  1         0.00000  0
 0.925 -0.075 -1         0.00000  0
 0.925 -0.050 -1         0.00000  0
 0.925 -0.025  1         0.00000  0
 0.925  0.000  1         0.00000  0
 0.950 -0.075 -1         0.00000  0
 0.950 -0.050 -1         0.00000  0
 0.950 -0.025  1         0.00000  0
 0.950  0.000  1         0.00000  0
 0.975 -0.075 -1         0.00000  0
 0.975 -0.050 -1         0.00000  0
 0.975 -0.025  1         0.00000  0
 0.975  0.000  1         0.00000  0
 1.000 -0.075 -1         0.00000  0
 1.000 -0.050 -1         0.00000  0
 1.000 -0.025  1         0.00000  0
 1.000  0.000  1         0.00000  0
 1.025 -0.075 -1         0.00000  0
 1.025 -0.050 -1         0.00000  0
 1.025 -0.025  1         0.00000  0
 1.025  0.000  1         0.00000  0
 1.025  0.025  1         0.00000  0
 1.025  0.050  1         0.00000  0
 1.025  0.075  1         0.00000  0
 1.025  0.100  1         0.00000  0
 1.025  0.125  1         0.00000  0
 1.025  0.150  1         0.00000  0
 1.025  0.175  1         0.00000  0
 1.025  0.200  1         0.00000  0
 1.025  0.225  1         0.00000  0
 1.025  0.250  1         0.00000  0
 1.025  0.275  1         0.00000  0
 1.025  0.300  1         0.00000  0
 1.025  0.325  1         0.00000  0
 1.025  0.350  1         0.00000  0
 1.025  0.375  1         0.00000  0
 1.025  0.400  1         0.00000  0
 1.025  0.425  1         0.00000  0
 1.025  0.450  1         0.00000  0
 1.025  0.475  1         0.00000  0
 1.025  0.500  1         0.00000  0
 1.025  0.525  1         0.00000  0
 1.025  0.550  1         0.00000  0
 1.025  0.575  1         0.00000  0
 1.025  0.600  1         0.00000  0
 1.050 -0.075 -1         0.00000  0
 1.050 -0.050 -1         0.00000  0
 1.050 -0.025  1         0.00000  0
 1.050  0.000  1         0.00000  0
 1.050  0.025  1         0.00000  0
 1.050  0.050  1         0.00000  0
 1.050  0.075  1         0.00000  0
 1.050  0.100  1         0.00000  0
 1.050  0.125  1         0.00000  0
 1.050  0.150  1         0.00000  0
 1.050  0.175  1         0.00000  0
 1.050  0.200  1         0.00000  0
 1.050  0.225  1         0.00000  0
 1.050  0.250  1         0.00000  0
 1.050  0.275  1         0.00000  0
 1.050  0.300  1         0.00000  0
 1.050  0.325  1         0.00000  0
 1.050  0.350  1         0.00000  0
 1.050  0.375  1         0.00000  0
 1.050  0.400  1         0.00000  0
 1.050  0.425  1         0.00000  0
 1.050  0.450  1         0.00000  0
 1.050  0.475  1         0.00000  0
 1.050  0.500  1         0.00000  0
 1.050  0.525  1         0.00000  0
 1.050  0.550  1         0.00000  0
 1.050  0.575  1         0.00000  0
 1.050  0.600  1         0.00000  0
 1.075 -0.075 -1         0.00000  0
 1.075 -0.050 -1         0.00000  0
 1.075 -0.025 -1         0.00000  0
 1.075  0.000 -1         0.00000  0
 1.075  0.025 -1         0.00000  0
 1.075  0.050 -1         0.00000  0
 1.075  0.075 -1         0.00000  0
 1.075  0.100 -1         0.00000  0
 1.075  0.125 -1         0.00000  0
 1.075  0.150 -1         0.00000  0
 1.075  0.175 -1         0.00000  0
 1.075  0.200 -1         0.00000  0
 1.075  0.225 -1         0.00000  0
 1.075  0.250 -1         0.00000  0
 1.075  0.275 -1         0.00000  0
 1.075  0.300 -1         0.00000  0
 1.075  0.325 -1         0.00000  0
 1.075  0.350 -1         0.00000  0
 1.075  0.375 -1         0.00000  0
 1.075  0.400 -1         0.00000  0
 1.075  0.425 -1         0.00000  0
 1.075  0.450 -1         0.00000  0
 1.075  0.475 -1         0.00000  0
 1.075  0.500 -1         0.00000  0
 1.075  0.525 -1         0.00000  0
 1.075  0.550 -1         0.00000  0
 1.075  0.575  1         0.00000  0
 1.075  0.600  1         0.00000  0
 1.100 -0.075 -1         0.00000  0
 1.100 -0.050 -1         0.00000  0
 1.100 -0.025 -1         0.00000  0
 1.100  0.000 -1         0.00000  0
 1.100  0.025 -1         0.00000  0
 1.100  0.050 -1         0.00000  0
 1.100  0.075 -1         0.00000  0
 1.100  0.100 -1         0.00000  0
 1.100  0.125 -1         0.00000  0
 1.100  0.150 -1         0.00000  0
 1.100  0.175 -1         0.00000  0
 1.100  0.200 -1         0.00000  0
 1.100  0.225 -1         0.00000  0
 1.100  0.250 -1         0.00000  0
 1.100  0.275 -1         0.00000  0
 1.100  0.300 -1         0.00000  0
 1.100  0.325 -1         0.00000  0
 1.100  0.350 -1         0.00000  0
 1.100  0.375 -1         0.00000  0
 1.100  0.400 -1         0.00000  0
 1.100  0.425 -1         0.00000  0
 1.100  0.450 -1         0.00000  0
 1.100  0.475 -1         0.00000  0
 1.100  0.500 -1         0.00000  0
 1.100  0.525 -1         0.00000  0
 1.100  0.550 -1         0.00000  0
 1.100  0.575  1         0.00000  0
 1.100  0.600  1         0.00000  0
