-0.060 -0.060 -1         0.00000  0
-0.060 -0.040 -1         0.00000  0
-0.060 -0.020 -1         0.00000  0
-0.060  0.000 -1         0.00000  0
-0.060  0.020 -1         0.00000  0
-0.060  0.040 -1         0.00000  0
-0.060  0.060 -1         0.00000  0
-0.060  0.080 -1         0.00000  0
-0.060  0.100 -1         0.00000  0
-0.060  0.120 -1         0.00000  0
-0.060  0.140 -1         0.00000  0
-0.060  0.160 -1         0.00000  0
-0.060  0.180 -1         0.00000  0
-0.060  0.200 -1         0.00000  0
-0.060  0.220 -1         0.00000  0
-0.060  0.240 -1         0.00000  0
-0.060  0.260 -1         0.00000  0
-0.060  0.280 -1         0.00000  0
-0.060  0.300 -1         0.00000  0
-0.060  0.320 -1         0.00000  0
-0.060  0.340 -1         0.00000  0
-0.060  0.360 -1         0.00000  0
-0.060  0.380 -1         0.00000  0
-0.060  0.400 -1         0.00000  0
-0.060  0.420 -1         0.00000  0
-0.060  0.440 -1         0.00000  0
-0.060  0.460 -1         0.00000  0
-0.060  0.480 -1         0.00000  0
-0.060  0.500 -1         0.00000  0
-0.060  0.520 -1         0.00000  0
-0.060  0.540 -1         0.00000  0
-0.060  0.560 -1         0.00000  0
-0.060  0.580  1         0.00000  0
-0.060  0.600  1         0.00000  0
-0.040 -0.060 -1         0.00000  0
-0.040 -0.040 -1         0.00000  0
-0.040 -0.020 -1         0.00000  0
-0.040  0.000 -1         0.00000  0
-0.040  0.020 -1         0.00000  0
-0.040  0.040 -1         0.00000  0
-0.040  0.060 -1         0.00000  0
-0.040  0.080 -1         0.00000  0
-0.040  0.100 -1         0.00000  0
-0.040  0.120 -1         0.00000  0
-0.040  0.140 -1         0.00000  0
-0.040  0.160 -1         0.00000  0
-0.040  0.180 -1         0.00000  0
-0.040  0.200 -1         0.00000  0
-0.040  0.220 -1         0.00000  0
-0.040  0.240 -1         0.00000  0
-0.040  0.260 -1         0.00000  0
-0.040  0.280 -1         0.00000  0
-0.040  0.300 -1         0.00000  0
-0.040  0.320 -1         0.00000  0
-0.040  0.340 -1         0.00000  0
-0.040  0.360 -1         0.00000  0
-0.040  0.380 -1         0.00000  0
-0.040  0.400 -1         0.00000  0
-0.040  0.420 -1         0.00000  0
-0.040  0.440 -1         0.00000  0
-0.040  0.460 -1         0.00000  0
-0.040  0.480 -1         0.00000  0
-0.040  0.500 -1         0.00000  0
-0.040  0.520 -1         0.00000  0
-0.040  0.540 -1         0.00000  0
-0.040  0.560 -1         0.00000  0
-0.040  0.580  1         0.00000  0
-0.040  0.600  1         0.00000  0
-0.020 -0.060 -1         0.00000  0
-0.020 -0.040 -1         0.00000  0
-0.020 -0.020  1         0.00000  0
-0.020  0.000  1         0.00000  0
-0.020  0.020  1         0.00000  0
-0.020  0.040  1         0.00000  0
-0.020  0.060  1         0.00000  0
-0.020  0.080  1         0.00000  0
-0.020  0.100  1         0.00000  0
-0.020  0.120  1         0.00000  0
-0.020  0.140  1         0.00000  0
-0.020  0.160  1         0.00000  0
-0.020  0.180  1         0.00000  0
-0.020  0.200  1         0.00000  0
-0.020  0.220  1         0.00000  0
-0.020  0.240  1         0.00000  0
-0.020  0.260  1         0.00000  0
-0.020  0.280  1         0.00000  0
-0.020  0.300  1         0.00000  0
-0.020  0.320  1         0.00000  0
-0.020  0.340  1         0.00000  0
-0.020  0.360  1         0.00000  0
-0.020  0.380  1         0.00000  0
-0.020  0.400  1         0.00000  0
-0.020  0.420  1         0.00000  0
-0.020  0.440  1         0.00000  0
-0.020  0.460  1         0.00000  0
-0.020  0.480  1         0.00000  0
-0.020  0.500  1         0.00000  0
-0.020  0.520  1         0.00000  0
-0.020  0.540  1         0.00000  0
-0.020  0.560  1         0.00000  0
-0.020  0.580  1         0.00000  0
-0.020  0.600  1         0.00000  0
 0.000 -0.060 -1         0.00000  0
 0.000 -0.040 -1         0.00000  0
 0.000 -0.020  1         0.00000  0
 0.000  0.000  1         0.00000  0
 0.000  0.020  1      2087.52911  0
 0.000  0.040  1         0.00000  0
 0.000  0.060  1         0.00000  0
 0.000  0.080  1         0.00000  0
 0.000  0.100  1         0.00000  0
 0.000  0.120  1         0.00000  0
 0.000  0.140  1         0.00000  0
 0.000  0.160  1         0.00000  0
 0.000  0.180  1         0.00000  0
 0.000  0.200  1         0.00000  0
 0.000  0.220  1         0.00000  0
 0.000  0.240  1         0.00000  0
 0.000  0.260  1         0.00000  0
 0.000  0.280  1         0.00000  0
 0.000  0.300  1         0.00000  0
 0.000  0.320  1         0.00000  0
 0.000  0.340  1         0.00000  0
 0.000  0.360  1         0.00000  0
 0.000  0.380  1         0.00000  0
 0.000  0.400  1         0.00000  0
 0.000  0.420  1         0.00000  0
 0.000  0.440  1         0.00000  0
 0.000  0.460  1         0.00000  0
 0.000  0.480  1         0.00000  0
 0.000  0.500  1         0.00000  0
 0.000  0.520  1         0.00000  0
 0.000  0.540  1         0.00000  0
 0.000  0.560  1         0.00000  0
 0.000  0.580  1         0.00000  0
 0.000  0.600  1         0.00000  0
 0.020 -0.060 -1         0.00000  0
 0.020 -0.040 -1         0.00000  0
 0.020 -0.020  1         0.00000  0
 0.020  0.000  1      1728.84455  0
 0.385  0.029  0         0.00000  0
 0.127  0.059  0         0.00000  0
 0.198  0.101  0         0.00000  0
 0.484  0.053  0         0.00000  0
 0.154  0.088  0         0.00000  0
 0.115  0.066  0       590.53865  0
 0.411  0.110  0         0.00000  0
 0.640  0.057  0      2181.25608  0
 0.401  0.019  0      1538.46871  0
 0.050  0.040  0         0.00000  0
 0.100  0.096  0         0.00000  0
 0.407  0.083  0      1620.00059  0
 0.053  0.087  0       168.06371  0
 0.191  0.114  0         0.00000  0
 0.104  0.082  0         0.00000  0
 0.499  0.060  0         0.00000  0
 0.433  0.118  0      2498.03917  0
 0.019  0.019  0       230.23346  0
 0.147  0.058  0         0.00000  0
 0.048  0.017  0         0.00000  0
 0.125  0.018  0       481.82218  0
 0.183  0.070  0       480.92805  0
 0.106  0.024  0         0.00000  0
 0.253  0.088  0         0.00000  0
 0.417  0.061  0       400.09682  0
 0.040 -0.060 -1         0.00000  0
 0.040 -0.040 -1         0.00000  0
 0.040 -0.020  1         0.00000  0
 0.040  0.000  1       678.93835  0
 0.332  0.038  0      1822.51773  0
 0.347  0.116  0         0.00000  0
 0.378  0.125  0         0.00000  0
 0.434  0.057  0      2327.10922  0
 0.040  0.093  0         0.00000  0
 0.320  0.085  0         0.00000  0
 0.419  0.037  0      1825.27840  0
 0.400  0.097  0         0.00000  0
 0.448  0.073  0       836.42051  0
 0.234  0.037  0       852.41203  0
 0.285  0.090  0      1226.18534  0
 0.162  0.071  0         0.00000  0
 0.701  0.124  0         0.00000  0
 0.386  0.076  0         0.00000  0
 0.445  0.017  0         0.00000  0
 0.290  0.048  0      1274.25296  0
 0.426  0.105  0       910.72297  0
 0.200  0.022  0       898.78744  0
 0.264  0.018  0         0.00000  0
 0.054  0.054  0        15.19315  0
 0.274  0.041  0         0.00000  0
 0.213  0.070  0       560.14102  0
 0.241  0.099  0         0.00000  0
 0.033  0.058  0         0.00000  0
 0.256  0.032  0      1885.41726  0
 0.060 -0.060 -1         0.00000  0
 0.060 -0.040 -1         0.00000  0
 0.060 -0.020  1         0.00000  0
 0.060  0.000  1      1297.51216  0
 0.335  0.097  0         0.00000  0
 0.215  0.024  0         0.00000  0
 0.334  0.019  0      1897.57407  0
 0.467  0.116  0         0.00000  0
 0.460  0.040  0      2561.92028  0
 0.644  0.020  0      1455.47265  0
 0.591  0.056  0      3508.35722  0
 0.998  0.129  0         0.00000  0
 0.576  0.063  0      1621.47293  0
 0.123  0.035  0         0.00000  0
 0.186  0.093  0         0.00000  0
 0.292  0.103  0         0.00000  0
 0.427  0.082  0         0.00000  0
 0.683  0.117  0         0.00000  0
 0.347  0.081  0         0.00000  0
 0.422  0.135  0         0.00000  0
 0.304  0.114  0         0.00000  0
 0.394  0.137  0         0.00000  0
 0.357  0.065  0         0.00000  0
 0.019  0.047  0         0.00000  0
 0.030  0.033  0      1345.63577  0
 0.167  0.050  0         0.00000  0
 0.305  0.087  0       637.53767  0
 0.151  0.017  0         0.00000  0
 0.346  0.050  0         0.00000  0
 0.080 -0.060 -1         0.00000  0
 0.080 -0.040 -1         0.00000  0
 0.080 -0.020  1         0.00000  0
 0.080  0.000  1         0.00000  0
 0.715  0.073  0         0.00000  0
 0.542  0.120  0         0.00000  0
 0.135  0.087  0         0.00000  0
 0.076  0.035  0         0.00000  0
 0.712  0.139  0         0.00000  0
 0.565  0.143  0         0.00000  0
 0.510  0.035  0      2208.46209  0
 0.769  0.071  0         0.00000  0
 0.675  0.096  0         0.00000  0
 0.636  0.128  0         0.00000  0
 0.230  0.106  0         0.00000  0
 0.817  0.102  0        37.72568  0
 0.099  0.048  0         0.00000  0
 0.071  0.094  0         0.00000  0
 0.473  0.079  0         0.00000  0
 0.457  0.055  0         0.00000  0
 0.532  0.016  0      2982.30097  0
 0.755  0.078  0         0.00000  0
 0.164  0.094  0         0.00000  0
 0.866  0.140  0         0.00000  0
 0.251  0.052  0       611.96504  0
 0.067  0.021  0         0.00000  0
 0.365  0.044  0      1844.53090  0
 0.509  0.094  0         0.00000  0
 0.016  0.078  0         0.00000  0
 0.100 -0.060 -1         0.00000  0
 0.100 -0.040 -1         0.00000  0
 0.100 -0.020  1         0.00000  0
 0.100  0.000  1         0.00000  0
 0.705  0.018  0      1201.09789  0
 0.805  0.033  0      1453.47500  0
 0.671  0.119  0         0.00000  0
 0.724  0.091  0         0.00000  0
 0.073  0.065  0         0.00000  0
 0.316  0.021  0      2124.41238  0
 0.609  0.132  0         0.00000  0
 0.857  0.100  0         0.00000  0
 0.670  0.054  0         0.00000  0
 0.586  0.080  0      4036.35355  0
 0.357  0.030  0         0.00000  0
 0.211  0.054  0         0.00000  0
 0.805  0.078  0      2215.11140  0
 0.522  0.106  0      1780.41553  0
 0.487  0.019  0         0.00000  0
 0.620  0.054  0         0.00000  0
 0.316  0.048  0      4010.29586  0
 0.229  0.053  0       989.49295  0
 0.544  0.028  0      2931.41484  0
 0.187  0.051  0       983.60845  0
 0.400  0.057  0      1902.26930  0
 0.486  0.039  0      1750.39779  0
 0.465  0.020  0         0.00000  0
 0.227  0.090  0         0.00000  0
 0.263  0.064  0         0.00000  0
 0.120 -0.060 -1         0.00000  0
 0.120 -0.040 -1         0.00000  0
 0.120 -0.020  1         0.00000  0
 0.120  0.000  1       624.58596  0
 0.790  0.117  0         0.00000  0
 0.793  0.045  0         0.00000  0
 0.955  0.034  0      2737.05822  0
 1.005  0.030  0      1691.68034  0
 0.951  0.061  0         0.00000  0
 0.743  0.053  0         0.00000  0
 0.846  0.039  0         0.00000  0
 0.627  0.091  0      1498.84259  0
 0.283  0.064  0         0.00000  0
 0.479  0.141  0         0.00000  0
 0.684  0.023  0         0.00000  0
 0.539  0.047  0      4469.65717  0
 0.622  0.121  0         0.00000  0
 0.559  0.053  0      4433.54992  0
 0.443  0.039  0         0.00000  0
 0.567  0.084  0      1472.46281  0
 0.706  0.097  0      1576.04983  0
 0.369  0.089  0       288.47591  0
 0.089  0.022  0      1502.11925  0
 0.178  0.018  0         0.00000  0
 0.234  0.018  0      1249.27044  0
 0.397  0.041  0      2429.67124  0
 0.499  0.111  0         0.00000  0
 0.488  0.165  0         0.00000  0
 0.451  0.144  0         0.00000  0
 0.140 -0.060 -1         0.00000  0
 0.140 -0.040 -1         0.00000  0
 0.140 -0.020  1         0.00000  0
 0.140  0.000  1         0.00000  0
 0.832  0.124  0         0.00000  0
 0.932  0.036  0      1829.17822  0
 0.947  0.129  0         0.00000  0
 0.743  0.022  0      1787.58499  0
 0.714  0.057  0       381.96080  0
 0.882  0.105  0         0.00000  0
 0.759  0.141  0         0.00000  0
 0.941  0.106  0         0.00000  0
 0.667  0.018  0       641.11533  0
 0.737  0.115  0         0.00000  0
 0.904  0.106  0         0.00000  0
 0.896  0.058  0      1622.63454  0
 0.558  0.111  0         0.00000  0
 0.533  0.084  0         0.00000  0
 0.640  0.040  0       690.64579  0
 0.757  0.040  0        22.55789  0
 0.778  0.141  0         0.00000  0
 0.693  0.082  0        78.08001  0
 0.609  0.147  0         0.00000  0
 0.758  0.125  0         0.00000  0
 0.451  0.087  0         0.00000  0
 0.348  0.102  0         0.00000  0
 0.603  0.088  0         0.00000  0
 0.269  0.093  0         0.00000  0
 0.452  0.122  0         0.00000  0
 0.160 -0.060 -1         0.00000  0
 0.160 -0.040 -1         0.00000  0
 0.160 -0.020  1         0.00000  0
 0.160  0.000  1         0.00000  0
 0.239  0.072  0         0.00000  0
 0.889  0.018  0       800.83033  0
 0.550  0.174  0         0.00000  0
 0.811  0.119  0         0.00000  0
 0.873  0.031  0      1708.57552  0
 0.817  0.133  0         0.00000  0
 0.915  0.069  0         0.00000  0
 0.601  0.105  0         0.00000  0
 0.973  0.069  0         0.00000  0
 0.590  0.138  0         0.00000  0
 0.974  0.028  0         0.00000  0
 0.845  0.081  0      1185.89764  0
 0.378  0.099  0         0.00000  0
 0.585  0.023  0         0.00000  0
 0.988  0.045  0         0.00000  0
 0.990  0.016  0      2244.17010  0
 0.790  0.015  0         0.00000  0
 0.729  0.045  0         0.00000  0
 0.919  0.117  0         0.00000  0
 0.829  0.091  0         0.00000  0
 0.647  0.116  0         0.00000  0
 0.668  0.141  0         0.00000  0
 0.954  0.094  0         0.00000  0
 0.322  0.062  0         0.00000  0
 0.548  0.069  0      2440.25599  0
 0.180 -0.060 -1         0.00000  0
 0.180 -0.040 -1         0.00000  0
 0.180 -0.020  1         0.00000  0
 0.180  0.000  1      2242.08363  0
 0.512  0.144  0         0.00000  0
 0.997  0.058  0      1059.27361  0
 0.928  0.051  0         0.00000  0
 0.691  0.057  0         0.00000  0
 0.972  0.120  0         0.00000  0
 0.860  0.079  0         0.00000  0
 0.740  0.073  0         0.00000  0
 0.896  0.122  0         0.00000  0
 0.562  0.036  0      3298.96138  0
 0.686  0.042  0       687.85068  0
 0.368  0.015  0      1000.48728  0
 0.967  0.047  0      1649.70999  0
 0.848  0.155  0         0.00000  0
 0.907  0.020  0         0.00000  0
 0.421  0.022  0      1682.03586  0
 0.288  0.017  0      2144.41182  0
 0.679  0.077  0       284.97242  0
 0.818  0.067  0      1337.19786  0
 0.088  0.054  0         0.00000  0
 0.928  0.079  0       506.31352  0
 0.725  0.021  0       534.05587  0
 0.594  0.037  0      2536.76798  0
 0.925  0.093  0         0.00000  0
 0.599  0.166  0         0.00000  0
 0.742  0.129  0         0.00000  0
 0.200 -0.060 -1         0.00000  0
 0.200 -0.040 -1         0.00000  0
 0.200 -0.020  1         0.00000  0
 0.200  0.000  1         0.00000  0
 0.506  0.020  0      3036.69122  0
 0.788  0.072  0       104.01503  0
 1.002  0.076  0      1360.84186  0
 0.845  0.063  0         0.00000  0
 0.857  0.052  0      1954.83898  0
 0.877  0.057  0         0.00000  0
 0.953  0.074  0       235.07813  0
 0.521  0.121  0         0.00000  0
 0.468  0.148  0         0.00000  0
 0.540  0.134  0         0.00000  0
 0.772  0.051  0         0.00000  0
 0.644  0.102  0       936.48317  0
 0.436  0.141  0         0.00000  0
 0.819  0.019  0       997.06314  0
 0.954  0.017  0      2384.42444  0
 0.740  0.098  0         0.00000  0
 0.926  0.021  0      1135.08065  0
 0.814  0.053  0       283.83449  0
 0.521  0.050  0      1624.36659  0
 0.711  0.112  0       555.28365  0
 0.831  0.139  0         0.00000  0
 0.879  0.079  0         0.00000  0
 0.536  0.158  0         0.00000  0
 0.710  0.037  0         0.00000  0
 0.612  0.041  0      3179.88410  0
 0.220 -0.060 -1         0.00000  0
 0.220 -0.040 -1         0.00000  0
 0.220 -0.020  1         0.00000  0
 0.220  0.000  1         0.00000  0
 0.628  0.021  0      2043.95882  0
 0.960  0.147  0         0.00000  0
 0.574  0.104  0         0.00000  0
 0.796  0.097  0        16.54172  0
 0.962  0.109  0         0.00000  0
 0.484  0.117  0         0.00000  0
 1.003  0.109  0       485.07950  0
 0.866  0.125  0         0.00000  0
 0.984  0.128  0         0.00000  0
 0.982  0.082  0         0.00000  0
 0.567  0.018  0      2784.22588  0
 0.860  0.018  0         0.00000  0
 0.300  0.030  0       298.80037  0
 0.990  0.096  0         0.00000  0
 0.550  0.090  0         0.00000  0
 0.783  0.089  0         0.00000  0
 0.935  0.132  0         0.00000  0
 0.777  0.033  0       481.50840  0
 0.655  0.069  0         0.00000  0
 0.658  0.087  0       146.48110  0
 0.503  0.076  0         0.00000  0
 0.660  0.039  0         0.00000  0
 0.569  0.133  0         0.00000  0
 0.840  0.021  0      1656.71029  0
 0.898  0.085  0         0.00000  0
 0.240 -0.060 -1         0.00000  0
 0.240 -0.040 -1         0.00000  0
 0.240 -0.020  1         0.00000  0
 0.240  0.000  1      1543.43853  0
 0.606  0.072  0         0.00000  0
 0.760  0.019  0      1207.04734  0
 0.186  0.036  0      1201.12495  0
 0.909  0.129  0         0.00000  0
 0.888  0.042  0      2190.31492  0
 0.761  0.107  0         0.00000  0
 0.633  0.079  0      1539.41854  0
 0.910  0.047  0      2558.19381  0
 0.854  0.117  0         0.00000  0
 0.159  0.032  0       324.38583  0
 0.074  0.079  0       112.86003  0
 0.375  0.063  0         0.00000  0
 0.487  0.088  0      2842.25617  0
 0.527  0.068  0      2172.46496  0
 0.042  0.077  0       553.82017  0
 0.587  0.118  0         0.00000  0
 0.498  0.137  0         0.00000  0
 0.303  0.065  0         0.00000  0
 0.119  0.089  0         0.00000  0
 0.513  0.157  0         0.00000  0
 0.825  0.038  0         0.00000  0
 0.141  0.042  0       798.41242  0
 0.606  0.018  0         0.00000  0
 0.200  0.079  0       617.58722  0
 0.468  0.094  0         0.00000  0
 0.260 -0.060 -1         0.00000  0
 0.260 -0.040 -1         0.00000  0
 0.260 -0.020  1         0.00000  0
 0.260  0.000  1      1953.69670  0
 0.280 -0.060 -1         0.00000  0
 0.280 -0.040 -1         0.00000  0
 0.280 -0.020  1         0.00000  0
 0.280  0.000  1      2912.79308  0
 0.300 -0.060 -1         0.00000  0
 0.300 -0.040 -1         0.00000  0
 0.300 -0.020  1         0.00000  0
 0.300  0.000  1      2340.15545  0
 0.320 -0.060 -1         0.00000  0
 0.320 -0.040 -1         0.00000  0
 0.320 -0.020  1         0.00000  0
 0.320  0.000  1      2407.75451  0
 0.340 -0.060 -1         0.00000  0
 0.340 -0.040 -1         0.00000  0
 0.340 -0.020  1         0.00000  0
 0.340  0.000  1         0.00000  0
 0.360 -0.060 -1         0.00000  0
 0.360 -0.040 -1         0.00000  0
 0.360 -0.020  1         0.00000  0
 0.360  0.000  1      1163.95747  0
 0.380 -0.060 -1         0.00000  0
 0.380 -0.040 -1         0.00000  0
 0.380 -0.020  1         0.00000  0
 0.380  0.000  1      1667.30757  0
 0.400 -0.060 -1         0.00000  0
 0.400 -0.040 -1         0.00000  0
 0.400 -0.020  1         0.00000  0
 0.400  0.000  1        98.10700  0
 0.420 -0.060 -1         0.00000  0
 0.420 -0.040 -1         0.00000  0
 0.420 -0.020  1         0.00000  0
 0.420  0.000  1         0.00000  0
 0.440 -0.060 -1         0.00000  0
 0.440 -0.040 -1         0.00000  0
 0.440 -0.020  1         0.00000  0
 0.440  0.000  1      1056.14516  0
 0.460 -0.060 -1         0.00000  0
 0.460 -0.040 -1         0.00000  0
 0.460 -0.020  1         0.00000  0
 0.460  0.000  1      2363.45424  0
 0.480 -0.060 -1         0.00000  0
 0.480 -0.040 -1         0.00000  0
 0.480 -0.020  1         0.00000  0
 0.480  0.000  1      1826.69075  0
 0.500 -0.060 -1         0.00000  0
 0.500 -0.040 -1         0.00000  0
 0.500 -0.020  1         0.00000  0
 0.500  0.000  1      3110.98787  0
 0.520 -0.060 -1         0.00000  0
 0.520 -0.040 -1         0.00000  0
 0.520 -0.020  1         0.00000  0
 0.520  0.000  1      3215.78431  0
 0.540 -0.060 -1         0.00000  0
 0.540 -0.040 -1         0.00000  0
 0.540 -0.020  1         0.00000  0
 0.540  0.000  1      1679.18299  0
 0.560 -0.060 -1         0.00000  0
 0.560 -0.040 -1         0.00000  0
 0.560 -0.020  1         0.00000  0
 0.560  0.000  1         0.00000  0
 0.580 -0.060 -1         0.00000  0
 0.580 -0.040 -1         0.00000  0
 0.580 -0.020  1         0.00000  0
 0.580  0.000  1         0.00000  0
 0.600 -0.060 -1         0.00000  0
 0.600 -0.040 -1         0.00000  0
 0.600 -0.020  1         0.00000  0
 0.600  0.000  1      3065.35448  0
 0.620 -0.060 -1         0.00000  0
 0.620 -0.040 -1         0.00000  0
 0.620 -0.020  1         0.00000  0
 0.620  0.000  1        89.49338  0
 0.640 -0.060 -1         0.00000  0
 0.640 -0.040 -1         0.00000  0
 0.640 -0.020  1         0.00000  0
 0.640  0.000  1      2064.43191  0
 0.660 -0.060 -1         0.00000  0
 0.660 -0.040 -1         0.00000  0
 0.660 -0.020  1         0.00000  0
 0.660  0.000  1      1396.30404  0
 0.680 -0.060 -1         0.00000  0
 0.680 -0.040 -1         0.00000  0
 0.680 -0.020  1         0.00000  0
 0.680  0.000  1         0.00000  0
 0.700 -0.060 -1         0.00000  0
 0.700 -0.040 -1         0.00000  0
 0.700 -0.020  1         0.00000  0
 0.700  0.000  1      1418.37075  0
 0.720 -0.060 -1         0.00000  0
 0.720 -0.040 -1         0.00000  0
 0.720 -0.020  1         0.00000  0
 0.720  0.000  1         0.00000  0
 0.740 -0.060 -1         0.00000  0
 0.740 -0.040 -1         0.00000  0
 0.740 -0.020  1         0.00000  0
 0.740  0.000  1         0.00000  0
 0.760 -0.060 -1         0.00000  0
 0.760 -0.040 -1         0.00000  0
 0.760 -0.020  1         0.00000  0
 0.760  0.000  1      1930.42763  0
 0.780 -0.060 -1         0.00000  0
 0.780 -0.040 -1         0.00000  0
 0.780 -0.020  1         0.00000  0
 0.780  0.000  1      1739.75832  0
 0.800 -0.060 -1         0.00000  0
 0.800 -0.040 -1         0.00000  0
 0.800 -0.020  1         0.00000  0
 0.800  0.000  1      1530.27408  0
 0.820 -0.060 -1         0.00000  0
 0.820 -0.040 -1         0.00000  0
 0.820 -0.020  1         0.00000  0
 0.820  0.000  1      1751.72947  0
 0.840 -0.060 -1         0.00000  0
 0.840 -0.040 -1         0.00000  0
 0.840 -0.020  1         0.00000  0
 0.840  0.000  1       597.91737  0
 0.860 -0.060 -1         0.00000  0
 0.860 -0.040 -1         0.00000  0
 0.860 -0.020  1         0.00000  0
 0.860  0.000  1      3732.95693  0
 0.880 -0.060 -1         0.00000  0
 0.880 -0.040 -1         0.00000  0
 0.880 -0.020  1         0.00000  0
 0.880  0.000  1      2092.97135  0
 0.900 -0.060 -1         0.00000  0
 0.900 -0.040 -1         0.00000  0
 0.900 -0.020  1         0.00000  0
 0.900  0.000  1      1995.59547  0
 0.920 -0.060 -1         0.00000  0
 0.920 -0.040 -1         0.00000  0
 0.920 -0.020  1         0.00000  0
 0.920  0.000  1         0.00000  0
 0.940 -0.060 -1         0.00000  0
 0.940 -0.040 -1         0.00000  0
 0.940 -0.020  1         0.00000  0
 0.940  0.000  1         0.00000  0
 0.960 -0.060 -1         0.00000  0
 0.960 -0.040 -1         0.00000  0
 0.960 -0.020  1         0.00000  0
 0.960  0.000  1      1974.47640  0
 0.980 -0.060 -1         0.00000  0
 0.980 -0.040 -1         0.00000  0
 0.980 -0.020  1         0.00000  0
 0.980  0.000  1      1138.11027  0
 1.000 -0.060 -1         0.00000  0
 1.000 -0.040 -1         0.00000  0
 1.000 -0.020  1         0.00000  0
 1.000  0.000  1      1039.54549  0
 1.020 -0.060 -1         0.00000  0
 1.020 -0.040 -1         0.00000  0
 1.020 -0.020  1         0.00000  0
 1.020  0.000  1         0.00000  0
 1.020  0.020  1       391.80571  0
 1.020  0.040  1       872.55867  0
 1.020  0.060  1         0.00000  0
 1.020  0.080  1         0.00000  0
 1.020  0.100  1         0.00000  0
 1.020  0.120  1         0.00000  0
 1.020  0.140  1         0.00000  0
 1.020  0.160  1         0.00000  0
 1.020  0.180  1         0.00000  0
 1.020  0.200  1         0.00000  0
 1.020  0.220  1         0.00000  0
 1.020  0.240  1         0.00000  0
 1.020  0.260  1         0.00000  0
 1.020  0.280  1         0.00000  0
 1.020  0.300  1         0.00000  0
 1.020  0.320  1         0.00000  0
 1.020  0.340  1         0.00000  0
 1.020  0.360  1         0.00000  0
 1.020  0.380  1         0.00000  0
 1.020  0.400  1         0.00000  0
 1.020  0.420  1         0.00000  0
 1.020  0.440  1         0.00000  0
 1.020  0.460  1         0.00000  0
 1.020  0.480  1         0.00000  0
 1.020  0.500  1         0.00000  0
 1.020  0.520  1         0.00000  0
 1.020  0.540  1         0.00000  0
 1.020  0.560  1         0.00000  0
 1.020  0.580  1         0.00000  0
 1.020  0.600  1         0.00000  0
 1.040 -0.060 -1         0.00000  0
 1.040 -0.040 -1         0.00000  0
 1.040 -0.020  1         0.00000  0
 1.040  0.000  1         0.00000  0
 1.040  0.020  1         0.00000  0
 1.040  0.040  1         0.00000  0
 1.040  0.060  1         0.00000  0
 1.040  0.080  1         0.00000  0
 1.040  0.100  1         0.00000  0
 1.040  0.120  1         0.00000  0
 1.040  0.140  1         0.00000  0
 1.040  0.160  1         0.00000  0
 1.040  0.180  1         0.00000  0
 1.040  0.200  1         0.00000  0
 1.040  0.220  1         0.00000  0
 1.040  0.240  1         0.00000  0
 1.040  0.260  1         0.00000  0
 1.040  0.280  1         0.00000  0
 1.040  0.300  1         0.00000  0
 1.040  0.320  1         0.00000  0
 1.040  0.340  1         0.00000  0
 1.040  0.360  1         0.00000  0
 1.040  0.380  1         0.00000  0
 1.040  0.400  1         0.00000  0
 1.040  0.420  1         0.00000  0
 1.040  0.440  1         0.00000  0
 1.040  0.460  1         0.00000  0
 1.040  0.480  1         0.00000  0
 1.040  0.500  1         0.00000  0
 1.040  0.520  1         0.00000  0
 1.040  0.540  1         0.00000  0
 1.040  0.560  1         0.00000  0
 1.040  0.580  1         0.00000  0
 1.040  0.600  1         0.00000  0
 1.060 -0.060 -1         0.00000  0
 1.060 -0.040 -1         0.00000  0
 1.060 -0.020 -1         0.00000  0
 1.060  0.000 -1         0.00000  0
 1.060  0.020 -1         0.00000  0
 1.060  0.040 -1         0.00000  0
 1.060  0.060 -1         0.00000  0
 1.060  0.080 -1         0.00000  0
 1.060  0.100 -1         0.00000  0
 1.060  0.120 -1         0.00000  0
 1.060  0.140 -1         0.00000  0
 1.060  0.160 -1         0.00000  0
 1.060  0.180 -1         0.00000  0
 1.060  0.200 -1         0.00000  0
 1.060  0.220 -1         0.00000  0
 1.060  0.240 -1         0.00000  0
 1.060  0.260 -1         0.00000  0
 1.060  0.280 -1         0.00000  0
 1.060  0.300 -1         0.00000  0
 1.060  0.320 -1         0.00000  0
 1.060  0.340 -1         0.00000  0
 1.060  0.360 -1         0.00000  0
 1.060  0.380 -1         0.00000  0
 1.060  0.400 -1         0.00000  0
 1.060  0.420 -1         0.00000  0
 1.060  0.440 -1         0.00000  0
 1.060  0.460 -1         0.00000  0
 1.060  0.480 -1         0.00000  0
 1.060  0.500 -1         0.00000  0
 1.060  0.520 -1         0.00000  0
 1.060  0.540 -1         0.00000  0
 1.060  0.560 -1         0.00000  0
 1.060  0.580  1         0.00000  0
 1.060  0.600  1         0.00000  0
 1.080 -0.060 -1         0.00000  0
 1.080 -0.040 -1         0.00000  0
 1.080 -0.020 -1         0.00000  0
 1.080  0.000 -1         0.00000  0
 1.080  0.020 -1         0.00000  0
 1.080  0.040 -1         0.00000  0
 1.080  0.060 -1         0.00000  0
 1.080  0.080 -1         0.00000  0
 1.080  0.100 -1         0.00000  0
 1.080  0.120 -1         0.00000  0
 1.080  0.140 -1         0.00000  0
 1.080  0.160 -1         0.00000  0
 1.080  0.180 -1         0.00000  0
 1.080  0.200 -1         0.00000  0
 1.080  0.220 -1         0.00000  0
 1.080  0.240 -1         0.00000  0
 1.080  0.260 -1         0.00000  0
 1.080  0.280 -1         0.00000  0
 1.080  0.300 -1         0.00000  0
 1.080  0.320 -1         0.00000  0
 1.080  0.340 -1         0.00000  0
 1.080  0.360 -1         0.00000  0
 1.080  0.380 -1         0.00000  0
 1.080  0.400 -1         0.00000  0
 1.080  0.420 -1         0.00000  0
 1.080  0.440 -1         0.00000  0
 1.080  0.460 -1         0.00000  0
 1.080  0.480 -1         0.00000  0
 1.080  0.500 -1         0.00000  0
 1.080  0.520 -1         0.00000  0
 1.080  0.540 -1         0.00000  0
 1.080  0.560 -1         0.00000  0
 1.080  0.580  1         0.00000  0
 1.080  0.600  1         0.00000  0
