-0.075 -0.075 -1         0.00000  0
-0.075 -0.050 -1         0.00000  0
-0.075 -0.025 -1         0.00000  0
-0.075  0.000 -1         0.00000  0
-0.075  0.025 -1         0.00000  0
-0.075  0.050 -1         0.00000  0
-0.075  0.075 -1         0.00000  0
-0.075  0.100 -1         0.00000  0
-0.075  0.125 -1         0.00000  0
-0.075  0.150 -1         0.00000  0
-0.075  0.175 -1         0.00000  0
-0.075  0.200 -1         0.00000  0
-0.075  0.225 -1         0.00000  0
-0.075  0.250 -1         0.00000  0
-0.075  0.275 -1         0.00000  0
-0.075  0.300 -1         0.00000  0
-0.075  0.325 -1         0.00000  0
-0.075  0.350 -1         0.00000  0
-0.075  0.375 -1         0.00000  0
-0.075  0.400 -1         0.00000  0
-0.075  0.425 -1         0.00000  0
-0.075  0.450 -1         0.00000  0
-0.075  0.475 -1         0.00000  0
-0.075  0.500 -1         0.00000  0
-0.075  0.525 -1         0.00000  0
-0.075  0.550 -1         0.00000  0
-0.075  0.575  1         0.00000  0
-0.075  0.600  1         0.00000  0
-0.050 -0.075 -1         0.00000  0
-0.050 -0.050 -1         0.00000  0
-0.050 -0.025 -1         0.00000  0
-0.050  0.000 -1         0.00000  0
-0.050  0.025 -1         0.00000  0
-0.050  0.050 -1         0.00000  0
-0.050  0.075 -1         0.00000  0
-0.050  0.100 -1         0.00000  0
-0.050  0.125 -1         0.00000  0
-0.050  0.150 -1         0.00000  0
-0.050  0.175 -1         0.00000  0
-0.050  0.200 -1         0.00000  0
-0.050  0.225 -1         0.00000  0
-0.050  0.250 -1         0.00000  0
-0.050  0.275 -1         0.00000  0
-0.050  0.300 -1         0.00000  0
-0.050  0.325 -1         0.00000  0
-0.050  0.350 -1         0.00000  0
-0.050  0.375 -1         0.00000  0
-0.050  0.400 -1         0.00000  0
-0.050  0.425 -1         0.00000  0
-0.050  0.450 -1         0.00000  0
-0.050  0.475 -1         0.00000  0
-0.050  0.500 -1         0.00000  0
-0.050  0.525 -1         0.00000  0
-0.050  0.550 -1         0.00000  0
-0.050  0.575  1         0.00000  0
-0.050  0.600  1         0.00000  0
-0.025 -0.075 -1         0.00000  0
-0.025 -0.050 -1         0.00000  0
-0.025 -0.025  1         0.00000  0
-0.025  0.000  1         0.00000  0
-0.025  0.025  1         0.00000  0
-0.025  0.050  1         0.00000  0
-0.025  0.075  1         0.00000  0
-0.025  0.100  1         0.00000  0
-0.025  0.125  1         0.00000  0
-0.025  0.150  1         0.00000  0
-0.025  0.175  1         0.00000  0
-0.025  0.200  1         0.00000  0
-0.025  0.225  1         0.00000  0
-0.025  0.250  1         0.00000  0
-0.025  0.275  1         0.00000  0
-0.025  0.300  1         0.00000  0
-0.025  0.325  1         0.00000  0
-0.025  0.350  1         0.00000  0
-0.025  0.375  1         0.00000  0
-0.025  0.400  1         0.00000  0
-0.025  0.425  1         0.00000  0
-0.025  0.450  1         0.00000  0
-0.025  0.475  1         0.00000  0
-0.025  0.500  1         0.00000  0
-0.025  0.525  1         0.00000  0
-0.025  0.550  1         0.00000  0
-0.025  0.575  1         0.00000  0
-0.025  0.600  1         0.00000  0
 0.000 -0.075 -1         0.00000  0
 0.000 -0.050 -1         0.00000  0
 0.000 -0.025  1         0.00000  0
 0.000  0.000  1         0.00000  0
 0.000  0.025  1         0.00000  0
 0.000  0.050  1       470.14489  0
 0.000  0.075  1         0.00000  0
 0.000  0.100  1         0.00000  0
 0.000  0.125  1         0.00000  0
 0.000  0.150  1         0.00000  0
 0.000  0.175  1         0.00000  0
 0.000  0.200  1         0.00000  0
 0.000  0.225  1         0.00000  0
 0.000  0.250  1         0.00000  0
 0.000  0.275  1         0.00000  0
 0.000  0.300  1         0.00000  0
 0.000  0.325  1         0.00000  0
 0.000  0.350  1         0.00000  0
 0.000  0.375  1         0.00000  0
 0.000  0.400  1         0.00000  0
 0.000  0.425  1         0.00000  0
 0.000  0.450  1         0.00000  0
 0.000  0.475  1         0.00000  0
 0.000  0.500  1         0.00000  0
 0.000  0.525  1         0.00000  0
 0.000  0.550  1         0.00000  0
 0.000  0.575  1         0.00000  0
 0.000  0.600  1         0.00000  0
 0.025 -0.075 -1         0.00000  0
 0.025 -0.050 -1         0.00000  0
 0.025 -0.025  1         0.00000  0
 0.025  0.000  1      1289.08884  0
 0.086  0.018  0      1250.42433  0
 0.343  0.033  0       151.03100  0
 0.141  0.021  0       352.25225  0
 0.407  0.084  0         0.00000  0
 0.023  0.043  0      1717.39090  0
 0.118  0.029  0         0.00000  0
 0.032  0.021  0      1061.63035  0
 0.319  0.021  0         0.00000  0
 0.174  0.023  0       591.12773  0
 0.142  0.049  0       518.45315  0
 0.166  0.071  0         0.00000  0
 0.052  0.058  0         0.00000  0
 0.052  0.034  0         0.00000  0
 0.046  0.075  0         0.00000  0
 0.087  0.068  0         0.00000  0
 0.102  0.082  0         0.00000  0
 0.151  0.066  0         0.00000  0
 0.194  0.061  0         0.00000  0
 0.201  0.042  0       415.44151  0
 0.023  0.068  0         0.00000  0
 0.050 -0.075 -1         0.00000  0
 0.050 -0.050 -1         0.00000  0
 0.050 -0.025  1         0.00000  0
 0.050  0.000  1         0.00000  0
 0.208  0.022  0         0.00000  0
 0.378  0.056  0         0.00000  0
 0.436  0.054  0         0.00000  0
 0.410  0.043  0         0.00000  0
 0.367  0.022  0         0.00000  0
 0.302  0.046  0         0.00000  0
 0.364  0.072  0         0.00000  0
 0.421  0.064  0         0.00000  0
 0.171  0.042  0       979.94003  0
 0.240  0.019  0       645.24249  0
 0.234  0.044  0       959.00597  0
 0.481  0.040  0       394.57136  0
 0.074  0.039  0         0.00000  0
 0.351  0.061  0         0.00000  0
 0.098  0.047  0       886.36525  0
 0.077  0.085  0         0.00000  0
 0.326  0.044  0         0.00000  0
 0.120  0.052  0         0.00000  0
 0.205  0.073  0         0.00000  0
 0.237  0.068  0         0.00000  0
 0.075 -0.075 -1         0.00000  0
 0.075 -0.050 -1         0.00000  0
 0.075 -0.025  1         0.00000  0
 0.075  0.000  1       945.55048  0
 0.386  0.029  0         0.00000  0
 0.287  0.023  0       649.54499  0
 0.687  0.021  0       254.49040  0
 0.415  0.021  0       101.46261  0
 0.552  0.020  0      2232.30473  0
 0.461  0.034  0       267.78603  0
 0.506  0.063  0         0.00000  0
 0.396  0.070  0         0.00000  0
 0.444  0.022  0         0.00000  0
 0.480  0.092  0         0.00000  0
 0.495  0.019  0         0.00000  0
 0.268  0.033  0      1272.40348  0
 0.576  0.033  0       499.06809  0
 0.448  0.088  0         0.00000  0
 0.291  0.066  0         0.00000  0
 0.332  0.071  0         0.00000  0
 0.582  0.063  0         0.00000  0
 0.249  0.056  0         0.00000  0
 0.543  0.065  0         0.00000  0
 0.276  0.054  0         0.00000  0
 0.100 -0.075 -1         0.00000  0
 0.100 -0.050 -1         0.00000  0
 0.100 -0.025  1         0.00000  0
 0.100  0.000  1       524.34619  0
 0.831  0.030  0       807.97049  0
 0.820  0.051  0        34.75737  0
 0.783  0.030  0         0.00000  0
 0.637  0.025  0       941.09646  0
 0.727  0.026  0       161.60078  0
 0.659  0.024  0         0.00000  0
 0.796  0.079  0       578.76659  0
 0.830  0.096  0         0.00000  0
 0.776  0.061  0      1430.81637  0
 0.694  0.086  0         0.00000  0
 0.897  0.089  0       288.56978  0
 0.600  0.022  0       466.11530  0
 0.749  0.021  0      2257.08560  0
 0.728  0.075  0         0.00000  0
 0.681  0.043  0       558.88624  0
 0.520  0.031  0         0.00000  0
 0.619  0.062  0         0.00000  0
 0.465  0.059  0         0.00000  0
 0.610  0.039  0         0.00000  0
 0.487  0.065  0         0.00000  0
 0.125 -0.075 -1         0.00000  0
 0.125 -0.050 -1         0.00000  0
 0.125 -0.025  1         0.00000  0
 0.125  0.000  1         0.00000  0
 0.892  0.040  0      1861.22161  0
 0.912  0.106  0         0.00000  0
 0.908  0.026  0      1351.69202  0
 0.809  0.021  0      1618.36703  0
 0.934  0.189  0         0.00000  0
 0.963  0.107  0      1074.80284  0
 0.966  0.020  0      2029.70454  0
 0.945  0.039  0         0.00000  0
 0.867  0.188  0         0.00000  0
 0.852  0.024  0       505.71275  0
 0.874  0.024  0         0.00000  0
 0.896  0.135  0         0.00000  0
 0.763  0.039  0         0.00000  0
 0.858  0.082  0         0.00000  0
 0.743  0.070  0         0.00000  0
 0.530  0.045  0         0.00000  0
 0.688  0.057  0         0.00000  0
 0.561  0.041  0         0.00000  0
 0.705  0.051  0       809.74589  0
 0.636  0.073  0         0.00000  0
 0.150 -0.075 -1         0.00000  0
 0.150 -0.050 -1         0.00000  0
 0.150 -0.025  1         0.00000  0
 0.150  0.000  1      1097.71521  0
 1.002  0.163  0         0.00000  0
 0.927  0.070  0      1518.88728  0
 0.968  0.063  0       899.42754  0
 0.968  0.215  0       248.01601  0
 0.885  0.298  0         0.00000  0
 0.932  0.160  0         0.00000  0
 0.981  0.039  0      1586.59459  0
 0.931  0.025  0      1552.45707  0
 0.957  0.203  0       850.16183  0
 0.930  0.094  0         0.00000  0
 0.912  0.055  0      1010.98725  0
 0.889  0.184  0         0.00000  0
 0.878  0.083  0      1652.79153  0
 0.799  0.051  0      1333.48612  0
 0.815  0.086  0       727.52544  0
 0.768  0.098  0         0.00000  0
 0.793  0.108  0         0.00000  0
 0.765  0.079  0         0.00000  0
 0.641  0.046  0         0.00000  0
 0.728  0.046  0         0.00000  0
 0.175 -0.075 -1         0.00000  0
 0.175 -0.050 -1         0.00000  0
 0.175 -0.025  1         0.00000  0
 0.175  0.000  1      1385.03281  0
 0.994  0.210  0         0.00000  0
 1.003  0.119  0         0.00000  0
 0.880  0.269  0         0.00000  0
 0.900  0.278  0         0.00000  0
 0.865  0.241  0         0.00000  0
 1.002  0.322  0       930.11916  0
 0.911  0.310  0         0.00000  0
 0.970  0.159  0      1257.58658  0
 0.971  0.086  0      2307.76771  0
 0.924  0.243  0         0.00000  0
 0.975  0.264  0         0.00000  0
 1.000  0.230  0         0.00000  0
 0.983  0.146  0      1189.80536  0
 0.949  0.164  0      1540.91177  0
 0.890  0.216  0         0.00000  0
 0.917  0.135  0       604.55139  0
 0.941  0.134  0       336.70761  0
 0.838  0.075  0      2499.90024  0
 0.853  0.055  0         0.00000  0
 0.882  0.114  0         0.00000  0
 0.200 -0.075 -1         0.00000  0
 0.200 -0.050 -1         0.00000  0
 0.200 -0.025  1         0.00000  0
 0.200  0.000  1      1215.05567  0
 0.924  0.285  0         0.00000  0
 0.996  0.053  0      1174.74413  0
 0.974  0.321  0         0.00000  0
 0.941  0.395  0         0.00000  0
 0.941  0.289  0         0.00000  0
 1.002  0.024  0       824.67659  0
 0.809  0.249  0         0.00000  0
 0.965  0.452  0         0.00000  0
 0.859  0.349  0         0.00000  0
 0.784  0.186  0         0.00000  0
 0.995  0.252  0      2089.36097  0
 0.948  0.065  0       803.04878  0
 0.992  0.095  0      1400.31282  0
 0.983  0.125  0       161.19143  0
 0.882  0.241  0         0.00000  0
 0.973  0.187  0         0.00000  0
 1.002  0.188  0         0.00000  0
 0.953  0.240  0       124.76715  0
 0.932  0.221  0         0.00000  0
 0.898  0.150  0         0.00000  0
 0.225 -0.075 -1         0.00000  0
 0.225 -0.050 -1         0.00000  0
 0.225 -0.025  1         0.00000  0
 0.225  0.000  1      1923.61788  0
 1.000  0.422  0         0.00000  0
 0.786  0.613  0         0.00000  0
 0.731  0.967  0         0.00000  0
 0.790  0.814  0         0.00000  0
 0.955  0.421  0         0.00000  0
 0.954  0.347  0         0.00000  0
 0.969  0.876  0         0.00000  0
 0.996  0.294  0         0.00000  0
 0.888  0.323  0         0.00000  0
 0.991  0.273  0         0.00000  0
 0.756  0.210  0         0.00000  0
 0.861  0.283  0         0.00000  0
 1.001  0.409  0         0.00000  0
 0.953  0.307  0         0.00000  0
 0.761  0.271  0         0.00000  0
 0.904  0.252  0         0.00000  0
 0.944  0.113  0      1138.75811  0
 0.797  0.250  0         0.00000  0
 0.904  0.186  0         0.00000  0
 0.885  0.061  0         0.00000  0
 0.250 -0.075 -1         0.00000  0
 0.250 -0.050 -1         0.00000  0
 0.250 -0.025  1         0.00000  0
 0.250  0.000  1      1638.55586  0
 0.888  1.100  0         0.00000  0
 0.915  1.126  0         0.00000  0
 0.838  0.871  0         0.00000  0
 0.813  0.312  0         0.00000  0
 1.003  0.075  0      1491.87307  0
 0.799  0.979  0         0.00000  0
 0.780  0.299  0         0.00000  0
 0.912  1.106  0         0.00000  0
 0.874  0.528  0         0.00000  0
 0.852  0.371  0         0.00000  0
 0.833  0.436  0         0.00000  0
 0.991  0.333  0         0.00000  0
 1.032  0.760  0         0.00000  0
 0.965  0.683  0         0.00000  0
 0.922  0.534  0         0.00000  0
 0.738  0.228  0         0.00000  0
 0.940  0.318  0         0.00000  0
 0.834  0.266  0         0.00000  0
 0.957  0.254  0         0.00000  0
 0.911  0.221  0         0.00000  0
 0.275 -0.075 -1         0.00000  0
 0.275 -0.050 -1         0.00000  0
 0.275 -0.025  1         0.00000  0
 0.275  0.000  1         0.00000  0
 0.300 -0.075 -1         0.00000  0
 0.300 -0.050 -1         0.00000  0
 0.300 -0.025  1         0.00000  0
 0.300  0.000  1         0.00000  0
 0.325 -0.075 -1         0.00000  0
 0.325 -0.050 -1         0.00000  0
 0.325 -0.025  1         0.00000  0
 0.325  0.000  1      1706.44945  0
 0.350 -0.075 -1         0.00000  0
 0.350 -0.050 -1         0.00000  0
 0.350 -0.025  1         0.00000  0
 0.350  0.000  1         0.00000  0
 0.375 -0.075 -1         0.00000  0
 0.375 -0.050 -1         0.00000  0
 0.375 -0.025  1         0.00000  0
 0.375  0.000  1       567.12682  0
 0.400 -0.075 -1         0.00000  0
 0.400 -0.050 -1         0.00000  0
 0.400 -0.025  1         0.00000  0
 0.400  0.000  1       511.18348  0
 0.425 -0.075 -1         0.00000  0
 0.425 -0.050 -1         0.00000  0
 0.425 -0.025  1         0.00000  0
 0.425  0.000  1      1619.03087  0
 0.450 -0.075 -1         0.00000  0
 0.450 -0.050 -1         0.00000  0
 0.450 -0.025  1         0.00000  0
 0.450  0.000  1         0.00000  0
 0.475 -0.075 -1         0.00000  0
 0.475 -0.050 -1         0.00000  0
 0.475 -0.025  1         0.00000  0
 0.475  0.000  1         0.00000  0
 0.500 -0.075 -1         0.00000  0
 0.500 -0.050 -1         0.00000  0
 0.500 -0.025  1         0.00000  0
 0.500  0.000  1      1414.53659  0
 0.525 -0.075 -1         0.00000  0
 0.525 -0.050 -1         0.00000  0
 0.525 -0.025  1         0.00000  0
 0.525  0.000  1         0.00000  0
 0.550 -0.075 -1         0.00000  0
 0.550 -0.050 -1         0.00000  0
 0.550 -0.025  1         0.00000  0
 0.550  0.000  1      3002.70260  0
 0.575 -0.075 -1         0.00000  0
 0.575 -0.050 -1         0.00000  0
 0.575 -0.025  1         0.00000  0
 0.575  0.000  1         0.00000  0
 0.600 -0.075 -1         0.00000  0
 0.600 -0.050 -1         0.00000  0
 0.600 -0.025  1         0.00000  0
 0.600  0.000  1         0.00000  0
 0.625 -0.075 -1         0.00000  0
 0.625 -0.050 -1         0.00000  0
 0.625 -0.025  1         0.00000  0
 0.625  0.000  1         0.00000  0
 0.650 -0.075 -1         0.00000  0
 0.650 -0.050 -1         0.00000  0
 0.650 -0.025  1         0.00000  0
 0.650  0.000  1      1244.59553  0
 0.675 -0.075 -1         0.00000  0
 0.675 -0.050 -1         0.00000  0
 0.675 -0.025  1         0.00000  0
 0.675  0.000  1      2441.78990  0
 0.700 -0.075 -1         0.00000  0
 0.700 -0.050 -1         0.00000  0
 0.700 -0.025  1         0.00000  0
 0.700  0.000  1         0.00000  0
 0.725 -0.075 -1         0.00000  0
 0.725 -0.050 -1         0.00000  0
 0.725 -0.025  1         0.00000  0
 0.725  0.000  1         0.00000  0
 0.750 -0.075 -1         0.00000  0
 0.750 -0.050 -1         0.00000  0
 0.750 -0.025  1         0.00000  0
 0.750  0.000  1      3702.53529  0
 0.775 -0.075 -1         0.00000  0
 0.775 -0.050 -1         0.00000  0
 0.775 -0.025  1         0.00000  0
 0.775  0.000  1         0.00000  0
 0.800 -0.075 -1         0.00000  0
 0.800 -0.050 -1         0.00000  0
 0.800 -0.025  1         0.00000  0
 0.800  0.000  1         0.00000  0
 0.825 -0.075 -1         0.00000  0
 0.825 -0.050 -1         0.00000  0
 0.825 -0.025  1         0.00000  0
 0.825  0.000  1       676.74687  0
 0.850 -0.075 -1         0.00000  0
 0.850 -0.050 -1         0.00000  0
 0.850 -0.025  1         0.00000  0
 0.850  0.000  1      2857.67508  0
 0.875 -0.075 -1         0.00000  0
 0.875 -0.050 -1         0.00000  0
 0.875 -0.025  1         0.00000  0
 0.875  0.000  1       938.75252  0
 0.900 -0.075 -1         0.00000  0
 0.900 -0.050 -1         0.00000  0
 0.900 -0.025  1         0.00000  0
 0.900  0.000  1         0.00000  0
 0.925 -0.075 -1         0.00000  0
 0.925 -0.050 -1         0.00000  0
 0.925 -0.025  1         0.00000  0
 0.925  0.000  1         0.00000  0
 0.950 -0.075 -1         0.00000  0
 0.950 -0.050 -1         0.00000  0
 0.950 -0.025  1         0.00000  0
 0.950  0.000  1       683.65967  0
 0.975 -0.075 -1         0.00000  0
 0.975 -0.050 -1         0.00000  0
 0.975 -0.025  1         0.00000  0
 0.975  0.000  1      2992.09004  0
 1.000 -0.075 -1         0.00000  0
 1.000 -0.050 -1         0.00000  0
 1.000 -0.025  1         0.00000  0
 1.000  0.000  1      2190.18214  0
 1.025 -0.075 -1         0.00000  0
 1.025 -0.050 -1         0.00000  0
 1.025 -0.025  1         0.00000  0
 1.025  0.000  1       888.55786  0
 1.025  0.025  1      1265.03470  0
 1.025  0.050  1         0.00000  0
 1.025  0.075  1      1462.82567  0
 1.025  0.100  1         0.00000  0
 1.025  0.125  1         0.00000  0
 1.025  0.150  1         0.00000  0
 1.025  0.175  1       454.09467  0
 1.025  0.200  1         0.00000  0
 1.025  0.225  1         0.00000  0
 1.025  0.250  1         0.00000  0
 1.025  0.275  1         0.00000  0
 1.025  0.300  1         0.00000  0
 1.025  0.325  1         0.00000  0
 1.025  0.350  1         0.00000  0
 1.025  0.375  1         0.00000  0
 1.025  0.400  1         0.00000  0
 1.025  0.425  1         0.00000  0
 1.025  0.450  1         0.00000  0
 1.025  0.475  1         0.00000  0
 1.025  0.500  1         0.00000  0
 1.025  0.525  1         0.00000  0
 1.025  0.550  1         0.00000  0
 1.025  0.575  1         0.00000  0
 1.025  0.600  1         0.00000  0
 1.050 -0.075 -1         0.00000  0
 1.050 -0.050 -1         0.00000  0
 1.050 -0.025  1         0.00000  0
 1.050  0.000  1         0.00000  0
 1.050  0.025  1         0.00000  0
 1.050  0.050  1         0.00000  0
 1.050  0.075  1         0.00000  0
 1.050  0.100  1         0.00000  0
 1.050  0.125  1         0.00000  0
 1.050  0.150  1         0.00000  0
 1.050  0.175  1         0.00000  0
 1.050  0.200  1         0.00000  0
 1.050  0.225  1         0.00000  0
 1.050  0.250  1         0.00000  0
 1.050  0.275  1         0.00000  0
 1.050  0.300  1         0.00000  0
 1.050  0.325  1         0.00000  0
 1.050  0.350  1         0.00000  0
 1.050  0.375  1         0.00000  0
 1.050  0.400  1         0.00000  0
 1.050  0.425  1         0.00000  0
 1.050  0.450  1         0.00000  0
 1.050  0.475  1         0.00000  0
 1.050  0.500  1         0.00000  0
 1.050  0.525  1         0.00000  0
 1.050  0.550  1         0.00000  0
 1.050  0.575  1         0.00000  0
 1.050  0.600  1         0.00000  0
 1.075 -0.075 -1         0.00000  0
 1.075 -0.050 -1         0.00000  0
 1.075 -0.025 -1         0.00000  0
 1.075  0.000 -1         0.00000  0
 1.075  0.025 -1         0.00000  0
 1.075  0.050 -1         0.00000  0
 1.075  0.075 -1         0.00000  0
 1.075  0.100 -1         0.00000  0
 1.075  0.125 -1         0.00000  0
 1.075  0.150 -1         0.00000  0
 1.075  0.175 -1         0.00000  0
 1.075  0.200 -1         0.00000  0
 1.075  0.225 -1         0.00000  0
 1.075  0.250 -1         0.00000  0
 1.075  0.275 -1         0.00000  0
 1.075  0.300 -1         0.00000  0
 1.075  0.325 -1         0.00000  0
 1.075  0.350 -1         0.00000  0
 1.075  0.375 -1         0.00000  0
 1.075  0.400 -1         0.00000  0
 1.075  0.425 -1         0.00000  0
 1.075  0.450 -1         0.00000  0
 1.075  0.475 -1         0.00000  0
 1.075  0.500 -1         0.00000  0
 1.075  0.525 -1         0.00000  0
 1.075  0.550 -1         0.00000  0
 1.075  0.575  1         0.00000  0
 1.075  0.600  1         0.00000  0
 1.100 -0.075 -1         0.00000  0
 1.100 -0.050 -1         0.00000  0
 1.100 -0.025 -1         0.00000  0
 1.100  0.000 -1         0.00000  0
 1.100  0.025 -1         0.00000  0
 1.100  0.050 -1         0.00000  0
 1.100  0.075 -1         0.00000  0
 1.100  0.100 -1         0.00000  0
 1.100  0.125 -1         0.00000  0
 1.100  0.150 -1         0.00000  0
 1.100  0.175 -1         0.00000  0
 1.100  0.200 -1         0.00000  0
 1.100  0.225 -1         0.00000  0
 1.100  0.250 -1         0.00000  0
 1.100  0.275 -1         0.00000  0
 1.100  0.300 -1         0.00000  0
 1.100  0.325 -1         0.00000  0
 1.100  0.350 -1         0.00000  0
 1.100  0.375 -1         0.00000  0
 1.100  0.400 -1         0.00000  0
 1.100  0.425 -1         0.00000  0
 1.100  0.450 -1         0.00000  0
 1.100  0.475 -1         0.00000  0
 1.100  0.500 -1         0.00000  0
 1.100  0.525 -1         0.00000  0
 1.100  0.550 -1         0.00000  0
 1.100  0.575  1         0.00000  0
 1.100  0.600  1         0.00000  0
