-0.060 -0.060 -1         0.00000  0
-0.060 -0.040 -1         0.00000  0
-0.060 -0.020 -1         0.00000  0
-0.060  0.000 -1         0.00000  0
-0.060  0.020 -1         0.00000  0
-0.060  0.040 -1         0.00000  0
-0.060  0.060 -1         0.00000  0
-0.060  0.080 -1         0.00000  0
-0.060  0.100 -1         0.00000  0
-0.060  0.120 -1         0.00000  0
-0.060  0.140 -1         0.00000  0
-0.060  0.160 -1         0.00000  0
-0.060  0.180 -1         0.00000  0
-0.060  0.200 -1         0.00000  0
-0.060  0.220 -1         0.00000  0
-0.060  0.240 -1         0.00000  0
-0.060  0.260 -1         0.00000  0
-0.060  0.280 -1         0.00000  0
-0.060  0.300 -1         0.00000  0
-0.060  0.320 -1         0.00000  0
-0.060  0.340 -1         0.00000  0
-0.060  0.360 -1         0.00000  0
-0.060  0.380 -1         0.00000  0
-0.060  0.400 -1         0.00000  0
-0.060  0.420 -1         0.00000  0
-0.060  0.440 -1         0.00000  0
-0.060  0.460 -1         0.00000  0
-0.060  0.480 -1         0.00000  0
-0.060  0.500 -1         0.00000  0
-0.060  0.520 -1         0.00000  0
-0.060  0.540 -1         0.00000  0
-0.060  0.560 -1         0.00000  0
-0.060  0.580  1         0.00000  0
-0.060  0.600  1         0.00000  0
-0.040 -0.060 -1         0.00000  0
-0.040 -0.040 -1         0.00000  0
-0.040 -0.020 -1         0.00000  0
-0.040  0.000 -1         0.00000  0
-0.040  0.020 -1         0.00000  0
-0.040  0.040 -1         0.00000  0
-0.040  0.060 -1         0.00000  0
-0.040  0.080 -1         0.00000  0
-0.040  0.100 -1         0.00000  0
-0.040  0.120 -1         0.00000  0
-0.040  0.140 -1         0.00000  0
-0.040  0.160 -1         0.00000  0
-0.040  0.180 -1         0.00000  0
-0.040  0.200 -1         0.00000  0
-0.040  0.220 -1         0.00000  0
-0.040  0.240 -1         0.00000  0
-0.040  0.260 -1         0.00000  0
-0.040  0.280 -1         0.00000  0
-0.040  0.300 -1         0.00000  0
-0.040  0.320 -1         0.00000  0
-0.040  0.340 -1         0.00000  0
-0.040  0.360 -1         0.00000  0
-0.040  0.380 -1         0.00000  0
-0.040  0.400 -1         0.00000  0
-0.040  0.420 -1         0.00000  0
-0.040  0.440 -1         0.00000  0
-0.040  0.460 -1         0.00000  0
-0.040  0.480 -1         0.00000  0
-0.040  0.500 -1         0.00000  0
-0.040  0.520 -1         0.00000  0
-0.040  0.540 -1         0.00000  0
-0.040  0.560 -1         0.00000  0
-0.040  0.580  1         0.00000  0
-0.040  0.600  1         0.00000  0
-0.020 -0.060 -1         0.00000  0
-0.020 -0.040 -1         0.00000  0
-0.020 -0.020  1         0.00000  0
-0.020  0.000  1         0.00000  0
-0.020  0.020  1         0.00000  0
-0.020  0.040  1         0.00000  0
-0.020  0.060  1         0.00000  0
-0.020  0.080  1         0.00000  0
-0.020  0.100  1         0.00000  0
-0.020  0.120  1         0.00000  0
-0.020  0.140  1         0.00000  0
-0.020  0.160  1         0.00000  0
-0.020  0.180  1         0.00000  0
-0.020  0.200  1         0.00000  0
-0.020  0.220  1         0.00000  0
-0.020  0.240  1         0.00000  0
-0.020  0.260  1         0.00000  0
-0.020  0.280  1         0.00000  0
-0.020  0.300  1         0.00000  0
-0.020  0.320  1         0.00000  0
-0.020  0.340  1         0.00000  0
-0.020  0.360  1         0.00000  0
-0.020  0.380  1         0.00000  0
-0.020  0.400  1         0.00000  0
-0.020  0.420  1         0.00000  0
-0.020  0.440  1         0.00000  0
-0.020  0.460  1         0.00000  0
-0.020  0.480  1         0.00000  0
-0.020  0.500  1         0.00000  0
-0.020  0.520  1         0.00000  0
-0.020  0.540  1         0.00000  0
-0.020  0.560  1         0.00000  0
-0.020  0.580  1         0.00000  0
-0.020  0.600  1         0.00000  0
 0.000 -0.060 -1         0.00000  0
 0.000 -0.040 -1         0.00000  0
 0.000 -0.020  1         0.00000  0
 0.000  0.000  1         0.00000  0
 0.000  0.020  1         0.00000  0
 0.000  0.040  1         0.00000  0
 0.000  0.060  1         0.00000  0
 0.000  0.080  1         0.00000  0
 0.000  0.100  1         0.00000  0
 0.000  0.120  1         0.00000  0
 0.000  0.140  1         0.00000  0
 0.000  0.160  1         0.00000  0
 0.000  0.180  1         0.00000  0
 0.000  0.200  1         0.00000  0
 0.000  0.220  1         0.00000  0
 0.000  0.240  1         0.00000  0
 0.000  0.260  1         0.00000  0
 0.000  0.280  1         0.00000  0
 0.000  0.300  1         0.00000  0
 0.000  0.320  1         0.00000  0
 0.000  0.340  1         0.00000  0
 0.000  0.360  1         0.00000  0
 0.000  0.380  1         0.00000  0
 0.000  0.400  1         0.00000  0
 0.000  0.420  1         0.00000  0
 0.000  0.440  1         0.00000  0
 0.000  0.460  1         0.00000  0
 0.000  0.480  1         0.00000  0
 0.000  0.500  1         0.00000  0
 0.000  0.520  1         0.00000  0
 0.000  0.540  1         0.00000  0
 0.000  0.560  1         0.00000  0
 0.000  0.580  1         0.00000  0
 0.000  0.600  1         0.00000  0
 0.020 -0.060 -1         0.00000  0
 0.020 -0.040 -1         0.00000  0
 0.020 -0.020  1         0.00000  0
 0.020  0.000  1         0.00000  0
 0.380  0.018  0         0.00000  0
 0.144  0.043  0         0.00000  0
 0.193  0.088  0         0.00000  0
 0.515  0.049  0         0.00000  0
 0.119  0.084  0         0.00000  0
 0.084  0.057  0       407.26886  0
 0.420  0.070  0         0.00000  0
 0.722  0.075  0         0.00000  0
 0.417  0.018  0         0.00000  0
 0.049  0.021  0      1054.79684  0
 0.091  0.104  0         0.00000  0
 0.427  0.052  0         0.00000  0
 0.067  0.086  0         0.00000  0
 0.129  0.093  0         0.00000  0
 0.094  0.078  0         0.00000  0
 0.533  0.069  0         0.00000  0
 0.412  0.100  0         0.00000  0
 0.017  0.034  0      1184.46044  0
 0.107  0.065  0         0.00000  0
 0.026  0.017  0         0.00000  0
 0.133  0.019  0         0.00000  0
 0.169  0.066  0         0.00000  0
 0.107  0.017  0       393.58571  0
 0.259  0.049  0         0.00000  0
 0.382  0.072  0         0.00000  0
 0.040 -0.060 -1         0.00000  0
 0.040 -0.040 -1         0.00000  0
 0.040 -0.020  1         0.00000  0
 0.040  0.000  1         0.00000  0
 0.312  0.023  0         0.00000  0
 0.397  0.112  0         0.00000  0
 0.446  0.080  0         0.00000  0
 0.440  0.038  0         0.00000  0
 0.038  0.101  0         0.00000  0
 0.331  0.113  0         0.00000  0
 0.391  0.055  0         0.00000  0
 0.370  0.043  0         0.00000  0
 0.501  0.061  0       593.40790  0
 0.224  0.026  0         0.00000  0
 0.280  0.097  0         0.00000  0
 0.123  0.064  0         0.00000  0
 0.803  0.145  0         0.00000  0
 0.367  0.083  0         0.00000  0
 0.445  0.019  0       452.45592  0
 0.324  0.050  0      1317.58801  0
 0.468  0.078  0         0.00000  0
 0.209  0.015  0      2404.00549  0
 0.288  0.016  0      2365.40184  0
 0.040  0.083  0         0.00000  0
 0.278  0.060  0      2932.82662  0
 0.232  0.091  0         0.00000  0
 0.248  0.081  0         0.00000  0
 0.044  0.056  0       839.84892  0
 0.233  0.039  0      1176.95714  0
 0.060 -0.060 -1         0.00000  0
 0.060 -0.040 -1         0.00000  0
 0.060 -0.020  1         0.00000  0
 0.060  0.000  1         0.00000  0
 0.360  0.098  0         0.00000  0
 0.251  0.015  0      1249.14519  0
 0.331  0.020  0       731.30757  0
 0.489  0.071  0      1627.36635  0
 0.481  0.020  0      1537.67213  0
 0.698  0.026  0      2423.26237  0
 0.646  0.024  0      2252.66037  0
 0.997  0.105  0         0.00000  0
 0.635  0.068  0      2308.38455  0
 0.127  0.035  0         0.00000  0
 0.145  0.076  0         0.00000  0
 0.262  0.120  0         0.00000  0
 0.463  0.044  0         0.00000  0
 0.691  0.169  0         0.00000  0
 0.381  0.097  0         0.00000  0
 0.433  0.078  0         0.00000  0
 0.297  0.088  0         0.00000  0
 0.451  0.059  0         0.00000  0
 0.320  0.100  0         0.00000  0
 0.027  0.054  0         0.00000  0
 0.040  0.037  0         0.00000  0
 0.182  0.035  0      2439.25584  0
 0.261  0.082  0         0.00000  0
 0.153  0.022  0         0.00000  0
 0.331  0.074  0         0.00000  0
 0.080 -0.060 -1         0.00000  0
 0.080 -0.040 -1         0.00000  0
 0.080 -0.020  1         0.00000  0
 0.080  0.000  1         0.00000  0
 0.743  0.097  0         0.00000  0
 0.612  0.073  0         0.00000  0
 0.110  0.042  0         0.00000  0
 0.063  0.037  0         0.00000  0
 0.714  0.155  0         0.00000  0
 0.666  0.129  0      1390.26810  0
 0.532  0.044  0      1738.21356  0
 0.804  0.080  0         0.00000  0
 0.745  0.169  0         0.00000  0
 0.679  0.144  0         0.00000  0
 0.189  0.078  0         0.00000  0
 0.832  0.103  0      1897.82682  0
 0.091  0.040  0         0.00000  0
 0.059  0.101  0         0.00000  0
 0.512  0.082  0         0.00000  0
 0.503  0.036  0         0.00000  0
 0.565  0.021  0      2814.44767  0
 0.771  0.112  0         0.00000  0
 0.147  0.058  0      1634.62116  0
 0.802  0.215  0         0.00000  0
 0.227  0.070  0        92.61085  0
 0.068  0.019  0      1112.70503  0
 0.363  0.032  0         0.00000  0
 0.557  0.073  0         0.00000  0
 0.022  0.091  0         0.00000  0
 0.100 -0.060 -1         0.00000  0
 0.100 -0.040 -1         0.00000  0
 0.100 -0.020  1         0.00000  0
 0.100  0.000  1      2501.08392  0
 0.732  0.022  0      1295.14665  0
 0.825  0.039  0      1902.49321  0
 0.679  0.111  0         0.00000  0
 0.787  0.072  0       789.40632  0
 0.053  0.071  0         0.00000  0
 0.297  0.031  0      1352.70881  0
 0.657  0.111  0         0.00000  0
 0.907  0.091  0      2022.78009  0
 0.740  0.077  0         0.00000  0
 0.655  0.068  0      1533.76958  0
 0.349  0.056  0         0.00000  0
 0.219  0.049  0         0.00000  0
 0.785  0.126  0         0.00000  0
 0.546  0.052  0         0.00000  0
 0.507  0.017  0         0.00000  0
 0.701  0.047  0         0.00000  0
 0.334  0.040  0       624.95437  0
 0.209  0.065  0         0.00000  0
 0.560  0.037  0      3380.40916  0
 0.209  0.086  0         0.00000  0
 0.395  0.023  0         0.00000  0
 0.528  0.023  0         0.00000  0
 0.462  0.021  0      1418.65099  0
 0.195  0.119  0         0.00000  0
 0.256  0.031  0       992.57188  0
 0.120 -0.060 -1         0.00000  0
 0.120 -0.040 -1         0.00000  0
 0.120 -0.020  1         0.00000  0
 0.120  0.000  1         0.00000  0
 0.848  0.138  0         0.00000  0
 0.820  0.075  0      1049.71377  0
 0.978  0.019  0         0.00000  0
 0.991  0.035  0      2429.45636  0
 0.955  0.056  0         0.00000  0
 0.778  0.043  0       463.97230  0
 0.857  0.052  0         0.00000  0
 0.731  0.113  0         0.00000  0
 0.309  0.060  0         0.00000  0
 0.539  0.124  0         0.00000  0
 0.719  0.042  0         0.00000  0
 0.585  0.041  0      2219.92075  0
 0.682  0.093  0       252.76814  0
 0.618  0.057  0      3816.93620  0
 0.484  0.037  0         0.00000  0
 0.634  0.085  0       777.73105  0
 0.761  0.143  0         0.00000  0
 0.338  0.092  0         0.00000  0
 0.089  0.022  0         0.00000  0
 0.201  0.033  0      1241.34318  0
 0.273  0.035  0         0.00000  0
 0.399  0.041  0         0.00000  0
 0.503  0.093  0         0.00000  0
 0.547  0.100  0         0.00000  0
 0.465  0.095  0         0.00000  0
 0.140 -0.060 -1         0.00000  0
 0.140 -0.040 -1         0.00000  0
 0.140 -0.020  1         0.00000  0
 0.140  0.000  1         0.00000  0
 0.866  0.090  0      3187.59232  0
 0.962  0.035  0      2765.28870  0
 0.954  0.138  0         0.00000  0
 0.767  0.019  0      2310.24218  0
 0.754  0.062  0         0.00000  0
 0.890  0.097  0       463.52663  0
 0.774  0.165  0         0.00000  1
 0.941  0.164  0         0.00000  0
 0.715  0.019  0      5159.62528  0
 0.761  0.180  0         0.00000  0
 0.924  0.103  0       416.27696  0
 0.924  0.031  0       448.18447  0
 0.675  0.074  0         0.00000  0
 0.598  0.099  0         0.00000  0
 0.666  0.040  0       488.64658  0
 0.803  0.031  0      1933.40983  0
 0.804  0.112  0         0.00000  0
 0.750  0.142  0         0.00000  0
 0.661  0.152  0         0.00000  0
 0.809  0.193  0         0.00000  0
 0.475  0.057  0         0.00000  0
 0.400  0.092  0         0.00000  0
 0.675  0.052  0       737.76017  0
 0.250  0.114  0         0.00000  0
 0.453  0.106  0         0.00000  0
 0.160 -0.060 -1         0.00000  0
 0.160 -0.040 -1         0.00000  0
 0.160 -0.020  1         0.00000  0
 0.160  0.000  1      2192.96086  0
 0.244  0.060  0         0.00000  0
 0.882  0.020  0      1072.33306  0
 0.631  0.148  0         0.00000  0
 0.839  0.122  0      1422.40360  0
 0.883  0.053  0      2729.26213  0
 0.838  0.149  0         0.00000  0
 0.944  0.070  0      1759.54924  0
 0.710  0.091  0         0.00000  0
 0.966  0.100  0       723.05380  0
 0.630  0.123  0         0.00000  0
 0.976  0.066  0      2233.12785  0
 0.910  0.070  0      1468.63044  0
 0.400  0.069  0         0.00000  0
 0.604  0.019  0      1498.84528  0
 0.977  0.086  0         0.00000  0
 1.001  0.020  0      2914.01150  0
 0.818  0.019  0      1012.77213  0
 0.773  0.064  0      1102.23666  0
 0.919  0.129  0         0.00000  0
 0.855  0.101  0       862.65362  0
 0.698  0.151  0         0.00000  0
 0.697  0.136  0       234.05941  0
 0.928  0.151  0         0.00000  0
 0.306  0.124  0         0.00000  0
 0.595  0.076  0         0.00000  0
 0.180 -0.060 -1         0.00000  0
 0.180 -0.040 -1         0.00000  0
 0.180 -0.020  1         0.00000  0
 0.180  0.000  1         0.00000  0
 0.622  0.099  0         0.00000  0
 1.004  0.051  0         0.00000  0
 0.953  0.086  0       214.96404  0
 0.760  0.086  0         0.00000  0
 0.998  0.126  0      2307.90163  0
 0.903  0.051  0       686.79096  0
 0.798  0.048  0       430.89270  0
 0.882  0.148  0         0.00000  0
 0.612  0.038  0      1815.41041  0
 0.741  0.047  0         0.00000  0
 0.348  0.020  0         0.00000  0
 0.976  0.048  0      1567.08550  0
 0.864  0.123  0         0.00000  0
 0.906  0.018  0      2134.42906  0
 0.422  0.034  0         0.00000  0
 0.290  0.049  0         0.00000  0
 0.728  0.125  0         0.00000  0
 0.840  0.082  0      1012.64077  0
 0.070  0.055  0         0.00000  0
 0.956  0.114  0       987.01017  0
 0.750  0.022  0      2677.24563  0
 0.630  0.040  0      1614.93840  0
 0.941  0.100  0      2204.96769  0
 0.653  0.139  0         0.00000  0
 0.774  0.175  0         0.00000  1
 0.200 -0.060 -1         0.00000  0
 0.200 -0.040 -1         0.00000  0
 0.200 -0.020  1         0.00000  0
 0.200  0.000  1         0.00000  0
 0.544  0.018  0       154.78631  0
 0.792  0.105  0       733.62649  0
 0.993  0.071  0      1354.03979  0
 0.851  0.071  0      1318.39094  0
 0.928  0.056  0        96.85420  0
 0.874  0.067  0      1085.76890  0
 0.984  0.116  0         0.00000  0
 0.586  0.129  0         0.00000  0
 0.531  0.103  0         0.00000  0
 0.620  0.119  0       706.37581  0
 0.817  0.099  0      2107.42378  0
 0.696  0.109  0       523.47315  0
 0.486  0.115  0         0.00000  0
 0.839  0.019  0       892.79673  0
 0.956  0.019  0      1993.67708  0
 0.755  0.108  0         0.00000  0
 0.933  0.018  0      2876.78389  0
 0.835  0.056  0         0.00000  0
 0.568  0.053  0         0.00000  0
 0.779  0.089  0         0.00000  0
 0.875  0.107  0         0.00000  0
 0.909  0.114  0         0.00000  0
 0.597  0.113  0         0.00000  0
 0.763  0.040  0       110.83761  0
 0.663  0.020  0      3961.45302  0
 0.220 -0.060 -1         0.00000  0
 0.220 -0.040 -1         0.00000  0
 0.220 -0.020  1         0.00000  0
 0.220  0.000  1         0.00000  0
 0.683  0.018  0      1022.69815  0
 0.894  0.127  0      1099.07609  0
 0.700  0.080  0       996.17813  0
 0.815  0.145  0         0.00000  0
 0.983  0.140  0         0.00000  0
 0.460  0.117  0         0.00000  0
 1.002  0.085  0      2420.60502  0
 0.889  0.077  0         0.00000  0
 1.002  0.146  0         0.00000  0
 0.970  0.140  0         0.00000  0
 0.586  0.020  0      1104.27133  0
 0.872  0.037  0      2266.34835  0
 0.311  0.076  0         0.00000  0
 0.944  0.127  0         0.00000  0
 0.580  0.113  0         0.00000  0
 0.824  0.130  0         0.00000  0
 0.912  0.144  0         0.00000  0
 0.814  0.056  0      1798.50311  0
 0.709  0.118  0         0.00000  0
 0.727  0.146  0         0.00000  0
 0.580  0.079  0         0.00000  0
 0.726  0.059  0      2308.42788  0
 0.643  0.103  0         0.00000  0
 0.863  0.020  0      2461.39542  0
 0.925  0.080  0      1594.32127  0
 0.240 -0.060 -1         0.00000  0
 0.240 -0.040 -1         0.00000  0
 0.240 -0.020  1         0.00000  0
 0.240  0.000  1         0.00000  0
 0.648  0.049  0         0.00000  0
 0.790  0.017  0       335.20273  0
 0.192  0.049  0         0.00000  0
 0.897  0.151  0         0.00000  0
 0.901  0.034  0      2165.62025  0
 0.798  0.161  0         0.00000  0
 0.693  0.060  0      1174.52054  0
 0.938  0.044  0      1994.17400  0
 0.877  0.134  0         0.00000  0
 0.169  0.017  0         0.00000  0
 0.080  0.095  0         0.00000  0
 0.352  0.068  0         0.00000  0
 0.532  0.087  0       822.30601  0
 0.594  0.051  0      1524.86346  0
 0.017  0.071  0       352.66896  0
 0.660  0.086  0         0.00000  0
 0.566  0.085  0         0.00000  0
 0.283  0.077  0         0.00000  0
 0.104  0.099  0         0.00000  0
 0.557  0.115  0         0.00000  0
 0.846  0.036  0      2048.68292  0
 0.173  0.046  0         0.00000  0
 0.628  0.018  0      2836.74226  0
 0.158  0.077  0         0.00000  0
 0.490  0.094  0         0.00000  0
 0.260 -0.060 -1         0.00000  0
 0.260 -0.040 -1         0.00000  0
 0.260 -0.020  1         0.00000  0
 0.260  0.000  1       699.33514  0
 0.280 -0.060 -1         0.00000  0
 0.280 -0.040 -1         0.00000  0
 0.280 -0.020  1         0.00000  0
 0.280  0.000  1         0.00000  0
 0.300 -0.060 -1         0.00000  0
 0.300 -0.040 -1         0.00000  0
 0.300 -0.020  1         0.00000  0
 0.300  0.000  1       566.06305  0
 0.320 -0.060 -1         0.00000  0
 0.320 -0.040 -1         0.00000  0
 0.320 -0.020  1         0.00000  0
 0.320  0.000  1         0.00000  0
 0.340 -0.060 -1         0.00000  0
 0.340 -0.040 -1         0.00000  0
 0.340 -0.020  1         0.00000  0
 0.340  0.000  1         0.00000  0
 0.360 -0.060 -1         0.00000  0
 0.360 -0.040 -1         0.00000  0
 0.360 -0.020  1         0.00000  0
 0.360  0.000  1         0.00000  0
 0.380 -0.060 -1         0.00000  0
 0.380 -0.040 -1         0.00000  0
 0.380 -0.020  1         0.00000  0
 0.380  0.000  1         0.00000  0
 0.400 -0.060 -1         0.00000  0
 0.400 -0.040 -1         0.00000  0
 0.400 -0.020  1         0.00000  0
 0.400  0.000  1         0.00000  0
 0.420 -0.060 -1         0.00000  0
 0.420 -0.040 -1         0.00000  0
 0.420 -0.020  1         0.00000  0
 0.420  0.000  1         0.00000  0
 0.440 -0.060 -1         0.00000  0
 0.440 -0.040 -1         0.00000  0
 0.440 -0.020  1         0.00000  0
 0.440  0.000  1         0.00000  0
 0.460 -0.060 -1         0.00000  0
 0.460 -0.040 -1         0.00000  0
 0.460 -0.020  1         0.00000  0
 0.460  0.000  1       124.63675  0
 0.480 -0.060 -1         0.00000  0
 0.480 -0.040 -1         0.00000  0
 0.480 -0.020  1         0.00000  0
 0.480  0.000  1         0.00000  0
 0.500 -0.060 -1         0.00000  0
 0.500 -0.040 -1         0.00000  0
 0.500 -0.020  1         0.00000  0
 0.500  0.000  1       548.04838  0
 0.520 -0.060 -1         0.00000  0
 0.520 -0.040 -1         0.00000  0
 0.520 -0.020  1         0.00000  0
 0.520  0.000  1         0.00000  0
 0.540 -0.060 -1         0.00000  0
 0.540 -0.040 -1         0.00000  0
 0.540 -0.020  1         0.00000  0
 0.540  0.000  1      2838.91072  0
 0.560 -0.060 -1         0.00000  0
 0.560 -0.040 -1         0.00000  0
 0.560 -0.020  1         0.00000  0
 0.560  0.000  1      1214.77808  0
 0.580 -0.060 -1         0.00000  0
 0.580 -0.040 -1         0.00000  0
 0.580 -0.020  1         0.00000  0
 0.580  0.000  1         0.00000  0
 0.600 -0.060 -1         0.00000  0
 0.600 -0.040 -1         0.00000  0
 0.600 -0.020  1         0.00000  0
 0.600  0.000  1      3042.00841  0
 0.620 -0.060 -1         0.00000  0
 0.620 -0.040 -1         0.00000  0
 0.620 -0.020  1         0.00000  0
 0.620  0.000  1      2713.53644  0
 0.640 -0.060 -1         0.00000  0
 0.640 -0.040 -1         0.00000  0
 0.640 -0.020  1         0.00000  0
 0.640  0.000  1         0.00000  0
 0.660 -0.060 -1         0.00000  0
 0.660 -0.040 -1         0.00000  0
 0.660 -0.020  1         0.00000  0
 0.660  0.000  1      1542.76477  0
 0.680 -0.060 -1         0.00000  0
 0.680 -0.040 -1         0.00000  0
 0.680 -0.020  1         0.00000  0
 0.680  0.000  1      3721.24057  0
 0.700 -0.060 -1         0.00000  0
 0.700 -0.040 -1         0.00000  0
 0.700 -0.020  1         0.00000  0
 0.700  0.000  1         0.00000  0
 0.720 -0.060 -1         0.00000  0
 0.720 -0.040 -1         0.00000  0
 0.720 -0.020  1         0.00000  0
 0.720  0.000  1         0.00000  0
 0.740 -0.060 -1         0.00000  0
 0.740 -0.040 -1         0.00000  0
 0.740 -0.020  1         0.00000  0
 0.740  0.000  1         0.00000  0
 0.760 -0.060 -1         0.00000  0
 0.760 -0.040 -1         0.00000  0
 0.760 -0.020  1         0.00000  0
 0.760  0.000  1      3273.36270  0
 0.780 -0.060 -1         0.00000  0
 0.780 -0.040 -1         0.00000  0
 0.780 -0.020  1         0.00000  0
 0.780  0.000  1      2093.14656  0
 0.800 -0.060 -1         0.00000  0
 0.800 -0.040 -1         0.00000  0
 0.800 -0.020  1         0.00000  0
 0.800  0.000  1      1905.77560  0
 0.820 -0.060 -1         0.00000  0
 0.820 -0.040 -1         0.00000  0
 0.820 -0.020  1         0.00000  0
 0.820  0.000  1      2482.29120  0
 0.840 -0.060 -1         0.00000  0
 0.840 -0.040 -1         0.00000  0
 0.840 -0.020  1         0.00000  0
 0.840  0.000  1      2799.37661  0
 0.860 -0.060 -1         0.00000  0
 0.860 -0.040 -1         0.00000  0
 0.860 -0.020  1         0.00000  0
 0.860  0.000  1      3248.92211  0
 0.880 -0.060 -1         0.00000  0
 0.880 -0.040 -1         0.00000  0
 0.880 -0.020  1         0.00000  0
 0.880  0.000  1      2782.19229  0
 0.900 -0.060 -1         0.00000  0
 0.900 -0.040 -1         0.00000  0
 0.900 -0.020  1         0.00000  0
 0.900  0.000  1      1112.77950  0
 0.920 -0.060 -1         0.00000  0
 0.920 -0.040 -1         0.00000  0
 0.920 -0.020  1         0.00000  0
 0.920  0.000  1         0.00000  0
 0.940 -0.060 -1         0.00000  0
 0.940 -0.040 -1         0.00000  0
 0.940 -0.020  1         0.00000  0
 0.940  0.000  1       440.95837  0
 0.960 -0.060 -1         0.00000  0
 0.960 -0.040 -1         0.00000  0
 0.960 -0.020  1         0.00000  0
 0.960  0.000  1      3080.00827  0
 0.980 -0.060 -1         0.00000  0
 0.980 -0.040 -1         0.00000  0
 0.980 -0.020  1         0.00000  0
 0.980  0.000  1      2669.84055  0
 1.000 -0.060 -1         0.00000  0
 1.000 -0.040 -1         0.00000  0
 1.000 -0.020  1         0.00000  0
 1.000  0.000  1      1761.36038  0
 1.020 -0.060 -1         0.00000  0
 1.020 -0.040 -1         0.00000  0
 1.020 -0.020  1         0.00000  0
 1.020  0.000  1         0.00000  0
 1.020  0.020  1      1259.69712  0
 1.020  0.040  1       589.98027  0
 1.020  0.060  1      2118.86839  0
 1.020  0.080  1      1475.98111  0
 1.020  0.100  1         0.00000  0
 1.020  0.120  1         0.00000  0
 1.020  0.140  1         0.00000  0
 1.020  0.160  1         0.00000  0
 1.020  0.180  1         0.00000  0
 1.020  0.200  1         0.00000  0
 1.020  0.220  1         0.00000  0
 1.020  0.240  1         0.00000  0
 1.020  0.260  1         0.00000  0
 1.020  0.280  1         0.00000  0
 1.020  0.300  1         0.00000  0
 1.020  0.320  1         0.00000  0
 1.020  0.340  1         0.00000  0
 1.020  0.360  1         0.00000  0
 1.020  0.380  1         0.00000  0
 1.020  0.400  1         0.00000  0
 1.020  0.420  1         0.00000  0
 1.020  0.440  1         0.00000  0
 1.020  0.460  1         0.00000  0
 1.020  0.480  1         0.00000  0
 1.020  0.500  1         0.00000  0
 1.020  0.520  1         0.00000  0
 1.020  0.540  1         0.00000  0
 1.020  0.560  1         0.00000  0
 1.020  0.580  1         0.00000  0
 1.020  0.600  1         0.00000  0
 1.040 -0.060 -1         0.00000  0
 1.040 -0.040 -1         0.00000  0
 1.040 -0.020  1         0.00000  0
 1.040  0.000  1         0.00000  0
 1.040  0.020  1         0.00000  0
 1.040  0.040  1         0.00000  0
 1.040  0.060  1         0.00000  0
 1.040  0.080  1         0.00000  0
 1.040  0.100  1         0.00000  0
 1.040  0.120  1         0.00000  0
 1.040  0.140  1         0.00000  0
 1.040  0.160  1         0.00000  0
 1.040  0.180  1         0.00000  0
 1.040  0.200  1         0.00000  0
 1.040  0.220  1         0.00000  0
 1.040  0.240  1         0.00000  0
 1.040  0.260  1         0.00000  0
 1.040  0.280  1         0.00000  0
 1.040  0.300  1         0.00000  0
 1.040  0.320  1         0.00000  0
 1.040  0.340  1         0.00000  0
 1.040  0.360  1         0.00000  0
 1.040  0.380  1         0.00000  0
 1.040  0.400  1         0.00000  0
 1.040  0.420  1         0.00000  0
 1.040  0.440  1         0.00000  0
 1.040  0.460  1         0.00000  0
 1.040  0.480  1         0.00000  0
 1.040  0.500  1         0.00000  0
 1.040  0.520  1         0.00000  0
 1.040  0.540  1         0.00000  0
 1.040  0.560  1         0.00000  0
 1.040  0.580  1         0.00000  0
 1.040  0.600  1         0.00000  0
 1.060 -0.060 -1         0.00000  0
 1.060 -0.040 -1         0.00000  0
 1.060 -0.020 -1         0.00000  0
 1.060  0.000 -1         0.00000  0
 1.060  0.020 -1         0.00000  0
 1.060  0.040 -1         0.00000  0
 1.060  0.060 -1         0.00000  0
 1.060  0.080 -1         0.00000  0
 1.060  0.100 -1         0.00000  0
 1.060  0.120 -1         0.00000  0
 1.060  0.140 -1         0.00000  0
 1.060  0.160 -1         0.00000  0
 1.060  0.180 -1         0.00000  0
 1.060  0.200 -1         0.00000  0
 1.060  0.220 -1         0.00000  0
 1.060  0.240 -1         0.00000  0
 1.060  0.260 -1         0.00000  0
 1.060  0.280 -1         0.00000  0
 1.060  0.300 -1         0.00000  0
 1.060  0.320 -1         0.00000  0
 1.060  0.340 -1         0.00000  0
 1.060  0.360 -1         0.00000  0
 1.060  0.380 -1         0.00000  0
 1.060  0.400 -1         0.00000  0
 1.060  0.420 -1         0.00000  0
 1.060  0.440 -1         0.00000  0
 1.060  0.460 -1         0.00000  0
 1.060  0.480 -1         0.00000  0
 1.060  0.500 -1         0.00000  0
 1.060  0.520 -1         0.00000  0
 1.060  0.540 -1         0.00000  0
 1.060  0.560 -1         0.00000  0
 1.060  0.580  1         0.00000  0
 1.060  0.600  1         0.00000  0
 1.080 -0.060 -1         0.00000  0
 1.080 -0.040 -1         0.00000  0
 1.080 -0.020 -1         0.00000  0
 1.080  0.000 -1         0.00000  0
 1.080  0.020 -1         0.00000  0
 1.080  0.040 -1         0.00000  0
 1.080  0.060 -1         0.00000  0
 1.080  0.080 -1         0.00000  0
 1.080  0.100 -1         0.00000  0
 1.080  0.120 -1         0.00000  0
 1.080  0.140 -1         0.00000  0
 1.080  0.160 -1         0.00000  0
 1.080  0.180 -1         0.00000  0
 1.080  0.200 -1         0.00000  0
 1.080  0.220 -1         0.00000  0
 1.080  0.240 -1         0.00000  0
 1.080  0.260 -1         0.00000  0
 1.080  0.280 -1         0.00000  0
 1.080  0.300 -1         0.00000  0
 1.080  0.320 -1         0.00000  0
 1.080  0.340 -1         0.00000  0
 1.080  0.360 -1         0.00000  0
 1.080  0.380 -1         0.00000  0
 1.080  0.400 -1         0.00000  0
 1.080  0.420 -1         0.00000  0
 1.080  0.440 -1         0.00000  0
 1.080  0.460 -1         0.00000  0
 1.080  0.480 -1         0.00000  0
 1.080  0.500 -1         0.00000  0
 1.080  0.520 -1         0.00000  0
 1.080  0.540 -1         0.00000  0
 1.080  0.560 -1         0.00000  0
 1.080  0.580  1         0.00000  0
 1.080  0.600  1         0.00000  0
