-0.075 -0.075 -1         0.00000  0
-0.075 -0.050 -1         0.00000  0
-0.075 -0.025 -1         0.00000  0
-0.075  0.000 -1         0.00000  0
-0.075  0.025 -1         0.00000  0
-0.075  0.050 -1         0.00000  0
-0.075  0.075 -1         0.00000  0
-0.075  0.100 -1         0.00000  0
-0.075  0.125 -1         0.00000  0
-0.075  0.150 -1         0.00000  0
-0.075  0.175 -1         0.00000  0
-0.075  0.200 -1         0.00000  0
-0.075  0.225 -1         0.00000  0
-0.075  0.250 -1         0.00000  0
-0.075  0.275 -1         0.00000  0
-0.075  0.300 -1         0.00000  0
-0.075  0.325 -1         0.00000  0
-0.075  0.350 -1         0.00000  0
-0.075  0.375 -1         0.00000  0
-0.075  0.400 -1         0.00000  0
-0.075  0.425 -1         0.00000  0
-0.075  0.450 -1         0.00000  0
-0.075  0.475 -1         0.00000  0
-0.075  0.500 -1         0.00000  0
-0.075  0.525 -1         0.00000  0
-0.075  0.550 -1         0.00000  0
-0.075  0.575  1         0.00000  0
-0.075  0.600  1         0.00000  0
-0.050 -0.075 -1         0.00000  0
-0.050 -0.050 -1         0.00000  0
-0.050 -0.025 -1         0.00000  0
-0.050  0.000 -1         0.00000  0
-0.050  0.025 -1         0.00000  0
-0.050  0.050 -1         0.00000  0
-0.050  0.075 -1         0.00000  0
-0.050  0.100 -1         0.00000  0
-0.050  0.125 -1         0.00000  0
-0.050  0.150 -1         0.00000  0
-0.050  0.175 -1         0.00000  0
-0.050  0.200 -1         0.00000  0
-0.050  0.225 -1         0.00000  0
-0.050  0.250 -1         0.00000  0
-0.050  0.275 -1         0.00000  0
-0.050  0.300 -1         0.00000  0
-0.050  0.325 -1         0.00000  0
-0.050  0.350 -1         0.00000  0
-0.050  0.375 -1         0.00000  0
-0.050  0.400 -1         0.00000  0
-0.050  0.425 -1         0.00000  0
-0.050  0.450 -1         0.00000  0
-0.050  0.475 -1         0.00000  0
-0.050  0.500 -1         0.00000  0
-0.050  0.525 -1         0.00000  0
-0.050  0.550 -1         0.00000  0
-0.050  0.575  1         0.00000  0
-0.050  0.600  1         0.00000  0
-0.025 -0.075 -1         0.00000  0
-0.025 -0.050 -1         0.00000  0
-0.025 -0.025  1         0.00000  0
-0.025  0.000  1         0.00000  0
-0.025  0.025  1         0.00000  0
-0.025  0.050  1         0.00000  0
-0.025  0.075  1         0.00000  0
-0.025  0.100  1         0.00000  0
-0.025  0.125  1         0.00000  0
-0.025  0.150  1         0.00000  0
-0.025  0.175  1         0.00000  0
-0.025  0.200  1         0.00000  0
-0.025  0.225  1         0.00000  0
-0.025  0.250  1         0.00000  0
-0.025  0.275  1         0.00000  0
-0.025  0.300  1         0.00000  0
-0.025  0.325  1         0.00000  0
-0.025  0.350  1         0.00000  0
-0.025  0.375  1         0.00000  0
-0.025  0.400  1         0.00000  0
-0.025  0.425  1         0.00000  0
-0.025  0.450  1         0.00000  0
-0.025  0.475  1         0.00000  0
-0.025  0.500  1         0.00000  0
-0.025  0.525  1         0.00000  0
-0.025  0.550  1         0.00000  0
-0.025  0.575  1         0.00000  0
-0.025  0.600  1         0.00000  0
 0.000 -0.075 -1         0.00000  0
 0.000 -0.050 -1         0.00000  0
 0.000 -0.025  1         0.00000  0
 0.000  0.000  1      1753.14266  0
 0.000  0.025  1      3770.00150  0
 0.000  0.050  1      3157.35034  0
 0.000  0.075  1      2940.29705  0
 0.000  0.100  1      2468.48430  0
 0.000  0.125  1      2161.50477  0
 0.000  0.150  1      1789.00305  0
 0.000  0.175  1      1424.18853  0
 0.000  0.200  1      1035.70764  0
 0.000  0.225  1       633.32481  0
 0.000  0.250  1       221.05806  0
 0.000  0.275  1         0.00000  0
 0.000  0.300  1         0.00000  0
 0.000  0.325  1         0.00000  0
 0.000  0.350  1         0.00000  0
 0.000  0.375  1         0.00000  0
 0.000  0.400  1         0.00000  0
 0.000  0.425  1         0.00000  0
 0.000  0.450  1         0.00000  0
 0.000  0.475  1         0.00000  0
 0.000  0.500  1         0.00000  0
 0.000  0.525  1         0.00000  0
 0.000  0.550  1         0.00000  0
 0.000  0.575  1         0.00000  0
 0.000  0.600  1         0.00000  0
 0.025 -0.075 -1         0.00000  0
 0.025 -0.050 -1         0.00000  0
 0.025 -0.025  1         0.00000  0
 0.025  0.000  1      3814.63297  0
 0.023  0.023  0      4415.80515  0
 0.024  0.049  0      3169.22030  0
 0.024  0.074  0      3262.00254  0
 0.024  0.099  0      2737.28300  0
 0.024  0.124  0      2575.49062  0
 0.024  0.149  0      2251.34992  0
 0.025  0.174  0      1993.01321  0
 0.025  0.198  0      1723.99081  0
 0.025  0.223  0      1454.64630  0
 0.025  0.248  0      1160.61615  0
 0.025  0.273  0       824.11818  0
 0.025  0.298  0       432.61221  0
 0.025  0.323  0         8.40482  0
 0.025  0.348  0         0.00000  0
 0.025  0.373  0         0.00000  0
 0.025  0.398  0         0.00000  0
 0.025  0.423  0         0.00000  0
 0.025  0.448  0         0.00000  0
 0.025  0.473  0         0.00000  0
 0.025  0.498  0         0.00000  0
 0.050 -0.075 -1         0.00000  0
 0.050 -0.050 -1         0.00000  0
 0.050 -0.025  1         0.00000  0
 0.050  0.000  1      3176.76157  0
 0.050  0.024  0      2807.39660  0
 0.050  0.049  0      2339.69248  0
 0.050  0.074  0      2518.63851  0
 0.050  0.099  0      1699.69098  0
 0.050  0.124  0      1659.68709  0
 0.050  0.149  0      1328.57451  0
 0.050  0.174  0      1175.21181  0
 0.050  0.198  0      1060.22871  0
 0.050  0.223  0      1012.24885  0
 0.050  0.248  0       984.86423  0
 0.050  0.273  0       914.26149  0
 0.050  0.298  0       730.58995  0
 0.050  0.323  0       404.46956  0
 0.050  0.348  0         0.00000  0
 0.050  0.373  0         0.00000  0
 0.050  0.398  0         0.00000  0
 0.050  0.423  0         0.00000  0
 0.050  0.448  0         0.00000  0
 0.050  0.473  0         0.00000  0
 0.050  0.498  0         0.00000  0
 0.075 -0.075 -1         0.00000  0
 0.075 -0.050 -1         0.00000  0
 0.075 -0.025  1         0.00000  0
 0.075  0.000  1      3014.58266  0
 0.075  0.024  0      2922.40878  0
 0.075  0.049  0      2765.96499  0
 0.075  0.074  0      2689.07878  0
 0.075  0.099  0      1888.10027  0
 0.075  0.124  0      1831.34408  0
 0.075  0.149  0      1379.45683  0
 0.075  0.174  0      1146.57957  0
 0.075  0.198  0       947.81180  0
 0.075  0.223  0       852.81178  0
 0.075  0.248  0       834.77451  0
 0.075  0.273  0       842.54842  0
 0.075  0.298  0       794.57301  0
 0.075  0.323  0       608.65333  0
 0.075  0.348  0       261.97063  0
 0.075  0.373  0         0.00000  0
 0.075  0.398  0         0.00000  0
 0.075  0.423  0         0.00000  0
 0.075  0.448  0         0.00000  0
 0.075  0.473  0         0.00000  0
 0.075  0.498  0         0.00000  0
 0.100 -0.075 -1         0.00000  0
 0.100 -0.050 -1         0.00000  0
 0.100 -0.025  1         0.00000  0
 0.100  0.000  1      2664.35113  0
 0.100  0.024  0      2503.23807  0
 0.100  0.050  0      2192.63434  0
 0.100  0.074  0      2261.24405  0
 0.100  0.099  0      1567.64800  0
 0.100  0.124  0      1572.06798  0
 0.100  0.149  0      1178.46602  0
 0.100  0.174  0       992.78093  0
 0.100  0.198  0       814.95493  0
 0.100  0.223  0       730.38625  0
 0.100  0.248  0       721.54796  0
 0.100  0.273  0       754.83221  0
 0.100  0.298  0       759.43937  0
 0.100  0.323  0       649.32332  0
 0.100  0.348  0       366.61941  0
 0.100  0.373  0         0.00000  0
 0.100  0.398  0         0.00000  0
 0.100  0.423  0         0.00000  0
 0.100  0.448  0         0.00000  0
 0.100  0.473  0         0.00000  0
 0.100  0.498  0         0.00000  0
 0.125 -0.075 -1         0.00000  0
 0.125 -0.050 -1         0.00000  0
 0.125 -0.025  1         0.00000  0
 0.125  0.000  1      2421.18733  0
 0.125  0.024  0      2169.64319  0
 0.125  0.050  0      1904.44267  0
 0.125  0.074  0      2020.26964  0
 0.125  0.099  0      1330.52745  0
 0.125  0.124  0      1364.92358  0
 0.125  0.149  0       999.06695  0
 0.125  0.174  0       838.90917  0
 0.125  0.198  0       688.83377  0
 0.125  0.223  0       632.53422  0
 0.125  0.248  0       649.17070  0
 0.125  0.273  0       703.93692  0
 0.125  0.298  0       725.96711  0
 0.125  0.323  0       631.31975  0
 0.125  0.348  0       362.99116  0
 0.125  0.373  0         0.00000  0
 0.125  0.398  0         0.00000  0
 0.125  0.423  0         0.00000  0
 0.125  0.448  0         0.00000  0
 0.125  0.473  0         0.00000  0
 0.125  0.498  0         0.00000  0
 0.150 -0.075 -1         0.00000  0
 0.150 -0.050 -1         0.00000  0
 0.150 -0.025  1         0.00000  0
 0.150  0.000  1      2166.53621  0
 0.151  0.024  0      1885.24105  0
 0.150  0.050  0      1663.59172  0
 0.150  0.074  0      1769.24311  0
 0.150  0.099  0      1107.43989  0
 0.150  0.124  0      1146.55037  0
 0.150  0.149  0       793.56383  0
 0.150  0.173  0       663.30334  0
 0.150  0.198  0       559.97926  0
 0.150  0.223  0       557.25404  0
 0.150  0.248  0       619.64143  0
 0.150  0.273  0       693.77736  0
 0.150  0.298  0       700.62293  0
 0.150  0.323  0       563.92477  0
 0.150  0.348  0       260.27873  0
 0.150  0.373  0         0.00000  0
 0.150  0.398  0         0.00000  0
 0.150  0.423  0         0.00000  0
 0.150  0.448  0         0.00000  0
 0.150  0.473  0         0.00000  0
 0.150  0.498  0         0.00000  0
 0.175 -0.075 -1         0.00000  0
 0.175 -0.050 -1         0.00000  0
 0.175 -0.025  1         0.00000  0
 0.175  0.000  1      1956.37260  0
 0.176  0.024  0      1529.55917  0
 0.176  0.049  0      1367.47259  0
 0.176  0.074  0      1345.48255  0
 0.175  0.099  0       663.27508  0
 0.175  0.124  0       720.86999  0
 0.175  0.149  0       456.21463  0
 0.175  0.173  0       435.86480  0
 0.175  0.198  0       455.94145  0
 0.175  0.223  0       548.03650  0
 0.175  0.248  0       648.31022  0
 0.175  0.273  0       689.65275  0
 0.175  0.298  0       605.20504  0
 0.175  0.323  0       365.81230  0
 0.175  0.348  0        18.83483  0
 0.175  0.373  0         0.00000  0
 0.175  0.398  0         0.00000  0
 0.175  0.423  0         0.00000  0
 0.175  0.448  0         0.00000  0
 0.175  0.473  0         0.00000  0
 0.175  0.498  0         0.00000  0
 0.200 -0.075 -1         0.00000  0
 0.200 -0.050 -1         0.00000  0
 0.200 -0.025  1         0.00000  0
 0.200  0.000  1      1465.89541  0
 0.201  0.024  0       695.50518  0
 0.201  0.049  0       579.74765  0
 0.201  0.074  0       781.38676  0
 0.201  0.099  0       333.90848  0
 0.201  0.124  0       564.41571  0
 0.201  0.148  0       504.39161  0
 0.200  0.173  0       598.69557  0
 0.200  0.198  0       662.08907  0
 0.200  0.223  0       700.90074  0
 0.200  0.248  0       671.95124  0
 0.200  0.273  0       555.99362  0
 0.200  0.298  0       336.74113  0
 0.200  0.323  0        32.25821  0
 0.200  0.348  0         0.00000  0
 0.200  0.373  0         0.00000  0
 0.200  0.398  0         0.00000  0
 0.200  0.423  0         0.00000  0
 0.200  0.448  0         0.00000  0
 0.200  0.473  0         0.00000  0
 0.200  0.498  0         0.00000  0
 0.225 -0.075 -1         0.00000  0
 0.225 -0.050 -1         0.00000  0
 0.225 -0.025  1         0.00000  0
 0.225  0.000  1      1729.34008  0
 0.227  0.024  0      1202.87383  0
 0.226  0.049  0       830.28472  0
 0.226  0.074  0      1019.01780  0
 0.226  0.099  0       647.14141  0
 0.226  0.123  0       747.84820  0
 0.226  0.148  0       635.44602  0
 0.225  0.173  0       574.10841  0
 0.225  0.198  0       434.90594  0
 0.225  0.223  0       233.50628  0
 0.225  0.248  0         0.00000  0
 0.225  0.273  0         0.00000  0
 0.225  0.298  0         0.00000  0
 0.225  0.323  0         0.00000  0
 0.225  0.348  0         0.00000  0
 0.225  0.373  0         0.00000  0
 0.225  0.398  0         0.00000  0
 0.225  0.423  0         0.00000  0
 0.225  0.448  0         0.00000  0
 0.225  0.473  0         0.00000  0
 0.225  0.498  0         0.00000  0
 0.250 -0.075 -1         0.00000  0
 0.250 -0.050 -1         0.00000  0
 0.250 -0.025  1         0.00000  0
 0.250  0.000  1         0.00000  0
 0.252  0.023  0         0.00000  0
 0.251  0.048  0         0.00000  0
 0.251  0.073  0         0.00000  0
 0.250  0.098  0         0.00000  0
 0.250  0.123  0         0.00000  0
 0.250  0.148  0         0.00000  0
 0.250  0.173  0         0.00000  0
 0.250  0.198  0         0.00000  0
 0.250  0.223  0         0.00000  0
 0.250  0.248  0         0.00000  0
 0.250  0.273  0         0.00000  0
 0.250  0.298  0         0.00000  0
 0.250  0.323  0         0.00000  0
 0.250  0.348  0         0.00000  0
 0.250  0.373  0         0.00000  0
 0.250  0.398  0         0.00000  0
 0.250  0.423  0         0.00000  0
 0.250  0.448  0         0.00000  0
 0.250  0.473  0         0.00000  0
 0.250  0.498  0         0.00000  0
 0.275 -0.075 -1         0.00000  0
 0.275 -0.050 -1         0.00000  0
 0.275 -0.025  1         0.00000  0
 0.275  0.000  1         0.00000  0
 0.300 -0.075 -1         0.00000  0
 0.300 -0.050 -1         0.00000  0
 0.300 -0.025  1         0.00000  0
 0.300  0.000  1         0.00000  0
 0.325 -0.075 -1         0.00000  0
 0.325 -0.050 -1         0.00000  0
 0.325 -0.025  1         0.00000  0
 0.325  0.000  1         0.00000  0
 0.350 -0.075 -1         0.00000  0
 0.350 -0.050 -1         0.00000  0
 0.350 -0.025  1         0.00000  0
 0.350  0.000  1         0.00000  0
 0.375 -0.075 -1         0.00000  0
 0.375 -0.050 -1         0.00000  0
 0.375 -0.025  1         0.00000  0
 0.375  0.000  1         0.00000  0
 0.400 -0.075 -1         0.00000  0
 0.400 -0.050 -1         0.00000  0
 0.400 -0.025  1         0.00000  0
 0.400  0.000  1         0.00000  0
 0.425 -0.075 -1         0.00000  0
 0.425 -0.050 -1         0.00000  0
 0.425 -0.025  1         0.00000  0
 0.425  0.000  1         0.00000  0
 0.450 -0.075 -1         0.00000  0
 0.450 -0.050 -1         0.00000  0
 0.450 -0.025  1         0.00000  0
 0.450  0.000  1         0.00000  0
 0.475 -0.075 -1         0.00000  0
 0.475 -0.050 -1         0.00000  0
 0.475 -0.025  1         0.00000  0
 0.475  0.000  1         0.00000  0
 0.500 -0.075 -1         0.00000  0
 0.500 -0.050 -1         0.00000  0
 0.500 -0.025  1         0.00000  0
 0.500  0.000  1         0.00000  0
 0.525 -0.075 -1         0.00000  0
 0.525 -0.050 -1         0.00000  0
 0.525 -0.025  1         0.00000  0
 0.525  0.000  1         0.00000  0
 0.550 -0.075 -1         0.00000  0
 0.550 -0.050 -1         0.00000  0
 0.550 -0.025  1         0.00000  0
 0.550  0.000  1         0.00000  0
 0.575 -0.075 -1         0.00000  0
 0.575 -0.050 -1         0.00000  0
 0.575 -0.025  1         0.00000  0
 0.575  0.000  1         0.00000  0
 0.600 -0.075 -1         0.00000  0
 0.600 -0.050 -1         0.00000  0
 0.600 -0.025  1         0.00000  0
 0.600  0.000  1         0.00000  0
 0.625 -0.075 -1         0.00000  0
 0.625 -0.050 -1         0.00000  0
 0.625 -0.025  1         0.00000  0
 0.625  0.000  1         0.00000  0
 0.650 -0.075 -1         0.00000  0
 0.650 -0.050 -1         0.00000  0
 0.650 -0.025  1         0.00000  0
 0.650  0.000  1         0.00000  0
 0.675 -0.075 -1         0.00000  0
 0.675 -0.050 -1         0.00000  0
 0.675 -0.025  1         0.00000  0
 0.675  0.000  1         0.00000  0
 0.700 -0.075 -1         0.00000  0
 0.700 -0.050 -1         0.00000  0
 0.700 -0.025  1         0.00000  0
 0.700  0.000  1         0.00000  0
 0.725 -0.075 -1         0.00000  0
 0.725 -0.050 -1         0.00000  0
 0.725 -0.025  1         0.00000  0
 0.725  0.000  1         0.00000  0
 0.750 -0.075 -1         0.00000  0
 0.750 -0.050 -1         0.00000  0
 0.750 -0.025  1         0.00000  0
 0.750  0.000  1         0.00000  0
 0.775 -0.075 -1         0.00000  0
 0.775 -0.050 -1         0.00000  0
 0.775 -0.025  1         0.00000  0
 0.775  0.000  1         0.00000  0
 0.800 -0.075 -1         0.00000  0
 0.800 -0.050 -1         0.00000  0
 0.800 -0.025  1         0.00000  0
 0.800  0.000  1         0.00000  0
 0.825 -0.075 -1         0.00000  0
 0.825 -0.050 -1         0.00000  0
 0.825 -0.025  1         0.00000  0
 0.825  0.000  1         0.00000  0
 0.850 -0.075 -1         0.00000  0
 0.850 -0.050 -1         0.00000  0
 0.850 -0.025  1         0.00000  0
 0.850  0.000  1         0.00000  0
 0.875 -0.075 -1         0.00000  0
 0.875 -0.050 -1         0.00000  0
 0.875 -0.025  1         0.00000  0
 0.875  0.000  1         0.00000  0
 0.900 -0.075 -1         0.00000  0
 0.900 -0.050 -1         0.00000  0
 0.900 -0.025  1         0.00000  0
 0.900  0.000  1         0.00000  0
 0.925 -0.075 -1         0.00000  0
 0.925 -0.050 -1         0.00000  0
 0.925 -0.025  1         0.00000  0
 0.925  0.000  1         0.00000  0
 0.950 -0.075 -1         0.00000  0
 0.950 -0.050 -1         0.00000  0
 0.950 -0.025  1         0.00000  0
 0.950  0.000  1         0.00000  0
 0.975 -0.075 -1         0.00000  0
 0.975 -0.050 -1         0.00000  0
 0.975 -0.025  1         0.00000  0
 0.975  0.000  1         0.00000  0
 1.000 -0.075 -1         0.00000  0
 1.000 -0.050 -1         0.00000  0
 1.000 -0.025  1         0.00000  0
 1.000  0.000  1         0.00000  0
 1.025 -0.075 -1         0.00000  0
 1.025 -0.050 -1         0.00000  0
 1.025 -0.025  1         0.00000  0
 1.025  0.000  1         0.00000  0
 1.025  0.025  1         0.00000  0
 1.025  0.050  1         0.00000  0
 1.025  0.075  1         0.00000  0
 1.025  0.100  1         0.00000  0
 1.025  0.125  1         0.00000  0
 1.025  0.150  1         0.00000  0
 1.025  0.175  1         0.00000  0
 1.025  0.200  1         0.00000  0
 1.025  0.225  1         0.00000  0
 1.025  0.250  1         0.00000  0
 1.025  0.275  1         0.00000  0
 1.025  0.300  1         0.00000  0
 1.025  0.325  1         0.00000  0
 1.025  0.350  1         0.00000  0
 1.025  0.375  1         0.00000  0
 1.025  0.400  1         0.00000  0
 1.025  0.425  1         0.00000  0
 1.025  0.450  1         0.00000  0
 1.025  0.475  1         0.00000  0
 1.025  0.500  1         0.00000  0
 1.025  0.525  1         0.00000  0
 1.025  0.550  1         0.00000  0
 1.025  0.575  1         0.00000  0
 1.025  0.600  1         0.00000  0
 1.050 -0.075 -1         0.00000  0
 1.050 -0.050 -1         0.00000  0
 1.050 -0.025  1         0.00000  0
 1.050  0.000  1         0.00000  0
 1.050  0.025  1         0.00000  0
 1.050  0.050  1         0.00000  0
 1.050  0.075  1         0.00000  0
 1.050  0.100  1         0.00000  0
 1.050  0.125  1         0.00000  0
 1.050  0.150  1         0.00000  0
 1.050  0.175  1         0.00000  0
 1.050  0.200  1         0.00000  0
 1.050  0.225  1         0.00000  0
 1.050  0.250  1         0.00000  0
 1.050  0.275  1         0.00000  0
 1.050  0.300  1         0.00000  0
 1.050  0.325  1         0.00000  0
 1.050  0.350  1         0.00000  0
 1.050  0.375  1         0.00000  0
 1.050  0.400  1         0.00000  0
 1.050  0.425  1         0.00000  0
 1.050  0.450  1         0.00000  0
 1.050  0.475  1         0.00000  0
 1.050  0.500  1         0.00000  0
 1.050  0.525  1         0.00000  0
 1.050  0.550  1         0.00000  0
 1.050  0.575  1         0.00000  0
 1.050  0.600  1         0.00000  0
 1.075 -0.075 -1         0.00000  0
 1.075 -0.050 -1         0.00000  0
 1.075 -0.025 -1         0.00000  0
 1.075  0.000 -1         0.00000  0
 1.075  0.025 -1         0.00000  0
 1.075  0.050 -1         0.00000  0
 1.075  0.075 -1         0.00000  0
 1.075  0.100 -1         0.00000  0
 1.075  0.125 -1         0.00000  0
 1.075  0.150 -1         0.00000  0
 1.075  0.175 -1         0.00000  0
 1.075  0.200 -1         0.00000  0
 1.075  0.225 -1         0.00000  0
 1.075  0.250 -1         0.00000  0
 1.075  0.275 -1         0.00000  0
 1.075  0.300 -1         0.00000  0
 1.075  0.325 -1         0.00000  0
 1.075  0.350 -1         0.00000  0
 1.075  0.375 -1         0.00000  0
 1.075  0.400 -1         0.00000  0
 1.075  0.425 -1         0.00000  0
 1.075  0.450 -1         0.00000  0
 1.075  0.475 -1         0.00000  0
 1.075  0.500 -1         0.00000  0
 1.075  0.525 -1         0.00000  0
 1.075  0.550 -1         0.00000  0
 1.075  0.575  1         0.00000  0
 1.075  0.600  1         0.00000  0
 1.100 -0.075 -1         0.00000  0
 1.100 -0.050 -1         0.00000  0
 1.100 -0.025 -1         0.00000  0
 1.100  0.000 -1         0.00000  0
 1.100  0.025 -1         0.00000  0
 1.100  0.050 -1         0.00000  0
 1.100  0.075 -1         0.00000  0
 1.100  0.100 -1         0.00000  0
 1.100  0.125 -1         0.00000  0
 1.100  0.150 -1         0.00000  0
 1.100  0.175 -1         0.00000  0
 1.100  0.200 -1         0.00000  0
 1.100  0.225 -1         0.00000  0
 1.100  0.250 -1         0.00000  0
 1.100  0.275 -1         0.00000  0
 1.100  0.300 -1         0.00000  0
 1.100  0.325 -1         0.00000  0
 1.100  0.350 -1         0.00000  0
 1.100  0.375 -1         0.00000  0
 1.100  0.400 -1         0.00000  0
 1.100  0.425 -1         0.00000  0
 1.100  0.450 -1         0.00000  0
 1.100  0.475 -1         0.00000  0
 1.100  0.500 -1         0.00000  0
 1.100  0.525 -1         0.00000  0
 1.100  0.550 -1         0.00000  0
 1.100  0.575  1         0.00000  0
 1.100  0.600  1         0.00000  0
