-0.075 -0.075 -1         0.00000  0
-0.075 -0.050 -1         0.00000  0
-0.075 -0.025 -1         0.00000  0
-0.075  0.000 -1         0.00000  0
-0.075  0.025 -1         0.00000  0
-0.075  0.050 -1         0.00000  0
-0.075  0.075 -1         0.00000  0
-0.075  0.100 -1         0.00000  0
-0.075  0.125 -1         0.00000  0
-0.075  0.150 -1         0.00000  0
-0.075  0.175 -1         0.00000  0
-0.075  0.200 -1         0.00000  0
-0.075  0.225 -1         0.00000  0
-0.075  0.250 -1         0.00000  0
-0.075  0.275 -1         0.00000  0
-0.075  0.300 -1         0.00000  0
-0.075  0.325 -1         0.00000  0
-0.075  0.350 -1         0.00000  0
-0.075  0.375 -1         0.00000  0
-0.075  0.400 -1         0.00000  0
-0.075  0.425 -1         0.00000  0
-0.075  0.450 -1         0.00000  0
-0.075  0.475 -1         0.00000  0
-0.075  0.500 -1         0.00000  0
-0.075  0.525 -1         0.00000  0
-0.075  0.550 -1         0.00000  0
-0.075  0.575  1         0.00000  0
-0.075  0.600  1         0.00000  0
-0.050 -0.075 -1         0.00000  0
-0.050 -0.050 -1         0.00000  0
-0.050 -0.025 -1         0.00000  0
-0.050  0.000 -1         0.00000  0
-0.050  0.025 -1         0.00000  0
-0.050  0.050 -1         0.00000  0
-0.050  0.075 -1         0.00000  0
-0.050  0.100 -1         0.00000  0
-0.050  0.125 -1         0.00000  0
-0.050  0.150 -1         0.00000  0
-0.050  0.175 -1         0.00000  0
-0.050  0.200 -1         0.00000  0
-0.050  0.225 -1         0.00000  0
-0.050  0.250 -1         0.00000  0
-0.050  0.275 -1         0.00000  0
-0.050  0.300 -1         0.00000  0
-0.050  0.325 -1         0.00000  0
-0.050  0.350 -1         0.00000  0
-0.050  0.375 -1         0.00000  0
-0.050  0.400 -1         0.00000  0
-0.050  0.425 -1         0.00000  0
-0.050  0.450 -1         0.00000  0
-0.050  0.475 -1         0.00000  0
-0.050  0.500 -1         0.00000  0
-0.050  0.525 -1         0.00000  0
-0.050  0.550 -1         0.00000  0
-0.050  0.575  1         0.00000  0
-0.050  0.600  1         0.00000  0
-0.025 -0.075 -1         0.00000  0
-0.025 -0.050 -1         0.00000  0
-0.025 -0.025  1         0.00000  0
-0.025  0.000  1         0.00000  0
-0.025  0.025  1         0.00000  0
-0.025  0.050  1         0.00000  0
-0.025  0.075  1         0.00000  0
-0.025  0.100  1         0.00000  0
-0.025  0.125  1         0.00000  0
-0.025  0.150  1         0.00000  0
-0.025  0.175  1         0.00000  0
-0.025  0.200  1         0.00000  0
-0.025  0.225  1         0.00000  0
-0.025  0.250  1         0.00000  0
-0.025  0.275  1         0.00000  0
-0.025  0.300  1         0.00000  0
-0.025  0.325  1         0.00000  0
-0.025  0.350  1         0.00000  0
-0.025  0.375  1         0.00000  0
-0.025  0.400  1         0.00000  0
-0.025  0.425  1         0.00000  0
-0.025  0.450  1         0.00000  0
-0.025  0.475  1         0.00000  0
-0.025  0.500  1         0.00000  0
-0.025  0.525  1         0.00000  0
-0.025  0.550  1         0.00000  0
-0.025  0.575  1         0.00000  0
-0.025  0.600  1         0.00000  0
 0.000 -0.075 -1         0.00000  0
 0.000 -0.050 -1         0.00000  0
 0.000 -0.025  1         0.00000  0
 0.000  0.000  1      1049.58657  0
 0.000  0.025  1      3561.05570  0
 0.000  0.050  1         0.00000  0
 0.000  0.075  1      2586.42438  0
 0.000  0.100  1      1420.71862  0
 0.000  0.125  1         0.00000  0
 0.000  0.150  1         0.00000  0
 0.000  0.175  1      2721.52047  0
 0.000  0.200  1       666.54159  0
 0.000  0.225  1         0.00000  0
 0.000  0.250  1         0.00000  0
 0.000  0.275  1         0.00000  0
 0.000  0.300  1         0.00000  0
 0.000  0.325  1         0.00000  0
 0.000  0.350  1         0.00000  0
 0.000  0.375  1         0.00000  0
 0.000  0.400  1         0.00000  0
 0.000  0.425  1         0.00000  0
 0.000  0.450  1         0.00000  0
 0.000  0.475  1         0.00000  0
 0.000  0.500  1         0.00000  0
 0.000  0.525  1         0.00000  0
 0.000  0.550  1         0.00000  0
 0.000  0.575  1         0.00000  0
 0.000  0.600  1         0.00000  0
 0.025 -0.075 -1         0.00000  0
 0.025 -0.050 -1         0.00000  0
 0.025 -0.025  1         0.00000  0
 0.025  0.000  1      1843.91755  0
 0.021  0.026  0      2853.86108  0
 0.069  0.042  0      2255.35373  0
 0.039  0.039  0      2772.92537  0
 0.090  0.040  0      2150.48231  0
 0.036  0.061  0      3070.34589  0
 0.060  0.064  0      2365.30942  0
 0.021  0.077  0      4278.61637  0
 0.065  0.093  0      2057.58257  0
 0.038  0.092  0      1845.74242  0
 0.020  0.115  0      1235.82004  0
 0.049  0.137  0      2746.22490  0
 0.026  0.145  0         0.00000  0
 0.021  0.173  0        92.41381  0
 0.038  0.192  0         0.00000  0
 0.022  0.212  0         0.00000  0
 0.032  0.231  0       135.64472  0
 0.030  0.249  0         0.00000  0
 0.027  0.272  0         0.00000  0
 0.039  0.291  0         0.00000  0
 0.022  0.301  0         0.00000  0
 0.050 -0.075 -1         0.00000  0
 0.050 -0.050 -1         0.00000  0
 0.050 -0.025  1         0.00000  0
 0.050  0.000  1      4369.38703  0
 0.056  0.019  0      3967.70809  0
 0.124  0.028  0      1221.59600  0
 0.104  0.069  0      2807.35119  0
 0.118  0.054  0         6.92474  0
 0.081  0.074  0      1072.53403  0
 0.105  0.092  0      1681.50434  0
 0.077  0.111  0      1135.80233  0
 0.103  0.118  0      1607.72382  0
 0.047  0.114  0      1534.36230  0
 0.078  0.134  0       923.23295  0
 0.076  0.161  0       904.83187  0
 0.116  0.179  0        22.44622  0
 0.047  0.158  0      1478.38766  0
 0.085  0.178  0         0.00000  0
 0.055  0.182  0      1518.53134  0
 0.063  0.207  0       876.63964  0
 0.067  0.228  0       351.99879  0
 0.061  0.249  0       566.52595  0
 0.059  0.271  0         0.00000  0
 0.063  0.297  0         0.00000  0
 0.075 -0.075 -1         0.00000  0
 0.075 -0.050 -1         0.00000  0
 0.075 -0.025  1         0.00000  0
 0.075  0.000  1         0.00000  0
 0.145  0.020  0      2257.42467  0
 0.098  0.022  0      1840.68872  0
 0.188  0.023  0       389.13908  0
 0.147  0.050  0      2137.49200  0
 0.173  0.037  0       671.22643  0
 0.141  0.069  0      1739.72384  0
 0.155  0.093  0        54.73543  0
 0.126  0.096  0       847.74698  0
 0.130  0.118  0      1611.81559  0
 0.116  0.138  0      1635.27107  0
 0.149  0.131  0         0.00000  0
 0.098  0.149  0         0.00000  0
 0.130  0.164  0       332.08370  0
 0.112  0.204  0         0.00000  0
 0.085  0.203  0       540.92765  0
 0.095  0.224  0       134.31119  0
 0.108  0.244  0       832.63979  0
 0.084  0.256  0         0.00000  0
 0.100  0.278  0         0.00000  0
 0.086  0.282  0         0.00000  0
 0.100 -0.075 -1         0.00000  0
 0.100 -0.050 -1         0.00000  0
 0.100 -0.025  1         0.00000  0
 0.100  0.000  1      1872.26502  0
 0.239  0.026  0       800.69104  0
 0.216  0.021  0      2441.44307  0
 0.216  0.050  0       836.47996  0
 0.194  0.053  0      1708.43428  0
 0.202  0.075  0      2289.06836  0
 0.167  0.062  0      2378.74090  0
 0.232  0.073  0      1214.34483  0
 0.222  0.091  0      1393.71189  0
 0.221  0.113  0      2093.82567  0
 0.182  0.084  0       418.37803  0
 0.197  0.114  0         0.00000  0
 0.168  0.105  0      1590.06788  0
 0.183  0.129  0      1143.53169  0
 0.161  0.146  0       595.69366  0
 0.155  0.167  0         0.00000  0
 0.140  0.187  0       889.85827  0
 0.135  0.210  0         6.60865  0
 0.129  0.231  0         0.00000  0
 0.127  0.259  0         0.00000  0
 0.123  0.283  0         0.00000  0
 0.125 -0.075 -1         0.00000  0
 0.125 -0.050 -1         0.00000  0
 0.125 -0.025  1         0.00000  0
 0.125  0.000  1      2174.87388  0
 0.270  0.021  0      3207.46807  0
 0.261  0.044  0      4650.92377  0
 0.297  0.026  0      2680.06079  0
 0.244  0.052  0      4311.52778  0
 0.300  0.044  0      2067.14410  0
 0.333  0.040  0      2116.53297  0
 0.341  0.080  0      3125.17265  0
 0.284  0.059  0      1226.37894  0
 0.279  0.078  0      1941.83577  0
 0.255  0.087  0       255.69833  0
 0.263  0.105  0      1951.66849  0
 0.243  0.122  0         0.00000  0
 0.220  0.138  0      1027.40082  0
 0.196  0.148  0       631.62556  0
 0.186  0.170  0       493.45950  0
 0.172  0.189  0         0.00000  0
 0.175  0.212  0       681.38221  0
 0.161  0.225  0         0.00000  0
 0.163  0.251  0         0.00000  0
 0.148  0.260  0         0.00000  0
 0.150 -0.075 -1         0.00000  0
 0.150 -0.050 -1         0.00000  0
 0.150 -0.025  1         0.00000  0
 0.150  0.000  1      3140.02525  0
 0.457  0.022  0         0.00000  0
 0.331  0.020  0      4570.77884  0
 0.424  0.021  0      4937.77720  0
 0.374  0.020  0      4314.74557  0
 0.440  0.039  0      2111.02807  0
 0.357  0.040  0      3412.51254  0
 0.381  0.045  0      4043.69831  0
 0.315  0.080  0      1590.78488  0
 0.326  0.063  0      2076.97416  0
 0.318  0.110  0      1794.71624  0
 0.297  0.094  0      1785.99799  0
 0.280  0.117  0        53.27118  0
 0.249  0.143  0       762.92354  0
 0.236  0.165  0         0.00000  0
 0.214  0.167  0       971.52216  0
 0.221  0.190  0         0.00000  0
 0.196  0.193  0         0.00000  0
 0.210  0.219  0        65.39909  0
 0.192  0.238  0         0.00000  0
 0.182  0.249  0         0.00000  0
 0.175 -0.075 -1         0.00000  0
 0.175 -0.050 -1         0.00000  0
 0.175 -0.025  1         0.00000  0
 0.175  0.000  1         0.00000  0
 0.542  0.023  0         0.00000  0
 0.500  0.020  0         0.00000  0
 0.588  0.021  0      1334.58874  0
 0.470  0.043  0        23.08508  0
 0.489  0.047  0      2260.76960  0
 0.481  0.069  0      1572.73280  0
 0.449  0.063  0      2576.20194  0
 0.402  0.028  0      3266.81234  0
 0.414  0.052  0      3267.82367  0
 0.364  0.061  0      1348.73133  0
 0.383  0.083  0      1856.73780  0
 0.355  0.094  0      3037.62591  0
 0.340  0.116  0       462.29425  0
 0.303  0.125  0      1562.29839  0
 0.288  0.149  0       143.12808  0
 0.268  0.152  0       709.98820  0
 0.268  0.177  0      1646.73264  0
 0.246  0.193  0      1204.13193  0
 0.239  0.222  0         0.00000  0
 0.220  0.233  0         0.00000  0
 0.200 -0.075 -1         0.00000  0
 0.200 -0.050 -1         0.00000  0
 0.200 -0.025  1         0.00000  0
 0.200  0.000  1      2074.19656  0
 0.695  0.023  0         0.00000  0
 0.625  0.024  0         0.00000  0
 0.653  0.023  0       831.87661  0
 0.638  0.045  0      1982.34994  0
 0.602  0.036  0         0.00000  0
 0.523  0.031  0       463.38454  0
 0.511  0.055  0         0.00000  0
 0.569  0.072  0       704.85734  0
 0.498  0.085  0         0.00000  0
 0.455  0.084  0       297.06576  0
 0.396  0.068  0      3760.26645  0
 0.426  0.071  0      2720.44996  0
 0.416  0.091  0      1691.93150  0
 0.391  0.106  0      2388.56678  0
 0.368  0.114  0      1405.97633  0
 0.349  0.137  0      1937.30259  0
 0.319  0.142  0      1717.23269  0
 0.301  0.169  0         0.00000  0
 0.289  0.190  0         0.00000  0
 0.258  0.213  0         0.00000  0
 0.225 -0.075 -1         0.00000  0
 0.225 -0.050 -1         0.00000  0
 0.225 -0.025  1         0.00000  0
 0.225  0.000  1      3907.35165  0
 0.718  0.027  0         0.00000  0
 0.747  0.048  0         0.00000  0
 0.775  0.034  0         0.00000  0
 0.718  0.053  0         0.00000  0
 0.683  0.051  0         0.00000  0
 0.674  0.032  0       548.57070  0
 0.656  0.065  0         0.00000  0
 0.565  0.033  0         0.00000  0
 0.574  0.052  0       477.11331  0
 0.537  0.054  0       743.12358  0
 0.591  0.085  0         0.00000  0
 0.529  0.076  0       470.58624  0
 0.513  0.105  0         0.00000  0
 0.466  0.109  0       199.53785  0
 0.433  0.108  0         0.00000  0
 0.410  0.127  0       169.56779  0
 0.387  0.134  0      1676.33957  0
 0.355  0.160  0         0.00000  0
 0.320  0.171  0         0.00000  0
 0.272  0.203  0         0.00000  0
 0.250 -0.075 -1         0.00000  0
 0.250 -0.050 -1         0.00000  0
 0.250 -0.025  1         0.00000  0
 0.250  0.000  1      1681.75654  0
 0.843  0.030  0         0.00000  0
 0.826  0.039  0         0.00000  0
 0.824  0.022  0         0.00000  0
 0.741  0.026  0         0.00000  0
 0.778  0.021  0       868.21174  0
 0.729  0.062  0         0.00000  0
 0.690  0.075  0         0.00000  0
 0.682  0.090  0         0.00000  0
 0.668  0.082  0         0.00000  0
 0.639  0.099  0         0.00000  0
 0.629  0.061  0         0.00000  0
 0.608  0.066  0      1266.79479  0
 0.604  0.085  0         0.00000  0
 0.551  0.075  0         0.00000  0
 0.536  0.099  0         0.00000  0
 0.480  0.097  0      1678.27246  0
 0.467  0.125  0         0.00000  0
 0.424  0.122  0       590.06383  0
 0.379  0.147  0         0.00000  0
 0.338  0.163  0         0.00000  0
 0.275 -0.075 -1         0.00000  0
 0.275 -0.050 -1         0.00000  0
 0.275 -0.025  1         0.00000  0
 0.275  0.000  1      3959.92470  0
 0.300 -0.075 -1         0.00000  0
 0.300 -0.050 -1         0.00000  0
 0.300 -0.025  1         0.00000  0
 0.300  0.000  1      1584.82174  0
 0.325 -0.075 -1         0.00000  0
 0.325 -0.050 -1         0.00000  0
 0.325 -0.025  1         0.00000  0
 0.325  0.000  1      3656.11364  0
 0.350 -0.075 -1         0.00000  0
 0.350 -0.050 -1         0.00000  0
 0.350 -0.025  1         0.00000  0
 0.350  0.000  1      1910.73819  0
 0.375 -0.075 -1         0.00000  0
 0.375 -0.050 -1         0.00000  0
 0.375 -0.025  1         0.00000  0
 0.375  0.000  1      5524.58303  0
 0.400 -0.075 -1         0.00000  0
 0.400 -0.050 -1         0.00000  0
 0.400 -0.025  1         0.00000  0
 0.400  0.000  1      3240.94941  0
 0.425 -0.075 -1         0.00000  0
 0.425 -0.050 -1         0.00000  0
 0.425 -0.025  1         0.00000  0
 0.425  0.000  1      6283.11321  0
 0.450 -0.075 -1         0.00000  0
 0.450 -0.050 -1         0.00000  0
 0.450 -0.025  1         0.00000  0
 0.450  0.000  1      2317.55417  0
 0.475 -0.075 -1         0.00000  0
 0.475 -0.050 -1         0.00000  0
 0.475 -0.025  1         0.00000  0
 0.475  0.000  1         0.00000  0
 0.500 -0.075 -1         0.00000  0
 0.500 -0.050 -1         0.00000  0
 0.500 -0.025  1         0.00000  0
 0.500  0.000  1      1306.06349  0
 0.525 -0.075 -1         0.00000  0
 0.525 -0.050 -1         0.00000  0
 0.525 -0.025  1         0.00000  0
 0.525  0.000  1       146.01246  0
 0.550 -0.075 -1         0.00000  0
 0.550 -0.050 -1         0.00000  0
 0.550 -0.025  1         0.00000  0
 0.550  0.000  1         0.00000  0
 0.575 -0.075 -1         0.00000  0
 0.575 -0.050 -1         0.00000  0
 0.575 -0.025  1         0.00000  0
 0.575  0.000  1         0.00000  0
 0.600 -0.075 -1         0.00000  0
 0.600 -0.050 -1         0.00000  0
 0.600 -0.025  1         0.00000  0
 0.600  0.000  1       356.15054  0
 0.625 -0.075 -1         0.00000  0
 0.625 -0.050 -1         0.00000  0
 0.625 -0.025  1         0.00000  0
 0.625  0.000  1       893.55569  0
 0.650 -0.075 -1         0.00000  0
 0.650 -0.050 -1         0.00000  0
 0.650 -0.025  1         0.00000  0
 0.650  0.000  1      1980.02399  0
 0.675 -0.075 -1         0.00000  0
 0.675 -0.050 -1         0.00000  0
 0.675 -0.025  1         0.00000  0
 0.675  0.000  1         0.00000  0
 0.700 -0.075 -1         0.00000  0
 0.700 -0.050 -1         0.00000  0
 0.700 -0.025  1         0.00000  0
 0.700  0.000  1       280.02789  0
 0.725 -0.075 -1         0.00000  0
 0.725 -0.050 -1         0.00000  0
 0.725 -0.025  1         0.00000  0
 0.725  0.000  1         0.00000  0
 0.750 -0.075 -1         0.00000  0
 0.750 -0.050 -1         0.00000  0
 0.750 -0.025  1         0.00000  0
 0.750  0.000  1         0.00000  0
 0.775 -0.075 -1         0.00000  0
 0.775 -0.050 -1         0.00000  0
 0.775 -0.025  1         0.00000  0
 0.775  0.000  1       421.04761  0
 0.800 -0.075 -1         0.00000  0
 0.800 -0.050 -1         0.00000  0
 0.800 -0.025  1         0.00000  0
 0.800  0.000  1         0.00000  0
 0.825 -0.075 -1         0.00000  0
 0.825 -0.050 -1         0.00000  0
 0.825 -0.025  1         0.00000  0
 0.825  0.000  1      1592.56835  0
 0.850 -0.075 -1         0.00000  0
 0.850 -0.050 -1         0.00000  0
 0.850 -0.025  1         0.00000  0
 0.850  0.000  1         0.00000  0
 0.875 -0.075 -1         0.00000  0
 0.875 -0.050 -1         0.00000  0
 0.875 -0.025  1         0.00000  0
 0.875  0.000  1         0.00000  0
 0.900 -0.075 -1         0.00000  0
 0.900 -0.050 -1         0.00000  0
 0.900 -0.025  1         0.00000  0
 0.900  0.000  1         0.00000  0
 0.925 -0.075 -1         0.00000  0
 0.925 -0.050 -1         0.00000  0
 0.925 -0.025  1         0.00000  0
 0.925  0.000  1         0.00000  0
 0.950 -0.075 -1         0.00000  0
 0.950 -0.050 -1         0.00000  0
 0.950 -0.025  1         0.00000  0
 0.950  0.000  1         0.00000  0
 0.975 -0.075 -1         0.00000  0
 0.975 -0.050 -1         0.00000  0
 0.975 -0.025  1         0.00000  0
 0.975  0.000  1         0.00000  0
 1.000 -0.075 -1         0.00000  0
 1.000 -0.050 -1         0.00000  0
 1.000 -0.025  1         0.00000  0
 1.000  0.000  1         0.00000  0
 1.025 -0.075 -1         0.00000  0
 1.025 -0.050 -1         0.00000  0
 1.025 -0.025  1         0.00000  0
 1.025  0.000  1         0.00000  0
 1.025  0.025  1         0.00000  0
 1.025  0.050  1         0.00000  0
 1.025  0.075  1         0.00000  0
 1.025  0.100  1         0.00000  0
 1.025  0.125  1         0.00000  0
 1.025  0.150  1         0.00000  0
 1.025  0.175  1         0.00000  0
 1.025  0.200  1         0.00000  0
 1.025  0.225  1         0.00000  0
 1.025  0.250  1         0.00000  0
 1.025  0.275  1         0.00000  0
 1.025  0.300  1         0.00000  0
 1.025  0.325  1         0.00000  0
 1.025  0.350  1         0.00000  0
 1.025  0.375  1         0.00000  0
 1.025  0.400  1         0.00000  0
 1.025  0.425  1         0.00000  0
 1.025  0.450  1         0.00000  0
 1.025  0.475  1         0.00000  0
 1.025  0.500  1         0.00000  0
 1.025  0.525  1         0.00000  0
 1.025  0.550  1         0.00000  0
 1.025  0.575  1         0.00000  0
 1.025  0.600  1         0.00000  0
 1.050 -0.075 -1         0.00000  0
 1.050 -0.050 -1         0.00000  0
 1.050 -0.025  1         0.00000  0
 1.050  0.000  1         0.00000  0
 1.050  0.025  1         0.00000  0
 1.050  0.050  1         0.00000  0
 1.050  0.075  1         0.00000  0
 1.050  0.100  1         0.00000  0
 1.050  0.125  1         0.00000  0
 1.050  0.150  1         0.00000  0
 1.050  0.175  1         0.00000  0
 1.050  0.200  1         0.00000  0
 1.050  0.225  1         0.00000  0
 1.050  0.250  1         0.00000  0
 1.050  0.275  1         0.00000  0
 1.050  0.300  1         0.00000  0
 1.050  0.325  1         0.00000  0
 1.050  0.350  1         0.00000  0
 1.050  0.375  1         0.00000  0
 1.050  0.400  1         0.00000  0
 1.050  0.425  1         0.00000  0
 1.050  0.450  1         0.00000  0
 1.050  0.475  1         0.00000  0
 1.050  0.500  1         0.00000  0
 1.050  0.525  1         0.00000  0
 1.050  0.550  1         0.00000  0
 1.050  0.575  1         0.00000  0
 1.050  0.600  1         0.00000  0
 1.075 -0.075 -1         0.00000  0
 1.075 -0.050 -1         0.00000  0
 1.075 -0.025 -1         0.00000  0
 1.075  0.000 -1         0.00000  0
 1.075  0.025 -1         0.00000  0
 1.075  0.050 -1         0.00000  0
 1.075  0.075 -1         0.00000  0
 1.075  0.100 -1         0.00000  0
 1.075  0.125 -1         0.00000  0
 1.075  0.150 -1         0.00000  0
 1.075  0.175 -1         0.00000  0
 1.075  0.200 -1         0.00000  0
 1.075  0.225 -1         0.00000  0
 1.075  0.250 -1         0.00000  0
 1.075  0.275 -1         0.00000  0
 1.075  0.300 -1         0.00000  0
 1.075  0.325 -1         0.00000  0
 1.075  0.350 -1         0.00000  0
 1.075  0.375 -1         0.00000  0
 1.075  0.400 -1         0.00000  0
 1.075  0.425 -1         0.00000  0
 1.075  0.450 -1         0.00000  0
 1.075  0.475 -1         0.00000  0
 1.075  0.500 -1         0.00000  0
 1.075  0.525 -1         0.00000  0
 1.075  0.550 -1         0.00000  0
 1.075  0.575  1         0.00000  0
 1.075  0.600  1         0.00000  0
 1.100 -0.075 -1         0.00000  0
 1.100 -0.050 -1         0.00000  0
 1.100 -0.025 -1         0.00000  0
 1.100  0.000 -1         0.00000  0
 1.100  0.025 -1         0.00000  0
 1.100  0.050 -1         0.00000  0
 1.100  0.075 -1         0.00000  0
 1.100  0.100 -1         0.00000  0
 1.100  0.125 -1         0.00000  0
 1.100  0.150 -1         0.00000  0
 1.100  0.175 -1         0.00000  0
 1.100  0.200 -1         0.00000  0
 1.100  0.225 -1         0.00000  0
 1.100  0.250 -1         0.00000  0
 1.100  0.275 -1         0.00000  0
 1.100  0.300 -1         0.00000  0
 1.100  0.325 -1         0.00000  0
 1.100  0.350 -1         0.00000  0
 1.100  0.375 -1         0.00000  0
 1.100  0.400 -1         0.00000  0
 1.100  0.425 -1         0.00000  0
 1.100  0.450 -1         0.00000  0
 1.100  0.475 -1         0.00000  0
 1.100  0.500 -1         0.00000  0
 1.100  0.525 -1         0.00000  0
 1.100  0.550 -1         0.00000  0
 1.100  0.575  1         0.00000  0
 1.100  0.600  1         0.00000  0
