-0.060 -0.060 -1         0.00000  0
-0.060 -0.040 -1         0.00000  0
-0.060 -0.020 -1         0.00000  0
-0.060  0.000 -1         0.00000  0
-0.060  0.020 -1         0.00000  0
-0.060  0.040 -1         0.00000  0
-0.060  0.060 -1         0.00000  0
-0.060  0.080 -1         0.00000  0
-0.060  0.100 -1         0.00000  0
-0.060  0.120 -1         0.00000  0
-0.060  0.140 -1         0.00000  0
-0.060  0.160 -1         0.00000  0
-0.060  0.180 -1         0.00000  0
-0.060  0.200 -1         0.00000  0
-0.060  0.220 -1         0.00000  0
-0.060  0.240 -1         0.00000  0
-0.060  0.260 -1         0.00000  0
-0.060  0.280 -1         0.00000  0
-0.060  0.300 -1         0.00000  0
-0.060  0.320 -1         0.00000  0
-0.060  0.340 -1         0.00000  0
-0.060  0.360 -1         0.00000  0
-0.060  0.380 -1         0.00000  0
-0.060  0.400 -1         0.00000  0
-0.060  0.420 -1         0.00000  0
-0.060  0.440 -1         0.00000  0
-0.060  0.460 -1         0.00000  0
-0.060  0.480 -1         0.00000  0
-0.060  0.500 -1         0.00000  0
-0.060  0.520 -1         0.00000  0
-0.060  0.540 -1         0.00000  0
-0.060  0.560 -1         0.00000  0
-0.060  0.580  1         0.00000  0
-0.060  0.600  1         0.00000  0
-0.040 -0.060 -1         0.00000  0
-0.040 -0.040 -1         0.00000  0
-0.040 -0.020 -1         0.00000  0
-0.040  0.000 -1         0.00000  0
-0.040  0.020 -1         0.00000  0
-0.040  0.040 -1         0.00000  0
-0.040  0.060 -1         0.00000  0
-0.040  0.080 -1         0.00000  0
-0.040  0.100 -1         0.00000  0
-0.040  0.120 -1         0.00000  0
-0.040  0.140 -1         0.00000  0
-0.040  0.160 -1         0.00000  0
-0.040  0.180 -1         0.00000  0
-0.040  0.200 -1         0.00000  0
-0.040  0.220 -1         0.00000  0
-0.040  0.240 -1         0.00000  0
-0.040  0.260 -1         0.00000  0
-0.040  0.280 -1         0.00000  0
-0.040  0.300 -1         0.00000  0
-0.040  0.320 -1         0.00000  0
-0.040  0.340 -1         0.00000  0
-0.040  0.360 -1         0.00000  0
-0.040  0.380 -1         0.00000  0
-0.040  0.400 -1         0.00000  0
-0.040  0.420 -1         0.00000  0
-0.040  0.440 -1         0.00000  0
-0.040  0.460 -1         0.00000  0
-0.040  0.480 -1         0.00000  0
-0.040  0.500 -1         0.00000  0
-0.040  0.520 -1         0.00000  0
-0.040  0.540 -1         0.00000  0
-0.040  0.560 -1         0.00000  0
-0.040  0.580  1         0.00000  0
-0.040  0.600  1         0.00000  0
-0.020 -0.060 -1         0.00000  0
-0.020 -0.040 -1         0.00000  0
-0.020 -0.020  1         0.00000  0
-0.020  0.000  1         0.00000  0
-0.020  0.020  1         0.00000  0
-0.020  0.040  1         0.00000  0
-0.020  0.060  1         0.00000  0
-0.020  0.080  1         0.00000  0
-0.020  0.100  1         0.00000  0
-0.020  0.120  1         0.00000  0
-0.020  0.140  1         0.00000  0
-0.020  0.160  1         0.00000  0
-0.020  0.180  1         0.00000  0
-0.020  0.200  1         0.00000  0
-0.020  0.220  1         0.00000  0
-0.020  0.240  1         0.00000  0
-0.020  0.260  1         0.00000  0
-0.020  0.280  1         0.00000  0
-0.020  0.300  1         0.00000  0
-0.020  0.320  1         0.00000  0
-0.020  0.340  1         0.00000  0
-0.020  0.360  1         0.00000  0
-0.020  0.380  1         0.00000  0
-0.020  0.400  1         0.00000  0
-0.020  0.420  1         0.00000  0
-0.020  0.440  1         0.00000  0
-0.020  0.460  1         0.00000  0
-0.020  0.480  1         0.00000  0
-0.020  0.500  1         0.00000  0
-0.020  0.520  1         0.00000  0
-0.020  0.540  1         0.00000  0
-0.020  0.560  1         0.00000  0
-0.020  0.580  1         0.00000  0
-0.020  0.600  1         0.00000  0
 0.000 -0.060 -1         0.00000  0
 0.000 -0.040 -1         0.00000  0
 0.000 -0.020  1         0.00000  0
 0.000  0.000  1         0.00000  0
 0.000  0.020  1         0.00000  0
 0.000  0.040  1       160.13258  0
 0.000  0.060  1      2124.20515  0
 0.000  0.080  1         0.00000  0
 0.000  0.100  1         0.00000  0
 0.000  0.120  1         0.00000  0
 0.000  0.140  1         0.00000  0
 0.000  0.160  1         0.00000  0
 0.000  0.180  1         0.00000  0
 0.000  0.200  1         0.00000  0
 0.000  0.220  1         0.00000  0
 0.000  0.240  1         0.00000  0
 0.000  0.260  1         0.00000  0
 0.000  0.280  1         0.00000  0
 0.000  0.300  1         0.00000  0
 0.000  0.320  1         0.00000  0
 0.000  0.340  1         0.00000  0
 0.000  0.360  1         0.00000  0
 0.000  0.380  1         0.00000  0
 0.000  0.400  1         0.00000  0
 0.000  0.420  1         0.00000  0
 0.000  0.440  1         0.00000  0
 0.000  0.460  1         0.00000  0
 0.000  0.480  1         0.00000  0
 0.000  0.500  1         0.00000  0
 0.000  0.520  1         0.00000  0
 0.000  0.540  1         0.00000  0
 0.000  0.560  1         0.00000  0
 0.000  0.580  1         0.00000  0
 0.000  0.600  1         0.00000  0
 0.020 -0.060 -1         0.00000  0
 0.020 -0.040 -1         0.00000  0
 0.020 -0.020  1         0.00000  0
 0.020  0.000  1         0.00000  0
 0.376  0.018  0         0.00000  0
 0.180  0.019  0         0.00000  0
 0.186  0.103  0         0.00000  0
 0.491  0.059  0         0.00000  0
 0.096  0.083  0      1691.10391  0
 0.082  0.052  0      1203.56344  0
 0.383  0.116  0         0.00000  0
 0.746  0.096  0         0.00000  0
 0.430  0.017  0         0.00000  0
 0.044  0.020  0      2217.13477  0
 0.105  0.107  0         0.00000  0
 0.356  0.046  0         0.00000  0
 0.074  0.097  0       566.56625  0
 0.147  0.118  0         0.00000  0
 0.084  0.110  0         0.00000  0
 0.490  0.079  0      2350.48870  0
 0.382  0.104  0         0.00000  0
 0.028  0.035  0         0.00000  0
 0.114  0.073  0         0.00000  0
 0.020  0.020  0      1156.53681  0
 0.132  0.018  0      1944.37457  0
 0.138  0.073  0      1672.72084  0
 0.100  0.018  0      3138.78410  0
 0.288  0.035  0      1523.63193  0
 0.368  0.061  0      1615.15836  0
 0.040 -0.060 -1         0.00000  0
 0.040 -0.040 -1         0.00000  0
 0.040 -0.020  1         0.00000  0
 0.040  0.000  1       767.37945  0
 0.264  0.020  0         0.00000  0
 0.416  0.083  0         0.00000  0
 0.409  0.060  0      1839.26682  0
 0.385  0.057  0         0.00000  0
 0.058  0.081  0         0.00000  0
 0.310  0.107  0         0.00000  0
 0.396  0.022  0      1384.30129  0
 0.356  0.072  0         0.00000  0
 0.473  0.070  0         0.00000  0
 0.174  0.034  0         0.00000  0
 0.247  0.113  0         0.00000  0
 0.122  0.049  0         0.00000  0
 0.825  0.182  0         0.00000  0
 0.365  0.108  0         0.00000  0
 0.450  0.022  0         0.00000  0
 0.288  0.016  0         0.00000  0
 0.453  0.076  0         0.00000  0
 0.213  0.017  0      1639.78668  0
 0.251  0.028  0      1169.01269  0
 0.029  0.068  0       561.52477  0
 0.210  0.052  0       602.83896  0
 0.197  0.073  0         0.00000  0
 0.183  0.067  0      3592.54079  0
 0.042  0.055  0         0.00000  0
 0.274  0.045  0         0.00000  0
 0.060 -0.060 -1         0.00000  0
 0.060 -0.040 -1         0.00000  0
 0.060 -0.020  1         0.00000  0
 0.060  0.000  1      3525.36633  0
 0.335  0.089  0         0.00000  0
 0.226  0.041  0         0.00000  0
 0.315  0.018  0         0.00000  0
 0.458  0.101  0         0.00000  0
 0.503  0.022  0         0.00000  0
 0.744  0.040  0         0.00000  0
 0.671  0.018  0      3095.61859  0
 0.990  0.129  0      1996.99704  0
 0.640  0.029  0      2168.31956  0
 0.116  0.027  0       656.55767  0
 0.133  0.088  0         0.00000  0
 0.254  0.070  0         0.00000  0
 0.451  0.043  0      1360.22998  0
 0.626  0.115  0         0.00000  0
 0.354  0.103  0         0.00000  0
 0.382  0.033  0         0.00000  0
 0.273  0.100  0         0.00000  0
 0.443  0.060  0         0.00000  0
 0.284  0.099  0         0.00000  0
 0.016  0.051  0      1032.20860  0
 0.051  0.036  0       878.83400  0
 0.163  0.062  0        82.94111  0
 0.231  0.062  0         0.00000  0
 0.155  0.021  0         0.00000  0
 0.317  0.082  0         0.00000  0
 0.080 -0.060 -1         0.00000  0
 0.080 -0.040 -1         0.00000  0
 0.080 -0.020  1         0.00000  0
 0.080  0.000  1         0.00000  0
 0.719  0.115  0         0.00000  0
 0.653  0.064  0         0.00000  0
 0.106  0.055  0      1812.83916  0
 0.067  0.048  0      2057.54932  0
 0.716  0.094  0         0.00000  0
 0.707  0.065  0       892.17925  0
 0.523  0.019  0      2657.34356  0
 0.847  0.130  0         0.00000  0
 0.773  0.133  0         0.00000  0
 0.691  0.073  0      1143.41506  0
 0.146  0.093  0         0.00000  0
 0.833  0.099  0       283.72885  0
 0.096  0.041  0      1912.10348  0
 0.042  0.090  0         0.00000  0
 0.481  0.092  0      2462.05714  0
 0.485  0.043  0         0.00000  0
 0.571  0.016  0      4978.79016  0
 0.785  0.134  0         0.00000  0
 0.143  0.034  0         0.00000  0
 0.681  0.122  0         0.00000  0
 0.225  0.110  0         0.00000  0
 0.065  0.019  0      1693.28461  0
 0.349  0.032  0      1382.76796  0
 0.512  0.058  0         0.00000  0
 0.031  0.094  0         0.00000  0
 0.100 -0.060 -1         0.00000  0
 0.100 -0.040 -1         0.00000  0
 0.100 -0.020  1         0.00000  0
 0.100  0.000  1      3373.38860  0
 0.760  0.021  0      1482.13644  0
 0.850  0.037  0         0.00000  0
 0.737  0.052  0       753.44910  0
 0.818  0.083  0        24.07348  0
 0.074  0.113  0         0.00000  0
 0.292  0.053  0         0.00000  0
 0.664  0.091  0         0.00000  0
 0.919  0.130  0         0.00000  0
 0.785  0.071  0       566.08187  0
 0.678  0.040  0      1382.07957  0
 0.311  0.036  0       926.91589  0
 0.167  0.079  0      2812.84293  0
 0.855  0.196  0         0.00000  0
 0.531  0.035  0      1589.42870  0
 0.511  0.044  0         0.00000  0
 0.767  0.043  0         0.00000  0
 0.330  0.036  0         0.00000  0
 0.215  0.090  0         0.00000  0
 0.550  0.038  0         0.00000  0
 0.231  0.077  0         0.00000  0
 0.411  0.026  0         0.00000  0
 0.545  0.019  0         0.00000  0
 0.488  0.019  0       402.86336  0
 0.214  0.120  0         0.00000  0
 0.235  0.019  0         0.00000  0
 0.120 -0.060 -1         0.00000  0
 0.120 -0.040 -1         0.00000  0
 0.120 -0.020  1         0.00000  0
 0.120  0.000  1         0.00000  0
 0.884  0.241  0         0.00000  0
 0.843  0.082  0       275.86522  0
 0.976  0.018  0      1793.48027  0
 0.986  0.044  0         0.00000  0
 0.982  0.067  0       237.66695  0
 0.819  0.036  0      2138.84664  0
 0.878  0.060  0         0.00000  0
 0.792  0.095  0         0.00000  0
 0.309  0.055  0         0.00000  0
 0.540  0.114  0         0.00000  0
 0.792  0.054  0      1718.61780  0
 0.599  0.037  0      1162.51867  0
 0.758  0.076  0         0.00000  0
 0.613  0.065  0        81.71291  0
 0.466  0.020  0         0.00000  0
 0.665  0.054  0         0.00000  0
 0.792  0.111  0       339.43403  0
 0.325  0.102  0         0.00000  0
 0.082  0.024  0       855.99899  0
 0.163  0.046  0      2477.40222  0
 0.282  0.075  0         0.00000  0
 0.416  0.045  0       775.68752  0
 0.463  0.115  0         0.00000  0
 0.559  0.062  0      2309.97802  0
 0.421  0.103  0         0.00000  0
 0.140 -0.060 -1         0.00000  0
 0.140 -0.040 -1         0.00000  0
 0.140 -0.020  1         0.00000  0
 0.140  0.000  1       321.84561  0
 0.896  0.092  0         0.00000  0
 0.970  0.034  0      1769.08295  0
 0.950  0.196  0         0.00000  0
 0.813  0.018  0       150.10761  0
 0.822  0.067  0      1562.73778  0
 0.934  0.108  0         0.00000  0
 0.810  0.119  0         0.00000  0
 0.937  0.178  0         0.00000  0
 0.745  0.019  0      1578.80711  0
 0.802  0.138  0         0.00000  0
 0.939  0.121  0      1915.47977  0
 0.931  0.051  0         0.00000  0
 0.686  0.054  0      1038.13029  0
 0.530  0.095  0         0.00000  0
 0.688  0.026  0         0.00000  0
 0.830  0.050  0         0.00000  0
 0.839  0.168  0         0.00000  0
 0.744  0.134  0         0.00000  0
 0.640  0.103  0         0.00000  0
 0.866  0.169  0         0.00000  0
 0.469  0.048  0         0.00000  0
 0.381  0.078  0         0.00000  0
 0.706  0.038  0         0.00000  0
 0.236  0.101  0         0.00000  0
 0.396  0.070  0         0.00000  0
 0.160 -0.060 -1         0.00000  0
 0.160 -0.040 -1         0.00000  0
 0.160 -0.020  1         0.00000  0
 0.160  0.000  1         0.00000  0
 0.198  0.046  0         0.00000  0
 0.913  0.017  0       745.37933  0
 0.575  0.091  0         0.00000  0
 0.849  0.115  0      1053.35003  0
 0.929  0.080  0      1040.35104  0
 0.899  0.177  0         0.00000  0
 0.976  0.084  0       637.64171  0
 0.764  0.123  0         0.00000  0
 0.981  0.163  0         0.00000  0
 0.621  0.080  0         0.00000  0
 0.987  0.102  0         0.00000  0
 0.952  0.090  0         0.00000  0
 0.339  0.066  0       449.27146  0
 0.604  0.016  0        98.35698  0
 0.972  0.125  0      1631.86089  0
 1.000  0.019  0      1162.67050  0
 0.851  0.016  0      2421.64684  0
 0.804  0.071  0       271.88819  0
 0.941  0.151  0      2412.17294  0
 0.911  0.111  0         0.00000  0
 0.688  0.099  0       442.51484  0
 0.742  0.072  0         0.00000  0
 0.909  0.155  0         0.00000  0
 0.259  0.088  0         0.00000  0
 0.632  0.061  0         0.00000  0
 0.180 -0.060 -1         0.00000  0
 0.180 -0.040 -1         0.00000  0
 0.180 -0.020  1         0.00000  0
 0.180  0.000  1         0.00000  0
 0.625  0.099  0       313.87637  0
 1.000  0.038  0      1187.86973  0
 0.959  0.123  0         0.00000  0
 0.820  0.107  0         0.00000  0
 1.002  0.139  0      1466.71535  0
 0.964  0.066  0      1524.61277  0
 0.848  0.065  0      1169.97727  0
 0.935  0.225  0         0.00000  0
 0.616  0.038  0         0.00000  0
 0.779  0.033  0      1515.65930  0
 0.343  0.017  0         0.00000  0
 1.003  0.066  0         0.00000  0
 0.935  0.211  0         0.00000  0
 0.914  0.040  0       886.85376  0
 0.434  0.042  0         0.00000  0
 0.243  0.045  0         0.00000  0
 0.660  0.110  0         0.00000  0
 0.859  0.097  0       855.37558  0
 0.082  0.079  0       916.45597  0
 0.969  0.212  0         0.00000  0
 0.788  0.016  0      2802.75465  0
 0.641  0.049  0      2795.05051  0
 0.954  0.149  0         0.00000  0
 0.592  0.108  0         0.00000  0
 0.816  0.143  0         0.00000  0
 0.200 -0.060 -1         0.00000  0
 0.200 -0.040 -1         0.00000  0
 0.200 -0.020  1         0.00000  0
 0.200  0.000  1         0.00000  0
 0.537  0.057  0       665.32626  0
 0.756  0.104  0         0.00000  0
 0.996  0.084  0       834.32358  0
 0.883  0.083  0      1913.49005  0
 0.957  0.052  0      1183.40491  0
 0.901  0.071  0      1021.11466  0
 0.985  0.151  0         0.00000  0
 0.563  0.104  0         0.00000  0
 0.505  0.093  0         0.00000  0
 0.595  0.079  0      3497.39152  0
 0.864  0.131  0         0.00000  0
 0.724  0.085  0         0.00000  0
 0.484  0.109  0         0.00000  0
 0.875  0.022  0      1307.38450  0
 0.948  0.016  0      1226.31220  0
 0.729  0.118  0         0.00000  0
 0.930  0.030  0      1297.37766  0
 0.860  0.050  0      2591.07600  0
 0.595  0.052  0      2496.42850  0
 0.831  0.145  0         0.00000  0
 0.915  0.095  0      1329.12447  0
 0.929  0.148  0         0.00000  0
 0.600  0.096  0         0.00000  0
 0.800  0.039  0         0.00000  0
 0.711  0.016  0       865.14307  0
 0.220 -0.060 -1         0.00000  0
 0.220 -0.040 -1         0.00000  0
 0.220 -0.020  1         0.00000  0
 0.220  0.000  1       967.13396  0
 0.722  0.028  0         0.00000  0
 0.899  0.136  0         0.00000  0
 0.768  0.064  0         0.00000  0
 0.894  0.160  0         0.00000  0
 0.999  0.173  0         0.00000  0
 0.427  0.076  0      3572.59573  0
 1.004  0.110  0      1371.39005  0
 0.941  0.074  0       188.55748  0
 1.001  0.198  0         0.00000  0
 0.988  0.193  0         0.00000  0
 0.574  0.031  0       160.98881  0
 0.897  0.047  0      1057.17487  0
 0.294  0.087  0         0.00000  0
 0.969  0.174  0         0.00000  0
 0.542  0.076  0         0.00000  0
 0.879  0.132  0       861.70341  0
 0.893  0.119  0         0.00000  0
 0.866  0.075  0       941.63772  0
 0.694  0.111  0         0.00000  0
 0.712  0.144  0         0.00000  0
 0.582  0.066  0        16.47521  0
 0.778  0.096  0         0.00000  0
 0.645  0.088  0       616.63353  0
 0.892  0.020  0      2471.76902  0
 0.967  0.104  0         0.00000  0
 0.240 -0.060 -1         0.00000  0
 0.240 -0.040 -1         0.00000  0
 0.240 -0.020  1         0.00000  0
 0.240  0.000  1         0.00000  0
 0.653  0.021  0      1399.61118  0
 0.834  0.025  0      2532.56045  0
 0.191  0.092  0       547.86278  0
 0.871  0.106  0         0.00000  0
 0.914  0.062  0      1040.54470  0
 0.877  0.155  0         0.00000  0
 0.719  0.058  0         0.00000  0
 0.948  0.036  0      1944.80213  0
 0.889  0.202  0         0.00000  0
 0.199  0.027  0         0.00000  0
 0.061  0.066  0       458.34229  0
 0.327  0.058  0       159.92316  0
 0.526  0.074  0       242.12806  0
 0.562  0.083  0      1229.79147  0
 0.018  0.083  0         0.00000  0
 0.677  0.082  0      2764.79104  0
 0.570  0.048  0      3754.99035  0
 0.264  0.060  0       185.81582  0
 0.113  0.097  0         0.00000  0
 0.517  0.099  0         0.00000  0
 0.881  0.038  0       788.29445  0
 0.138  0.055  0         0.00000  0
 0.624  0.021  0      3010.98331  0
 0.168  0.098  0         0.00000  0
 0.446  0.089  0         0.00000  0
 0.260 -0.060 -1         0.00000  0
 0.260 -0.040 -1         0.00000  0
 0.260 -0.020  1         0.00000  0
 0.260  0.000  1         0.00000  0
 0.280 -0.060 -1         0.00000  0
 0.280 -0.040 -1         0.00000  0
 0.280 -0.020  1         0.00000  0
 0.280  0.000  1      2406.04488  0
 0.300 -0.060 -1         0.00000  0
 0.300 -0.040 -1         0.00000  0
 0.300 -0.020  1         0.00000  0
 0.300  0.000  1       490.88038  0
 0.320 -0.060 -1         0.00000  0
 0.320 -0.040 -1         0.00000  0
 0.320 -0.020  1         0.00000  0
 0.320  0.000  1       821.95378  0
 0.340 -0.060 -1         0.00000  0
 0.340 -0.040 -1         0.00000  0
 0.340 -0.020  1         0.00000  0
 0.340  0.000  1      2829.78267  0
 0.360 -0.060 -1         0.00000  0
 0.360 -0.040 -1         0.00000  0
 0.360 -0.020  1         0.00000  0
 0.360  0.000  1         0.00000  0
 0.380 -0.060 -1         0.00000  0
 0.380 -0.040 -1         0.00000  0
 0.380 -0.020  1         0.00000  0
 0.380  0.000  1         0.00000  0
 0.400 -0.060 -1         0.00000  0
 0.400 -0.040 -1         0.00000  0
 0.400 -0.020  1         0.00000  0
 0.400  0.000  1         0.00000  0
 0.420 -0.060 -1         0.00000  0
 0.420 -0.040 -1         0.00000  0
 0.420 -0.020  1         0.00000  0
 0.420  0.000  1         0.00000  0
 0.440 -0.060 -1         0.00000  0
 0.440 -0.040 -1         0.00000  0
 0.440 -0.020  1         0.00000  0
 0.440  0.000  1      1380.15262  0
 0.460 -0.060 -1         0.00000  0
 0.460 -0.040 -1         0.00000  0
 0.460 -0.020  1         0.00000  0
 0.460  0.000  1      1644.64402  0
 0.480 -0.060 -1         0.00000  0
 0.480 -0.040 -1         0.00000  0
 0.480 -0.020  1         0.00000  0
 0.480  0.000  1      1377.85118  0
 0.500 -0.060 -1         0.00000  0
 0.500 -0.040 -1         0.00000  0
 0.500 -0.020  1         0.00000  0
 0.500  0.000  1       703.84257  0
 0.520 -0.060 -1         0.00000  0
 0.520 -0.040 -1         0.00000  0
 0.520 -0.020  1         0.00000  0
 0.520  0.000  1      1876.08191  0
 0.540 -0.060 -1         0.00000  0
 0.540 -0.040 -1         0.00000  0
 0.540 -0.020  1         0.00000  0
 0.540  0.000  1       766.16232  0
 0.560 -0.060 -1         0.00000  0
 0.560 -0.040 -1         0.00000  0
 0.560 -0.020  1         0.00000  0
 0.560  0.000  1      1421.68368  0
 0.580 -0.060 -1         0.00000  0
 0.580 -0.040 -1         0.00000  0
 0.580 -0.020  1         0.00000  0
 0.580  0.000  1         0.00000  0
 0.600 -0.060 -1         0.00000  0
 0.600 -0.040 -1         0.00000  0
 0.600 -0.020  1         0.00000  0
 0.600  0.000  1      3310.81045  0
 0.620 -0.060 -1         0.00000  0
 0.620 -0.040 -1         0.00000  0
 0.620 -0.020  1         0.00000  0
 0.620  0.000  1         0.00000  0
 0.640 -0.060 -1         0.00000  0
 0.640 -0.040 -1         0.00000  0
 0.640 -0.020  1         0.00000  0
 0.640  0.000  1         0.00000  0
 0.660 -0.060 -1         0.00000  0
 0.660 -0.040 -1         0.00000  0
 0.660 -0.020  1         0.00000  0
 0.660  0.000  1      2537.00625  0
 0.680 -0.060 -1         0.00000  0
 0.680 -0.040 -1         0.00000  0
 0.680 -0.020  1         0.00000  0
 0.680  0.000  1         0.00000  0
 0.700 -0.060 -1         0.00000  0
 0.700 -0.040 -1         0.00000  0
 0.700 -0.020  1         0.00000  0
 0.700  0.000  1         0.00000  0
 0.720 -0.060 -1         0.00000  0
 0.720 -0.040 -1         0.00000  0
 0.720 -0.020  1         0.00000  0
 0.720  0.000  1         0.00000  0
 0.740 -0.060 -1         0.00000  0
 0.740 -0.040 -1         0.00000  0
 0.740 -0.020  1         0.00000  0
 0.740  0.000  1       139.88581  0
 0.760 -0.060 -1         0.00000  0
 0.760 -0.040 -1         0.00000  0
 0.760 -0.020  1         0.00000  0
 0.760  0.000  1         0.00000  0
 0.780 -0.060 -1         0.00000  0
 0.780 -0.040 -1         0.00000  0
 0.780 -0.020  1         0.00000  0
 0.780  0.000  1      2749.32813  0
 0.800 -0.060 -1         0.00000  0
 0.800 -0.040 -1         0.00000  0
 0.800 -0.020  1         0.00000  0
 0.800  0.000  1      1354.07284  0
 0.820 -0.060 -1         0.00000  0
 0.820 -0.040 -1         0.00000  0
 0.820 -0.020  1         0.00000  0
 0.820  0.000  1      1078.70581  0
 0.840 -0.060 -1         0.00000  0
 0.840 -0.040 -1         0.00000  0
 0.840 -0.020  1         0.00000  0
 0.840  0.000  1      2230.97740  0
 0.860 -0.060 -1         0.00000  0
 0.860 -0.040 -1         0.00000  0
 0.860 -0.020  1         0.00000  0
 0.860  0.000  1      1878.98894  0
 0.880 -0.060 -1         0.00000  0
 0.880 -0.040 -1         0.00000  0
 0.880 -0.020  1         0.00000  0
 0.880  0.000  1         0.00000  0
 0.900 -0.060 -1         0.00000  0
 0.900 -0.040 -1         0.00000  0
 0.900 -0.020  1         0.00000  0
 0.900  0.000  1      1220.70863  0
 0.920 -0.060 -1         0.00000  0
 0.920 -0.040 -1         0.00000  0
 0.920 -0.020  1         0.00000  0
 0.920  0.000  1      2217.23910  0
 0.940 -0.060 -1         0.00000  0
 0.940 -0.040 -1         0.00000  0
 0.940 -0.020  1         0.00000  0
 0.940  0.000  1      1776.07924  0
 0.960 -0.060 -1         0.00000  0
 0.960 -0.040 -1         0.00000  0
 0.960 -0.020  1         0.00000  0
 0.960  0.000  1      1222.55093  0
 0.980 -0.060 -1         0.00000  0
 0.980 -0.040 -1         0.00000  0
 0.980 -0.020  1         0.00000  0
 0.980  0.000  1      1598.24773  0
 1.000 -0.060 -1         0.00000  0
 1.000 -0.040 -1         0.00000  0
 1.000 -0.020  1         0.00000  0
 1.000  0.000  1      1361.73690  0
 1.020 -0.060 -1         0.00000  0
 1.020 -0.040 -1         0.00000  0
 1.020 -0.020  1         0.00000  0
 1.020  0.000  1         0.00000  0
 1.020  0.020  1         0.00000  0
 1.020  0.040  1         0.00000  0
 1.020  0.060  1       257.43909  0
 1.020  0.080  1         0.00000  0
 1.020  0.100  1         0.00000  0
 1.020  0.120  1      3174.19572  0
 1.020  0.140  1         0.00000  0
 1.020  0.160  1         0.00000  0
 1.020  0.180  1         0.00000  0
 1.020  0.200  1         0.00000  0
 1.020  0.220  1         0.00000  0
 1.020  0.240  1         0.00000  0
 1.020  0.260  1         0.00000  0
 1.020  0.280  1         0.00000  0
 1.020  0.300  1         0.00000  0
 1.020  0.320  1         0.00000  0
 1.020  0.340  1         0.00000  0
 1.020  0.360  1         0.00000  0
 1.020  0.380  1         0.00000  0
 1.020  0.400  1         0.00000  0
 1.020  0.420  1         0.00000  0
 1.020  0.440  1         0.00000  0
 1.020  0.460  1         0.00000  0
 1.020  0.480  1         0.00000  0
 1.020  0.500  1         0.00000  0
 1.020  0.520  1         0.00000  0
 1.020  0.540  1         0.00000  0
 1.020  0.560  1         0.00000  0
 1.020  0.580  1         0.00000  0
 1.020  0.600  1         0.00000  0
 1.040 -0.060 -1         0.00000  0
 1.040 -0.040 -1         0.00000  0
 1.040 -0.020  1         0.00000  0
 1.040  0.000  1         0.00000  0
 1.040  0.020  1         0.00000  0
 1.040  0.040  1         0.00000  0
 1.040  0.060  1         0.00000  0
 1.040  0.080  1         0.00000  0
 1.040  0.100  1         0.00000  0
 1.040  0.120  1         0.00000  0
 1.040  0.140  1         0.00000  0
 1.040  0.160  1         0.00000  0
 1.040  0.180  1         0.00000  0
 1.040  0.200  1         0.00000  0
 1.040  0.220  1         0.00000  0
 1.040  0.240  1         0.00000  0
 1.040  0.260  1         0.00000  0
 1.040  0.280  1         0.00000  0
 1.040  0.300  1         0.00000  0
 1.040  0.320  1         0.00000  0
 1.040  0.340  1         0.00000  0
 1.040  0.360  1         0.00000  0
 1.040  0.380  1         0.00000  0
 1.040  0.400  1         0.00000  0
 1.040  0.420  1         0.00000  0
 1.040  0.440  1         0.00000  0
 1.040  0.460  1         0.00000  0
 1.040  0.480  1         0.00000  0
 1.040  0.500  1         0.00000  0
 1.040  0.520  1         0.00000  0
 1.040  0.540  1         0.00000  0
 1.040  0.560  1         0.00000  0
 1.040  0.580  1         0.00000  0
 1.040  0.600  1         0.00000  0
 1.060 -0.060 -1         0.00000  0
 1.060 -0.040 -1         0.00000  0
 1.060 -0.020 -1         0.00000  0
 1.060  0.000 -1         0.00000  0
 1.060  0.020 -1         0.00000  0
 1.060  0.040 -1         0.00000  0
 1.060  0.060 -1         0.00000  0
 1.060  0.080 -1         0.00000  0
 1.060  0.100 -1         0.00000  0
 1.060  0.120 -1         0.00000  0
 1.060  0.140 -1         0.00000  0
 1.060  0.160 -1         0.00000  0
 1.060  0.180 -1         0.00000  0
 1.060  0.200 -1         0.00000  0
 1.060  0.220 -1         0.00000  0
 1.060  0.240 -1         0.00000  0
 1.060  0.260 -1         0.00000  0
 1.060  0.280 -1         0.00000  0
 1.060  0.300 -1         0.00000  0
 1.060  0.320 -1         0.00000  0
 1.060  0.340 -1         0.00000  0
 1.060  0.360 -1         0.00000  0
 1.060  0.380 -1         0.00000  0
 1.060  0.400 -1         0.00000  0
 1.060  0.420 -1         0.00000  0
 1.060  0.440 -1         0.00000  0
 1.060  0.460 -1         0.00000  0
 1.060  0.480 -1         0.00000  0
 1.060  0.500 -1         0.00000  0
 1.060  0.520 -1         0.00000  0
 1.060  0.540 -1         0.00000  0
 1.060  0.560 -1         0.00000  0
 1.060  0.580  1         0.00000  0
 1.060  0.600  1         0.00000  0
 1.080 -0.060 -1         0.00000  0
 1.080 -0.040 -1         0.00000  0
 1.080 -0.020 -1         0.00000  0
 1.080  0.000 -1         0.00000  0
 1.080  0.020 -1         0.00000  0
 1.080  0.040 -1         0.00000  0
 1.080  0.060 -1         0.00000  0
 1.080  0.080 -1         0.00000  0
 1.080  0.100 -1         0.00000  0
 1.080  0.120 -1         0.00000  0
 1.080  0.140 -1         0.00000  0
 1.080  0.160 -1         0.00000  0
 1.080  0.180 -1         0.00000  0
 1.080  0.200 -1         0.00000  0
 1.080  0.220 -1         0.00000  0
 1.080  0.240 -1         0.00000  0
 1.080  0.260 -1         0.00000  0
 1.080  0.280 -1         0.00000  0
 1.080  0.300 -1         0.00000  0
 1.080  0.320 -1         0.00000  0
 1.080  0.340 -1         0.00000  0
 1.080  0.360 -1         0.00000  0
 1.080  0.380 -1         0.00000  0
 1.080  0.400 -1         0.00000  0
 1.080  0.420 -1         0.00000  0
 1.080  0.440 -1         0.00000  0
 1.080  0.460 -1         0.00000  0
 1.080  0.480 -1         0.00000  0
 1.080  0.500 -1         0.00000  0
 1.080  0.520 -1         0.00000  0
 1.080  0.540 -1         0.00000  0
 1.080  0.560 -1         0.00000  0
 1.080  0.580  1         0.00000  0
 1.080  0.600  1         0.00000  0
