-0.075 -0.075 -1         0.00000  0
-0.075 -0.050 -1         0.00000  0
-0.075 -0.025 -1         0.00000  0
-0.075  0.000 -1         0.00000  0
-0.075  0.025 -1         0.00000  0
-0.075  0.050 -1         0.00000  0
-0.075  0.075 -1         0.00000  0
-0.075  0.100 -1         0.00000  0
-0.075  0.125 -1         0.00000  0
-0.075  0.150 -1         0.00000  0
-0.075  0.175 -1         0.00000  0
-0.075  0.200 -1         0.00000  0
-0.075  0.225 -1         0.00000  0
-0.075  0.250 -1         0.00000  0
-0.075  0.275 -1         0.00000  0
-0.075  0.300 -1         0.00000  0
-0.075  0.325 -1         0.00000  0
-0.075  0.350 -1         0.00000  0
-0.075  0.375 -1         0.00000  0
-0.075  0.400 -1         0.00000  0
-0.075  0.425 -1         0.00000  0
-0.075  0.450 -1         0.00000  0
-0.075  0.475 -1         0.00000  0
-0.075  0.500 -1         0.00000  0
-0.075  0.525 -1         0.00000  0
-0.075  0.550 -1         0.00000  0
-0.075  0.575  1         0.00000  0
-0.075  0.600  1         0.00000  0
-0.050 -0.075 -1         0.00000  0
-0.050 -0.050 -1         0.00000  0
-0.050 -0.025 -1         0.00000  0
-0.050  0.000 -1         0.00000  0
-0.050  0.025 -1         0.00000  0
-0.050  0.050 -1         0.00000  0
-0.050  0.075 -1         0.00000  0
-0.050  0.100 -1         0.00000  0
-0.050  0.125 -1         0.00000  0
-0.050  0.150 -1         0.00000  0
-0.050  0.175 -1         0.00000  0
-0.050  0.200 -1         0.00000  0
-0.050  0.225 -1         0.00000  0
-0.050  0.250 -1         0.00000  0
-0.050  0.275 -1         0.00000  0
-0.050  0.300 -1         0.00000  0
-0.050  0.325 -1         0.00000  0
-0.050  0.350 -1         0.00000  0
-0.050  0.375 -1         0.00000  0
-0.050  0.400 -1         0.00000  0
-0.050  0.425 -1         0.00000  0
-0.050  0.450 -1         0.00000  0
-0.050  0.475 -1         0.00000  0
-0.050  0.500 -1         0.00000  0
-0.050  0.525 -1         0.00000  0
-0.050  0.550 -1         0.00000  0
-0.050  0.575  1         0.00000  0
-0.050  0.600  1         0.00000  0
-0.025 -0.075 -1         0.00000  0
-0.025 -0.050 -1         0.00000  0
-0.025 -0.025  1         0.00000  0
-0.025  0.000  1         0.00000  0
-0.025  0.025  1         0.00000  0
-0.025  0.050  1         0.00000  0
-0.025  0.075  1         0.00000  0
-0.025  0.100  1         0.00000  0
-0.025  0.125  1         0.00000  0
-0.025  0.150  1         0.00000  0
-0.025  0.175  1         0.00000  0
-0.025  0.200  1         0.00000  0
-0.025  0.225  1         0.00000  0
-0.025  0.250  1         0.00000  0
-0.025  0.275  1         0.00000  0
-0.025  0.300  1         0.00000  0
-0.025  0.325  1         0.00000  0
-0.025  0.350  1         0.00000  0
-0.025  0.375  1         0.00000  0
-0.025  0.400  1         0.00000  0
-0.025  0.425  1         0.00000  0
-0.025  0.450  1         0.00000  0
-0.025  0.475  1         0.00000  0
-0.025  0.500  1         0.00000  0
-0.025  0.525  1         0.00000  0
-0.025  0.550  1         0.00000  0
-0.025  0.575  1         0.00000  0
-0.025  0.600  1         0.00000  0
 0.000 -0.075 -1         0.00000  0
 0.000 -0.050 -1         0.00000  0
 0.000 -0.025  1         0.00000  0
 0.000  0.000  1         0.00000  0
 0.000  0.025  1         0.00000  0
 0.000  0.050  1         0.00000  0
 0.000  0.075  1         0.00000  0
 0.000  0.100  1         0.00000  0
 0.000  0.125  1         0.00000  0
 0.000  0.150  1         0.00000  0
 0.000  0.175  1         0.00000  0
 0.000  0.200  1         0.00000  0
 0.000  0.225  1         0.00000  0
 0.000  0.250  1         0.00000  0
 0.000  0.275  1         0.00000  0
 0.000  0.300  1         0.00000  0
 0.000  0.325  1         0.00000  0
 0.000  0.350  1         0.00000  0
 0.000  0.375  1         0.00000  0
 0.000  0.400  1         0.00000  0
 0.000  0.425  1         0.00000  0
 0.000  0.450  1         0.00000  0
 0.000  0.475  1         0.00000  0
 0.000  0.500  1         0.00000  0
 0.000  0.525  1         0.00000  0
 0.000  0.550  1         0.00000  0
 0.000  0.575  1         0.00000  0
 0.000  0.600  1         0.00000  0
 0.025 -0.075 -1         0.00000  0
 0.025 -0.050 -1         0.00000  0
 0.025 -0.025  1         0.00000  0
 0.025  0.000  1       795.32382  0
 0.087  0.019  0       669.44254  0
 0.352  0.030  0       569.92565  0
 0.139  0.021  0      1765.67726  0
 0.416  0.080  0         0.00000  0
 0.025  0.044  0         0.00000  0
 0.119  0.027  0       503.16278  0
 0.034  0.020  0       545.49327  0
 0.326  0.023  0      1136.90901  0
 0.176  0.023  0         0.00000  0
 0.142  0.050  0       186.47267  0
 0.171  0.070  0         0.00000  0
 0.056  0.058  0         7.54612  0
 0.054  0.032  0       872.81186  0
 0.046  0.072  0         0.00000  0
 0.092  0.070  0         0.00000  0
 0.109  0.080  0         0.00000  0
 0.155  0.064  0         0.00000  0
 0.199  0.059  0         0.00000  0
 0.204  0.040  0       619.18957  0
 0.023  0.066  0         0.00000  0
 0.050 -0.075 -1         0.00000  0
 0.050 -0.050 -1         0.00000  0
 0.050 -0.025  1         0.00000  0
 0.050  0.000  1         0.00000  0
 0.212  0.020  0        50.02905  0
 0.384  0.056  0         0.00000  0
 0.448  0.052  0         0.00000  0
 0.417  0.042  0      2640.74039  0
 0.376  0.022  0      1927.21256  0
 0.308  0.050  0         0.00000  0
 0.369  0.072  0         0.00000  0
 0.429  0.060  0         0.00000  0
 0.174  0.041  0       179.25172  0
 0.246  0.021  0         0.00000  0
 0.239  0.044  0       156.83097  0
 0.494  0.040  0       944.54720  0
 0.075  0.041  0      1053.26825  0
 0.357  0.058  0         0.00000  0
 0.099  0.046  0       651.74983  0
 0.081  0.084  0         0.00000  0
 0.331  0.042  0      1372.01744  0
 0.122  0.054  0         0.00000  0
 0.210  0.071  0         0.00000  0
 0.242  0.070  0         0.00000  0
 0.075 -0.075 -1         0.00000  0
 0.075 -0.050 -1         0.00000  0
 0.075 -0.025  1         0.00000  0
 0.075  0.000  1       437.41460  0
 0.393  0.030  0      1470.27810  0
 0.294  0.021  0       827.82830  0
 0.699  0.023  0      1076.17121  0
 0.424  0.021  0         0.00000  0
 0.561  0.022  0       794.51844  0
 0.474  0.030  0       511.19362  0
 0.516  0.064  0         0.00000  0
 0.404  0.069  0         0.00000  0
 0.455  0.023  0       215.67285  0
 0.495  0.088  0         0.00000  0
 0.503  0.022  0         0.00000  0
 0.273  0.032  0       155.61178  0
 0.587  0.031  0         0.00000  0
 0.459  0.088  0         0.00000  0
 0.297  0.065  0         0.00000  0
 0.338  0.069  0         0.00000  0
 0.593  0.059  0         0.00000  0
 0.253  0.056  0         0.00000  0
 0.556  0.065  0         0.00000  0
 0.283  0.051  0         0.00000  0
 0.100 -0.075 -1         0.00000  0
 0.100 -0.050 -1         0.00000  0
 0.100 -0.025  1         0.00000  0
 0.100  0.000  1      2218.17574  0
 0.838  0.031  0      2065.79629  0
 0.831  0.057  0      4238.08179  0
 0.793  0.025  0      1488.81637  0
 0.650  0.024  0       927.90103  0
 0.735  0.024  0         0.00000  0
 0.675  0.026  0         0.00000  0
 0.812  0.085  0      1453.24832  0
 0.844  0.112  0         0.00000  0
 0.790  0.063  0       246.00342  0
 0.704  0.083  0         0.00000  0
 0.906  0.091  0      1316.27686  0
 0.611  0.021  0      1275.49982  0
 0.760  0.024  0         0.00000  0
 0.739  0.071  0         0.00000  0
 0.696  0.043  0         0.00000  0
 0.530  0.034  0       792.29474  0
 0.635  0.059  0         0.00000  0
 0.472  0.061  0         0.00000  0
 0.621  0.038  0         0.00000  0
 0.498  0.069  0         0.00000  0
 0.125 -0.075 -1         0.00000  0
 0.125 -0.050 -1         0.00000  0
 0.125 -0.025  1         0.00000  0
 0.125  0.000  1      1503.50553  0
 0.896  0.043  0      2933.53838  0
 0.917  0.115  0      2118.34105  0
 0.915  0.023  0      2568.62372  0
 0.817  0.021  0      4326.78584  0
 0.934  0.191  0         0.00000  0
 0.965  0.108  0      2501.61578  0
 0.966  0.022  0      2718.90564  0
 0.951  0.044  0      2478.13993  0
 0.858  0.182  0         0.00000  0
 0.861  0.026  0      2739.52998  0
 0.882  0.025  0      3753.08532  0
 0.896  0.142  0         0.00000  0
 0.777  0.039  0      1344.19360  0
 0.868  0.086  0         0.00000  0
 0.756  0.069  0         0.00000  0
 0.539  0.046  0         0.00000  0
 0.701  0.061  0         0.00000  0
 0.569  0.042  0         0.00000  0
 0.719  0.053  0       116.80710  0
 0.650  0.071  0         0.00000  0
 0.150 -0.075 -1         0.00000  0
 0.150 -0.050 -1         0.00000  0
 0.150 -0.025  1         0.00000  0
 0.150  0.000  1       531.95485  0
 1.001  0.164  0         0.00000  0
 0.923  0.072  0      2244.71284  0
 0.967  0.065  0      2115.84266  0
 0.971  0.217  0         0.00000  0
 0.878  0.292  0         0.00000  0
 0.931  0.174  0         0.00000  0
 0.983  0.039  0      2262.88099  0
 0.936  0.024  0      3661.66942  0
 0.955  0.204  0         0.00000  0
 0.933  0.095  0       611.59041  0
 0.914  0.053  0      1974.91801  0
 0.886  0.190  0         0.00000  0
 0.887  0.086  0      2186.14308  0
 0.809  0.054  0       573.60697  0
 0.827  0.093  0         0.00000  0
 0.786  0.097  0         0.00000  0
 0.806  0.119  0         0.00000  0
 0.778  0.082  0         0.00000  0
 0.653  0.044  0         0.00000  0
 0.746  0.049  0       149.94690  0
 0.175 -0.075 -1         0.00000  0
 0.175 -0.050 -1         0.00000  0
 0.175 -0.025  1         0.00000  0
 0.175  0.000  1       516.41541  0
 0.992  0.212  0       383.61351  0
 1.005  0.119  0      2958.45155  0
 0.872  0.264  0       612.05629  0
 0.890  0.269  0       170.08318  0
 0.856  0.233  0         0.00000  0
 0.999  0.317  0         0.00000  0
 0.909  0.299  0         0.00000  0
 0.971  0.163  0         0.00000  0
 0.968  0.087  0      1837.67392  0
 0.919  0.241  0         0.00000  0
 0.970  0.264  0         0.00000  0
 0.997  0.233  0         0.00000  0
 0.983  0.147  0      1978.70017  0
 0.949  0.163  0         0.00000  0
 0.885  0.219  0         0.00000  0
 0.920  0.141  0       912.18163  0
 0.943  0.138  0      1167.94998  0
 0.847  0.077  0      2708.03046  0
 0.854  0.054  0      3577.38515  0
 0.894  0.125  0         0.00000  0
 0.200 -0.075 -1         0.00000  0
 0.200 -0.050 -1         0.00000  0
 0.200 -0.025  1         0.00000  0
 0.200  0.000  1      1096.70489  0
 0.919  0.288  0      4434.88918  0
 0.999  0.054  0      1680.70317  0
 0.972  0.318  0         0.00000  0
 0.939  0.384  0         0.00000  0
 0.937  0.289  0         0.00000  0
 1.002  0.024  0      1888.47589  0
 0.796  0.239  0         0.00000  0
 0.964  0.441  0         0.00000  0
 0.855  0.338  0         0.00000  0
 0.776  0.173  0         0.00000  0
 0.998  0.252  0         0.00000  0
 0.946  0.065  0      2618.43307  0
 0.992  0.098  0      1697.69997  0
 0.982  0.126  0       977.09898  0
 0.872  0.238  0        41.83868  0
 0.975  0.187  0         0.00000  0
 1.004  0.190  0      1550.65227  0
 0.952  0.240  0         0.00000  0
 0.934  0.227  0         0.00000  0
 0.899  0.162  0         0.00000  0
 0.225 -0.075 -1         0.00000  0
 0.225 -0.050 -1         0.00000  0
 0.225 -0.025  1         0.00000  0
 0.225  0.000  1       523.70219  0
 1.000  0.415  0         0.00000  0
 0.778  0.606  0         0.00000  0
 0.723  0.966  0         0.00000  0
 0.784  0.810  0         0.00000  0
 0.953  0.408  0         0.00000  0
 0.951  0.338  0         0.00000  0
 0.967  0.876  0         0.00000  0
 0.995  0.295  0         0.00000  0
 0.884  0.317  0         0.00000  0
 0.990  0.274  0         0.00000  0
 0.744  0.199  0         0.00000  0
 0.853  0.274  0         0.00000  0
 1.002  0.402  0         0.00000  0
 0.949  0.307  0      1730.26657  0
 0.751  0.263  0         0.00000  0
 0.897  0.248  0       381.25036  0
 0.945  0.118  0      1448.03129  0
 0.783  0.243  0         0.00000  0
 0.903  0.195  0         0.00000  0
 0.879  0.062  0       957.38250  0
 0.250 -0.075 -1         0.00000  0
 0.250 -0.050 -1         0.00000  0
 0.250 -0.025  1         0.00000  0
 0.250  0.000  1       386.78118  0
 0.885  1.104  0         0.00000  0
 0.912  1.131  0         0.00000  0
 0.833  0.867  0         0.00000  0
 0.806  0.299  0         0.00000  0
 1.002  0.077  0       985.58034  0
 0.792  0.977  0         0.00000  0
 0.774  0.284  0         0.00000  0
 0.908  1.114  0         0.00000  0
 0.867  0.518  0         0.00000  0
 0.847  0.359  0         0.00000  0
 0.828  0.422  0         0.00000  0
 0.991  0.333  0         0.00000  0
 1.034  0.758  0         0.00000  0
 0.963  0.680  0         0.00000  0
 0.920  0.525  0         0.00000  0
 0.730  0.214  0         0.00000  0
 0.938  0.319  0         0.00000  0
 0.825  0.262  0         0.00000  0
 0.956  0.257  0       355.60231  0
 0.907  0.221  0       663.24508  0
 0.275 -0.075 -1         0.00000  0
 0.275 -0.050 -1         0.00000  0
 0.275 -0.025  1         0.00000  0
 0.275  0.000  1         0.00000  0
 0.300 -0.075 -1         0.00000  0
 0.300 -0.050 -1         0.00000  0
 0.300 -0.025  1         0.00000  0
 0.300  0.000  1       820.01730  0
 0.325 -0.075 -1         0.00000  0
 0.325 -0.050 -1         0.00000  0
 0.325 -0.025  1         0.00000  0
 0.325  0.000  1      1179.79310  0
 0.350 -0.075 -1         0.00000  0
 0.350 -0.050 -1         0.00000  0
 0.350 -0.025  1         0.00000  0
 0.350  0.000  1         0.00000  0
 0.375 -0.075 -1         0.00000  0
 0.375 -0.050 -1         0.00000  0
 0.375 -0.025  1         0.00000  0
 0.375  0.000  1       737.14964  0
 0.400 -0.075 -1         0.00000  0
 0.400 -0.050 -1         0.00000  0
 0.400 -0.025  1         0.00000  0
 0.400  0.000  1         0.00000  0
 0.425 -0.075 -1         0.00000  0
 0.425 -0.050 -1         0.00000  0
 0.425 -0.025  1         0.00000  0
 0.425  0.000  1      2191.36963  0
 0.450 -0.075 -1         0.00000  0
 0.450 -0.050 -1         0.00000  0
 0.450 -0.025  1         0.00000  0
 0.450  0.000  1      1178.87197  0
 0.475 -0.075 -1         0.00000  0
 0.475 -0.050 -1         0.00000  0
 0.475 -0.025  1         0.00000  0
 0.475  0.000  1       219.63370  0
 0.500 -0.075 -1         0.00000  0
 0.500 -0.050 -1         0.00000  0
 0.500 -0.025  1         0.00000  0
 0.500  0.000  1       333.08735  0
 0.525 -0.075 -1         0.00000  0
 0.525 -0.050 -1         0.00000  0
 0.525 -0.025  1         0.00000  0
 0.525  0.000  1         0.00000  0
 0.550 -0.075 -1         0.00000  0
 0.550 -0.050 -1         0.00000  0
 0.550 -0.025  1         0.00000  0
 0.550  0.000  1         0.00000  0
 0.575 -0.075 -1         0.00000  0
 0.575 -0.050 -1         0.00000  0
 0.575 -0.025  1         0.00000  0
 0.575  0.000  1         0.00000  0
 0.600 -0.075 -1         0.00000  0
 0.600 -0.050 -1         0.00000  0
 0.600 -0.025  1         0.00000  0
 0.600  0.000  1         0.00000  0
 0.625 -0.075 -1         0.00000  0
 0.625 -0.050 -1         0.00000  0
 0.625 -0.025  1         0.00000  0
 0.625  0.000  1         0.00000  0
 0.650 -0.075 -1         0.00000  0
 0.650 -0.050 -1         0.00000  0
 0.650 -0.025  1         0.00000  0
 0.650  0.000  1       650.28046  0
 0.675 -0.075 -1         0.00000  0
 0.675 -0.050 -1         0.00000  0
 0.675 -0.025  1         0.00000  0
 0.675  0.000  1      2017.85256  0
 0.700 -0.075 -1         0.00000  0
 0.700 -0.050 -1         0.00000  0
 0.700 -0.025  1         0.00000  0
 0.700  0.000  1       996.10557  0
 0.725 -0.075 -1         0.00000  0
 0.725 -0.050 -1         0.00000  0
 0.725 -0.025  1         0.00000  0
 0.725  0.000  1         0.00000  0
 0.750 -0.075 -1         0.00000  0
 0.750 -0.050 -1         0.00000  0
 0.750 -0.025  1         0.00000  0
 0.750  0.000  1         0.00000  0
 0.775 -0.075 -1         0.00000  0
 0.775 -0.050 -1         0.00000  0
 0.775 -0.025  1         0.00000  0
 0.775  0.000  1        84.62458  0
 0.800 -0.075 -1         0.00000  0
 0.800 -0.050 -1         0.00000  0
 0.800 -0.025  1         0.00000  0
 0.800  0.000  1      2717.77128  0
 0.825 -0.075 -1         0.00000  0
 0.825 -0.050 -1         0.00000  0
 0.825 -0.025  1         0.00000  0
 0.825  0.000  1      3881.62156  0
 0.850 -0.075 -1         0.00000  0
 0.850 -0.050 -1         0.00000  0
 0.850 -0.025  1         0.00000  0
 0.850  0.000  1       965.33876  0
 0.875 -0.075 -1         0.00000  0
 0.875 -0.050 -1         0.00000  0
 0.875 -0.025  1         0.00000  0
 0.875  0.000  1      1179.98589  0
 0.900 -0.075 -1         0.00000  0
 0.900 -0.050 -1         0.00000  0
 0.900 -0.025  1         0.00000  0
 0.900  0.000  1      1555.12720  0
 0.925 -0.075 -1         0.00000  0
 0.925 -0.050 -1         0.00000  0
 0.925 -0.025  1         0.00000  0
 0.925  0.000  1      3335.95082  0
 0.950 -0.075 -1         0.00000  0
 0.950 -0.050 -1         0.00000  0
 0.950 -0.025  1         0.00000  0
 0.950  0.000  1      3790.96815  0
 0.975 -0.075 -1         0.00000  0
 0.975 -0.050 -1         0.00000  0
 0.975 -0.025  1         0.00000  0
 0.975  0.000  1      1935.29926  0
 1.000 -0.075 -1         0.00000  0
 1.000 -0.050 -1         0.00000  0
 1.000 -0.025  1         0.00000  0
 1.000  0.000  1      1498.99883  0
 1.025 -0.075 -1         0.00000  0
 1.025 -0.050 -1         0.00000  0
 1.025 -0.025  1         0.00000  0
 1.025  0.000  1      1081.20733  0
 1.025  0.025  1      3282.71724  0
 1.025  0.050  1      2097.47281  0
 1.025  0.075  1      2018.26059  0
 1.025  0.100  1       862.40693  0
 1.025  0.125  1      2314.31182  0
 1.025  0.150  1         0.00000  0
 1.025  0.175  1       316.46023  0
 1.025  0.200  1       881.18484  0
 1.025  0.225  1         0.00000  0
 1.025  0.250  1         0.00000  0
 1.025  0.275  1         0.00000  0
 1.025  0.300  1         0.00000  0
 1.025  0.325  1         0.00000  0
 1.025  0.350  1         0.00000  0
 1.025  0.375  1         0.00000  0
 1.025  0.400  1         0.00000  0
 1.025  0.425  1         0.00000  0
 1.025  0.450  1         0.00000  0
 1.025  0.475  1         0.00000  0
 1.025  0.500  1         0.00000  0
 1.025  0.525  1         0.00000  0
 1.025  0.550  1         0.00000  0
 1.025  0.575  1         0.00000  0
 1.025  0.600  1         0.00000  0
 1.050 -0.075 -1         0.00000  0
 1.050 -0.050 -1         0.00000  0
 1.050 -0.025  1         0.00000  0
 1.050  0.000  1         0.00000  0
 1.050  0.025  1         0.00000  0
 1.050  0.050  1         0.00000  0
 1.050  0.075  1         0.00000  0
 1.050  0.100  1         0.00000  0
 1.050  0.125  1         0.00000  0
 1.050  0.150  1         0.00000  0
 1.050  0.175  1         0.00000  0
 1.050  0.200  1         0.00000  0
 1.050  0.225  1         0.00000  0
 1.050  0.250  1         0.00000  0
 1.050  0.275  1         0.00000  0
 1.050  0.300  1         0.00000  0
 1.050  0.325  1         0.00000  0
 1.050  0.350  1         0.00000  0
 1.050  0.375  1         0.00000  0
 1.050  0.400  1         0.00000  0
 1.050  0.425  1         0.00000  0
 1.050  0.450  1         0.00000  0
 1.050  0.475  1         0.00000  0
 1.050  0.500  1         0.00000  0
 1.050  0.525  1         0.00000  0
 1.050  0.550  1         0.00000  0
 1.050  0.575  1         0.00000  0
 1.050  0.600  1         0.00000  0
 1.075 -0.075 -1         0.00000  0
 1.075 -0.050 -1         0.00000  0
 1.075 -0.025 -1         0.00000  0
 1.075  0.000 -1         0.00000  0
 1.075  0.025 -1         0.00000  0
 1.075  0.050 -1         0.00000  0
 1.075  0.075 -1         0.00000  0
 1.075  0.100 -1         0.00000  0
 1.075  0.125 -1         0.00000  0
 1.075  0.150 -1         0.00000  0
 1.075  0.175 -1         0.00000  0
 1.075  0.200 -1         0.00000  0
 1.075  0.225 -1         0.00000  0
 1.075  0.250 -1         0.00000  0
 1.075  0.275 -1         0.00000  0
 1.075  0.300 -1         0.00000  0
 1.075  0.325 -1         0.00000  0
 1.075  0.350 -1         0.00000  0
 1.075  0.375 -1         0.00000  0
 1.075  0.400 -1         0.00000  0
 1.075  0.425 -1         0.00000  0
 1.075  0.450 -1         0.00000  0
 1.075  0.475 -1         0.00000  0
 1.075  0.500 -1         0.00000  0
 1.075  0.525 -1         0.00000  0
 1.075  0.550 -1         0.00000  0
 1.075  0.575  1         0.00000  0
 1.075  0.600  1         0.00000  0
 1.100 -0.075 -1         0.00000  0
 1.100 -0.050 -1         0.00000  0
 1.100 -0.025 -1         0.00000  0
 1.100  0.000 -1         0.00000  0
 1.100  0.025 -1         0.00000  0
 1.100  0.050 -1         0.00000  0
 1.100  0.075 -1         0.00000  0
 1.100  0.100 -1         0.00000  0
 1.100  0.125 -1         0.00000  0
 1.100  0.150 -1         0.00000  0
 1.100  0.175 -1         0.00000  0
 1.100  0.200 -1         0.00000  0
 1.100  0.225 -1         0.00000  0
 1.100  0.250 -1         0.00000  0
 1.100  0.275 -1         0.00000  0
 1.100  0.300 -1         0.00000  0
 1.100  0.325 -1         0.00000  0
 1.100  0.350 -1         0.00000  0
 1.100  0.375 -1         0.00000  0
 1.100  0.400 -1         0.00000  0
 1.100  0.425 -1         0.00000  0
 1.100  0.450 -1         0.00000  0
 1.100  0.475 -1         0.00000  0
 1.100  0.500 -1         0.00000  0
 1.100  0.525 -1         0.00000  0
 1.100  0.550 -1         0.00000  0
 1.100  0.575  1         0.00000  0
 1.100  0.600  1         0.00000  0
