  -7.5000001117587090E-002  -7.5000001117587090E-002  -1.0000000000000000     
  -7.5000001117587090E-002  -5.0000000745058060E-002  -1.0000000000000000     
  -7.5000001117587090E-002  -2.5000000372529030E-002  -1.0000000000000000     
  -7.5000001117587090E-002   0.0000000000000000       -1.0000000000000000     
  -7.5000001117587090E-002   2.5000000372529030E-002  -1.0000000000000000     
  -7.5000001117587090E-002   5.0000000745058060E-002  -1.0000000000000000     
  -7.5000001117587090E-002   7.5000001117587090E-002  -1.0000000000000000     
  -7.5000001117587090E-002  0.10000000149011612       -1.0000000000000000     
  -7.5000001117587090E-002  0.12500000186264515       -1.0000000000000000     
  -7.5000001117587090E-002  0.15000000223517418       -1.0000000000000000     
  -7.5000001117587090E-002  0.17500000260770321       -1.0000000000000000     
  -7.5000001117587090E-002  0.20000000298023224       -1.0000000000000000     
  -7.5000001117587090E-002  0.22500000335276127       -1.0000000000000000     
  -7.5000001117587090E-002  0.25000000372529030       -1.0000000000000000     
  -7.5000001117587090E-002  0.27500000409781933       -1.0000000000000000     
  -7.5000001117587090E-002  0.30000000447034836       -1.0000000000000000     
  -7.5000001117587090E-002  0.32500000484287739       -1.0000000000000000     
  -7.5000001117587090E-002  0.35000000521540642       -1.0000000000000000     
  -7.5000001117587090E-002  0.37500000558793545       -1.0000000000000000     
  -7.5000001117587090E-002  0.40000000596046448       -1.0000000000000000     
  -7.5000001117587090E-002  0.42500000633299351       -1.0000000000000000     
  -7.5000001117587090E-002  0.45000000670552254       -1.0000000000000000     
  -7.5000001117587090E-002  0.47500000707805157       -1.0000000000000000     
  -7.5000001117587090E-002  0.50000000745058060       -1.0000000000000000     
  -7.5000001117587090E-002  0.52500000782310963       -1.0000000000000000     
  -7.5000001117587090E-002  0.55000000819563866       -1.0000000000000000     
  -7.5000001117587090E-002  0.57500000856816769        1.0000000000000000     
  -7.5000001117587090E-002  0.60000000894069672        1.0000000000000000     
  -5.0000000745058060E-002  -7.5000001117587090E-002  -1.0000000000000000     
  -5.0000000745058060E-002  -5.0000000745058060E-002  -1.0000000000000000     
  -5.0000000745058060E-002  -2.5000000372529030E-002  -1.0000000000000000     
  -5.0000000745058060E-002   0.0000000000000000       -1.0000000000000000     
  -5.0000000745058060E-002   2.5000000372529030E-002  -1.0000000000000000     
  -5.0000000745058060E-002   5.0000000745058060E-002  -1.0000000000000000     
  -5.0000000745058060E-002   7.5000001117587090E-002  -1.0000000000000000     
  -5.0000000745058060E-002  0.10000000149011612       -1.0000000000000000     
  -5.0000000745058060E-002  0.12500000186264515       -1.0000000000000000     
  -5.0000000745058060E-002  0.15000000223517418       -1.0000000000000000     
  -5.0000000745058060E-002  0.17500000260770321       -1.0000000000000000     
  -5.0000000745058060E-002  0.20000000298023224       -1.0000000000000000     
  -5.0000000745058060E-002  0.22500000335276127       -1.0000000000000000     
  -5.0000000745058060E-002  0.25000000372529030       -1.0000000000000000     
  -5.0000000745058060E-002  0.27500000409781933       -1.0000000000000000     
  -5.0000000745058060E-002  0.30000000447034836       -1.0000000000000000     
  -5.0000000745058060E-002  0.32500000484287739       -1.0000000000000000     
  -5.0000000745058060E-002  0.35000000521540642       -1.0000000000000000     
  -5.0000000745058060E-002  0.37500000558793545       -1.0000000000000000     
  -5.0000000745058060E-002  0.40000000596046448       -1.0000000000000000     
  -5.0000000745058060E-002  0.42500000633299351       -1.0000000000000000     
  -5.0000000745058060E-002  0.45000000670552254       -1.0000000000000000     
  -5.0000000745058060E-002  0.47500000707805157       -1.0000000000000000     
  -5.0000000745058060E-002  0.50000000745058060       -1.0000000000000000     
  -5.0000000745058060E-002  0.52500000782310963       -1.0000000000000000     
  -5.0000000745058060E-002  0.55000000819563866       -1.0000000000000000     
  -5.0000000745058060E-002  0.57500000856816769        1.0000000000000000     
  -5.0000000745058060E-002  0.60000000894069672        1.0000000000000000     
  -2.5000000372529030E-002  -7.5000001117587090E-002  -1.0000000000000000     
  -2.5000000372529030E-002  -5.0000000745058060E-002  -1.0000000000000000     
  -2.5000000372529030E-002  -2.5000000372529030E-002   1.0000000000000000     
  -2.5000000372529030E-002   0.0000000000000000        1.0000000000000000     
  -2.5000000372529030E-002   2.5000000372529030E-002   1.0000000000000000     
  -2.5000000372529030E-002   5.0000000745058060E-002   1.0000000000000000     
  -2.5000000372529030E-002   7.5000001117587090E-002   1.0000000000000000     
  -2.5000000372529030E-002  0.10000000149011612        1.0000000000000000     
  -2.5000000372529030E-002  0.12500000186264515        1.0000000000000000     
  -2.5000000372529030E-002  0.15000000223517418        1.0000000000000000     
  -2.5000000372529030E-002  0.17500000260770321        1.0000000000000000     
  -2.5000000372529030E-002  0.20000000298023224        1.0000000000000000     
  -2.5000000372529030E-002  0.22500000335276127        1.0000000000000000     
  -2.5000000372529030E-002  0.25000000372529030        1.0000000000000000     
  -2.5000000372529030E-002  0.27500000409781933        1.0000000000000000     
  -2.5000000372529030E-002  0.30000000447034836        1.0000000000000000     
  -2.5000000372529030E-002  0.32500000484287739        1.0000000000000000     
  -2.5000000372529030E-002  0.35000000521540642        1.0000000000000000     
  -2.5000000372529030E-002  0.37500000558793545        1.0000000000000000     
  -2.5000000372529030E-002  0.40000000596046448        1.0000000000000000     
  -2.5000000372529030E-002  0.42500000633299351        1.0000000000000000     
  -2.5000000372529030E-002  0.45000000670552254        1.0000000000000000     
  -2.5000000372529030E-002  0.47500000707805157        1.0000000000000000     
  -2.5000000372529030E-002  0.50000000745058060        1.0000000000000000     
  -2.5000000372529030E-002  0.52500000782310963        1.0000000000000000     
  -2.5000000372529030E-002  0.55000000819563866        1.0000000000000000     
  -2.5000000372529030E-002  0.57500000856816769        1.0000000000000000     
  -2.5000000372529030E-002  0.60000000894069672        1.0000000000000000     
   0.0000000000000000       -7.5000001117587090E-002  -1.0000000000000000     
   0.0000000000000000       -5.0000000745058060E-002  -1.0000000000000000     
   0.0000000000000000       -2.5000000372529030E-002   1.0000000000000000     
   0.0000000000000000        0.0000000000000000        1.0000000000000000     
   0.0000000000000000        2.5000000372529030E-002   1.0000000000000000     
   0.0000000000000000        5.0000000745058060E-002   1.0000000000000000     
   0.0000000000000000        7.5000001117587090E-002   1.0000000000000000     
   0.0000000000000000       0.10000000149011612        1.0000000000000000     
   0.0000000000000000       0.12500000186264515        1.0000000000000000     
   0.0000000000000000       0.15000000223517418        1.0000000000000000     
   0.0000000000000000       0.17500000260770321        1.0000000000000000     
   0.0000000000000000       0.20000000298023224        1.0000000000000000     
   0.0000000000000000       0.22500000335276127        1.0000000000000000     
   0.0000000000000000       0.25000000372529030        1.0000000000000000     
   0.0000000000000000       0.27500000409781933        1.0000000000000000     
   0.0000000000000000       0.30000000447034836        1.0000000000000000     
   0.0000000000000000       0.32500000484287739        1.0000000000000000     
   0.0000000000000000       0.35000000521540642        1.0000000000000000     
   0.0000000000000000       0.37500000558793545        1.0000000000000000     
   0.0000000000000000       0.40000000596046448        1.0000000000000000     
   0.0000000000000000       0.42500000633299351        1.0000000000000000     
   0.0000000000000000       0.45000000670552254        1.0000000000000000     
   0.0000000000000000       0.47500000707805157        1.0000000000000000     
   0.0000000000000000       0.50000000745058060        1.0000000000000000     
   0.0000000000000000       0.52500000782310963        1.0000000000000000     
   0.0000000000000000       0.55000000819563866        1.0000000000000000     
   0.0000000000000000       0.57500000856816769        1.0000000000000000     
   0.0000000000000000       0.60000000894069672        1.0000000000000000     
   2.5000000372529030E-002  -7.5000001117587090E-002  -1.0000000000000000     
   2.5000000372529030E-002  -5.0000000745058060E-002  -1.0000000000000000     
   2.5000000372529030E-002  -2.5000000372529030E-002   1.0000000000000000     
   2.5000000372529030E-002   0.0000000000000000        1.0000000000000000     
   6.4261700793895649E-002   2.2304035921065411E-002   0.0000000000000000     
   3.3280242519017803E-002   2.2442949346427338E-002   0.0000000000000000     
   5.7581515874395604E-002   4.3482904229296154E-002   0.0000000000000000     
   2.2147398895622759E-002   4.0577663982598780E-002   0.0000000000000000     
   9.6807029227492208E-002   6.0676965457950011E-002   0.0000000000000000     
   4.3933717848118552E-002   6.1100670905697055E-002   0.0000000000000000     
   7.3182352573355369E-002   7.1981161617519981E-002   0.0000000000000000     
   2.4650161970978187E-002   7.1689045905085319E-002   0.0000000000000000     
   5.7015921498757692E-002   8.7305696071117878E-002   0.0000000000000000     
   2.8033269131347936E-002   9.3827617363784435E-002   0.0000000000000000     
   2.3807570060412151E-002  0.11878382256119961        0.0000000000000000     
   4.5978697329913415E-002  0.13732551197208057        0.0000000000000000     
   2.3800990911661886E-002  0.14671598826338081        0.0000000000000000     
   4.1275917413818919E-002  0.16510343900124846        0.0000000000000000     
   2.3673857213971625E-002  0.18253544383550982        0.0000000000000000     
   2.3555801043115693E-002  0.20722056820588891        0.0000000000000000     
   4.0356006147152172E-002  0.22264282545617806        0.0000000000000000     
   2.3206376788702222E-002  0.24082511238556556        0.0000000000000000     
   3.8098791596461880E-002  0.26053724729968736        0.0000000000000000     
   2.5682433307414161E-002  0.27194776780831575        0.0000000000000000     
   5.0000000745058060E-002  -7.5000001117587090E-002  -1.0000000000000000     
   5.0000000745058060E-002  -5.0000000745058060E-002  -1.0000000000000000     
   5.0000000745058060E-002  -2.5000000372529030E-002   1.0000000000000000     
   5.0000000745058060E-002   0.0000000000000000        1.0000000000000000     
  0.14172037874193100        2.2476487627140343E-002   0.0000000000000000     
   9.9081160208410221E-002   2.3760648291010752E-002   0.0000000000000000     
  0.15766926594924341        3.9336417210706597E-002   0.0000000000000000     
   8.3114821018548835E-002   4.3492924520808843E-002   0.0000000000000000     
  0.11849952646654717        3.0489223604172857E-002   0.0000000000000000     
  0.12216635845224626        5.6761573931894023E-002   0.0000000000000000     
  0.12300910109797912        8.0203626441023093E-002   0.0000000000000000     
   9.5713190094555242E-002   8.4944574670551054E-002   0.0000000000000000     
   7.2456932260679924E-002  0.10624438749197126        0.0000000000000000     
   4.8200591163737865E-002  0.11224518766835927        0.0000000000000000     
   7.2306020702625401E-002  0.13163505024644223        0.0000000000000000     
   6.6526815071997342E-002  0.15655629716437730        0.0000000000000000     
   9.7051174802823742E-002  0.12759384470706356        0.0000000000000000     
   9.5120907255546117E-002  0.15283235234828971        0.0000000000000000     
   7.0245969222206009E-002  0.17899313167915737        0.0000000000000000     
   8.4188091756861441E-002  0.20032907905452429        0.0000000000000000     
   4.8649022137903480E-002  0.18916340069624579        0.0000000000000000     
   6.7401209976595891E-002  0.21088439392176375        0.0000000000000000     
   5.9062153454828077E-002  0.23443377976145835        0.0000000000000000     
   6.3752965928331018E-002  0.25851648997903465        0.0000000000000000     
   7.5000001117587090E-002  -7.5000001117587090E-002  -1.0000000000000000     
   7.5000001117587090E-002  -5.0000000745058060E-002  -1.0000000000000000     
   7.5000001117587090E-002  -2.5000000372529030E-002   1.0000000000000000     
   7.5000001117587090E-002   0.0000000000000000        1.0000000000000000     
  0.20485225241605962        2.6215552392873480E-002   0.0000000000000000     
  0.17638766513832571        2.3318351920666107E-002   0.0000000000000000     
  0.19442506095187528        4.3420345806244265E-002   0.0000000000000000     
  0.17019680376153354        5.8603961338537812E-002   0.0000000000000000     
  0.22087996633779003        5.6501388936999679E-002   0.0000000000000000     
  0.14653588597446293        6.1725953214760231E-002   0.0000000000000000     
  0.19232344802330956        7.2240552188380033E-002   0.0000000000000000     
  0.14569764799178281        8.8269665176344769E-002   0.0000000000000000     
  0.17413824153067828        8.7773643881156882E-002   0.0000000000000000     
  0.10057410288097011       0.10741703417080500        0.0000000000000000     
  0.15901963604916297       0.11268757972487670        0.0000000000000000     
  0.12916354230785462       0.10444297955488457        0.0000000000000000     
  0.13042702646878052       0.12949612179761491        0.0000000000000000     
  0.12024069945756563       0.15014598045047231        0.0000000000000000     
   9.9517627576150361E-002  0.17323457265242781        0.0000000000000000     
  0.10845606282575200       0.20178855150984565        0.0000000000000000     
  0.10674323933047612       0.22602548845701365        0.0000000000000000     
   8.9448531121973304E-002  0.23536455406187820        0.0000000000000000     
   9.8203419900405001E-002  0.26282970143802797        0.0000000000000000     
   8.1316538335885341E-002  0.26218951437630267        0.0000000000000000     
  0.10000000149011612       -7.5000001117587090E-002  -1.0000000000000000     
  0.10000000149011612       -5.0000000745058060E-002  -1.0000000000000000     
  0.10000000149011612       -2.5000000372529030E-002   1.0000000000000000     
  0.10000000149011612        0.0000000000000000        1.0000000000000000     
  0.24100001644827648        2.0268590776760787E-002   0.0000000000000000     
  0.22963475518502419        3.7797789659782879E-002   0.0000000000000000     
  0.26647251165837338        3.6305022382146244E-002   0.0000000000000000     
  0.26212384312715215        5.7948944351796122E-002   0.0000000000000000     
  0.28944810964025430        5.4269399877263355E-002   0.0000000000000000     
  0.24634404845162566        7.1506160519779344E-002   0.0000000000000000     
  0.28710565316336367        7.4948718822889601E-002   0.0000000000000000     
  0.22116580145537723        7.8983950977596418E-002   0.0000000000000000     
  0.29726437171551234        9.8930390681858549E-002   0.0000000000000000     
  0.19331438867379369        9.4764249347782728E-002   0.0000000000000000     
  0.24771724731819705        9.6383336509472159E-002   0.0000000000000000     
  0.18153692872347749       0.12313367881455312        0.0000000000000000     
  0.17401447165850545       0.15535145956877497        0.0000000000000000     
  0.15363928756855363       0.13313906791155805        0.0000000000000000     
  0.15129446423143053       0.15762806104384644        0.0000000000000000     
  0.12659388306764510       0.17120952030128975        0.0000000000000000     
  0.14574476087853755       0.18584508242693468        0.0000000000000000     
  0.12944715095567413       0.20454497025111595        0.0000000000000000     
  0.13251094584998968       0.23475022189353992        0.0000000000000000     
  0.12715899777550987       0.25467510430828705        0.0000000000000000     
  0.12500000186264515       -7.5000001117587090E-002  -1.0000000000000000     
  0.12500000186264515       -5.0000000745058060E-002  -1.0000000000000000     
  0.12500000186264515       -2.5000000372529030E-002   1.0000000000000000     
  0.12500000186264515        0.0000000000000000        1.0000000000000000     
  0.31554346036074454        2.1379538253921550E-002   0.0000000000000000     
  0.28155678490564839        2.3091255853572960E-002   0.0000000000000000     
  0.33858270591642509        3.5555728157127431E-002   0.0000000000000000     
  0.31040719989982862        4.1927831955210243E-002   0.0000000000000000     
  0.38530164827182034        2.1872909344222508E-002   0.0000000000000000     
  0.32760554967932454        6.0385672454077853E-002   0.0000000000000000     
  0.38191552859092048        4.3522499462524906E-002   0.0000000000000000     
  0.31392401974504419        8.1848851269895287E-002   0.0000000000000000     
  0.34224086523020453        7.9039610596974730E-002   0.0000000000000000     
  0.27256005839427466        9.5711388797424649E-002   0.0000000000000000     
  0.24375239629238557       0.11900509734162566        0.0000000000000000     
  0.22153446723001452       0.10122586302717325        0.0000000000000000     
  0.22053143051947788       0.12823299656305376        0.0000000000000000     
  0.19932996335449213       0.12996743080009907        0.0000000000000000     
  0.19635529027823553       0.16136778937501414        0.0000000000000000     
  0.16940871736268598       0.18393257060994664        0.0000000000000000     
  0.18707862583725218       0.20395021524893456        0.0000000000000000     
  0.15602091917390087       0.20803091496266818        0.0000000000000000     
  0.16896277184682049       0.23641425231733693        0.0000000000000000     
  0.15179093641662036       0.23682950453266235        0.0000000000000000     
  0.15000000223517418       -7.5000001117587090E-002  -1.0000000000000000     
  0.15000000223517418       -5.0000000745058060E-002  -1.0000000000000000     
  0.15000000223517418       -2.5000000372529030E-002   1.0000000000000000     
  0.15000000223517418        0.0000000000000000        1.0000000000000000     
  0.48288756375539715        2.5626974486127864E-002   0.0000000000000000     
  0.35589987456497585        2.3667570047891703E-002   0.0000000000000000     
  0.51553203559520255        2.2613832383586677E-002   0.0000000000000000     
  0.42476968866122156        2.4359921788482602E-002   0.0000000000000000     
  0.53296686973620488        5.3312695548123908E-002   0.0000000000000000     
  0.45205776183889568        2.1950983030053967E-002   0.0000000000000000     
  0.43346487548315732        4.5698665104480410E-002   0.0000000000000000     
  0.40949665676183583        4.0686820123527610E-002   0.0000000000000000     
  0.35566961610942638        5.5934947631784977E-002   0.0000000000000000     
  0.36308512718426977        8.9649696086154404E-002   0.0000000000000000     
  0.31292071628121820       0.11122011382925519        0.0000000000000000     
  0.27400615146495916       0.12297085438580162        0.0000000000000000     
  0.28526780829739473       0.14116716132012755        0.0000000000000000     
  0.21654378329730167       0.15335887124670836        0.0000000000000000     
  0.25975257512567518       0.13828613226096553        0.0000000000000000     
  0.23716100817356822       0.16817108631561109        0.0000000000000000     
  0.19448934787747030       0.18299454426724354        0.0000000000000000     
  0.21850345627247281       0.20494486111133134        0.0000000000000000     
  0.19700772214266343       0.22468860817320088        0.0000000000000000     
  0.18658327074754222       0.23371579853257152        0.0000000000000000     
  0.17500000260770321       -7.5000001117587090E-002  -1.0000000000000000     
  0.17500000260770321       -5.0000000745058060E-002  -1.0000000000000000     
  0.17500000260770321       -2.5000000372529030E-002   1.0000000000000000     
  0.17500000260770321        0.0000000000000000        1.0000000000000000     
  0.63371910245256746        2.1231095891834174E-002   0.0000000000000000     
  0.53895883577515213        2.7532253066400322E-002   0.0000000000000000     
  0.59092711694203659        3.0333985158403787E-002   0.0000000000000000     
  0.56261789374673510        2.1948954425890205E-002   0.0000000000000000     
  0.58564517371665081        7.4274195417177072E-002   0.0000000000000000     
  0.55573411275351658        5.0470960191752255E-002   0.0000000000000000     
  0.50664946452701498        9.3719950161208196E-002   0.0000000000000000     
  0.46976668847825198        4.3571296125002858E-002   0.0000000000000000     
  0.44133721655185842        6.3406810219896401E-002   0.0000000000000000     
  0.39971615862692245        6.5225149247081921E-002   0.0000000000000000     
  0.37803177551548794        6.5495669183550403E-002   0.0000000000000000     
  0.40348195719023566        9.2064638043036787E-002   0.0000000000000000     
  0.34419651323965506       0.10188896369398516        0.0000000000000000     
  0.31808171599341867       0.12957416947220396        0.0000000000000000     
  0.29976829678804456       0.15654389853085743        0.0000000000000000     
  0.24652632579969580       0.15614888002880523        0.0000000000000000     
  0.28149101629757378       0.17858295570826177        0.0000000000000000     
  0.23655631939282484       0.19378609722689766        0.0000000000000000     
  0.26027082272210084       0.20855939627760003        0.0000000000000000     
  0.24047668013247100       0.21068151611303410        0.0000000000000000     
  0.20000000298023224       -7.5000001117587090E-002  -1.0000000000000000     
  0.20000000298023224       -5.0000000745058060E-002  -1.0000000000000000     
  0.20000000298023224       -2.5000000372529030E-002   1.0000000000000000     
  0.20000000298023224        0.0000000000000000        1.0000000000000000     
  0.79625577298510386        4.0195440264864567E-002   0.0000000000000000     
  0.69552684424046562        2.4777258146057836E-002   0.0000000000000000     
  0.72834313939203621        3.2273823484395898E-002   0.0000000000000000     
  0.67433655770189271        2.4487177566303687E-002   0.0000000000000000     
  0.68320308836492283        5.8883305931168993E-002   0.0000000000000000     
  0.65675356683054487        3.6292275880182891E-002   0.0000000000000000     
  0.62455787388607265        5.3310052902409512E-002   0.0000000000000000     
  0.60854154536259142        9.2517982712316135E-002   0.0000000000000000     
  0.55694361189180830        7.1710063716346154E-002   0.0000000000000000     
  0.51221432042979509        5.7241971529667396E-002   0.0000000000000000     
  0.49841958530207486        4.3486830578849833E-002   0.0000000000000000     
  0.47341753930465541        6.2858439439027164E-002   0.0000000000000000     
  0.42651852610187840        8.0848527578235532E-002   0.0000000000000000     
  0.43399697290411443        9.9622042776152400E-002   0.0000000000000000     
  0.38875968884785200       0.10655089213850506        0.0000000000000000     
  0.38435676278129643       0.12643602822667835        0.0000000000000000     
  0.35025573493948964       0.12360729508140669        0.0000000000000000     
  0.33353861634122528       0.14931383196916240        0.0000000000000000     
  0.32308448676767604       0.16465633227922769        0.0000000000000000     
  0.27949665855637945       0.19281958881686148        0.0000000000000000     
  0.22500000335276127       -7.5000001117587090E-002  -1.0000000000000000     
  0.22500000335276127       -5.0000000745058060E-002  -1.0000000000000000     
  0.22500000335276127       -2.5000000372529030E-002   1.0000000000000000     
  0.22500000335276127        0.0000000000000000        1.0000000000000000     
  0.82872056538020777        3.9250731842553697E-002   0.0000000000000000     
  0.84184725702217489        5.4570785087029755E-002   0.0000000000000000     
  0.78633328119255319        1.9059443574558403E-002   0.0000000000000000     
  0.75776779202859101        3.6060343203619366E-002   0.0000000000000000     
  0.71184508257162993        4.1029976271882061E-002   0.0000000000000000     
  0.75164615863425799        7.8651036840017868E-002   0.0000000000000000     
  0.70324319969575522        8.9484274526928947E-002   0.0000000000000000     
  0.68651269999642472        7.1741866102473184E-002   0.0000000000000000     
  0.58956634665834129        5.0842414842073060E-002   0.0000000000000000     
  0.60868843220175017        2.5916581874217401E-002   0.0000000000000000     
  0.63382606316989110        7.1610599788864832E-002   0.0000000000000000     
  0.52805521006641321        8.1941864020813493E-002   0.0000000000000000     
  0.51659392048949393       0.11305622522015142        0.0000000000000000     
  0.46813399347609569        8.6106069302806412E-002   0.0000000000000000     
  0.48978877182958341       0.10306327990124797        0.0000000000000000     
  0.45847791925575249        9.9864717038260137E-002   0.0000000000000000     
  0.42185502962888921       0.11628370579291700        0.0000000000000000     
  0.40479415519692069       0.14304622608396192        0.0000000000000000     
  0.35628199434433766       0.15855686948781972        0.0000000000000000     
  0.30419997195316523       0.17849023585500082        0.0000000000000000     
  0.25000000372529030       -7.5000001117587090E-002  -1.0000000000000000     
  0.25000000372529030       -5.0000000745058060E-002  -1.0000000000000000     
  0.25000000372529030       -2.5000000372529030E-002   1.0000000000000000     
  0.25000000372529030        0.0000000000000000        1.0000000000000000     
  0.90754561399965628        2.4325194789601896E-002   0.0000000000000000     
  0.90209440022304166        3.8413649213421976E-002   0.0000000000000000     
  0.85414361204330136        4.3846405920131094E-002   0.0000000000000000     
  0.85663616015958433        2.5899709717865867E-002   0.0000000000000000     
  0.88147761951146197        2.4124011126264552E-002   0.0000000000000000     
  0.81883639180513146        5.5311997817903760E-002   0.0000000000000000     
  0.78531039167557637        5.2689493987370405E-002   0.0000000000000000     
  0.76654215340028964        5.1172624820995383E-002   0.0000000000000000     
  0.74932080104527699        9.4047468752938596E-002   0.0000000000000000     
  0.73068022002938982        4.9866072911670528E-002   0.0000000000000000     
  0.73741674592420681        8.3854936045317130E-002   0.0000000000000000     
  0.64483059536007059        5.2855110409483985E-002   0.0000000000000000     
  0.66253567482661868        8.4274908087734968E-002   0.0000000000000000     
  0.61915904476687489        9.6392114205560431E-002   0.0000000000000000     
  0.58123752550352259        9.1969348637715539E-002   0.0000000000000000     
  0.56490151715417858        9.6028749662168317E-002   0.0000000000000000     
  0.51720893738185802       0.12823041830690976        0.0000000000000000     
  0.47443623814723535       0.11835322480854600        0.0000000000000000     
  0.41345277584019230       0.13275094235984677        0.0000000000000000     
  0.36411641377795684       0.13690320722902391        0.0000000000000000     
  0.27500000409781933       -7.5000001117587090E-002  -1.0000000000000000     
  0.27500000409781933       -5.0000000745058060E-002  -1.0000000000000000     
  0.27500000409781933       -2.5000000372529030E-002   1.0000000000000000     
  0.27500000409781933        0.0000000000000000        1.0000000000000000     
  0.30000000447034836       -7.5000001117587090E-002  -1.0000000000000000     
  0.30000000447034836       -5.0000000745058060E-002  -1.0000000000000000     
  0.30000000447034836       -2.5000000372529030E-002   1.0000000000000000     
  0.30000000447034836        0.0000000000000000        1.0000000000000000     
  0.32500000484287739       -7.5000001117587090E-002  -1.0000000000000000     
  0.32500000484287739       -5.0000000745058060E-002  -1.0000000000000000     
  0.32500000484287739       -2.5000000372529030E-002   1.0000000000000000     
  0.32500000484287739        0.0000000000000000        1.0000000000000000     
  0.35000000521540642       -7.5000001117587090E-002  -1.0000000000000000     
  0.35000000521540642       -5.0000000745058060E-002  -1.0000000000000000     
  0.35000000521540642       -2.5000000372529030E-002   1.0000000000000000     
  0.35000000521540642        0.0000000000000000        1.0000000000000000     
  0.37500000558793545       -7.5000001117587090E-002  -1.0000000000000000     
  0.37500000558793545       -5.0000000745058060E-002  -1.0000000000000000     
  0.37500000558793545       -2.5000000372529030E-002   1.0000000000000000     
  0.37500000558793545        0.0000000000000000        1.0000000000000000     
  0.40000000596046448       -7.5000001117587090E-002  -1.0000000000000000     
  0.40000000596046448       -5.0000000745058060E-002  -1.0000000000000000     
  0.40000000596046448       -2.5000000372529030E-002   1.0000000000000000     
  0.40000000596046448        0.0000000000000000        1.0000000000000000     
  0.42500000633299351       -7.5000001117587090E-002  -1.0000000000000000     
  0.42500000633299351       -5.0000000745058060E-002  -1.0000000000000000     
  0.42500000633299351       -2.5000000372529030E-002   1.0000000000000000     
  0.42500000633299351        0.0000000000000000        1.0000000000000000     
  0.45000000670552254       -7.5000001117587090E-002  -1.0000000000000000     
  0.45000000670552254       -5.0000000745058060E-002  -1.0000000000000000     
  0.45000000670552254       -2.5000000372529030E-002   1.0000000000000000     
  0.45000000670552254        0.0000000000000000        1.0000000000000000     
  0.47500000707805157       -7.5000001117587090E-002  -1.0000000000000000     
  0.47500000707805157       -5.0000000745058060E-002  -1.0000000000000000     
  0.47500000707805157       -2.5000000372529030E-002   1.0000000000000000     
  0.47500000707805157        0.0000000000000000        1.0000000000000000     
  0.50000000745058060       -7.5000001117587090E-002  -1.0000000000000000     
  0.50000000745058060       -5.0000000745058060E-002  -1.0000000000000000     
  0.50000000745058060       -2.5000000372529030E-002   1.0000000000000000     
  0.50000000745058060        0.0000000000000000        1.0000000000000000     
  0.52500000782310963       -7.5000001117587090E-002  -1.0000000000000000     
  0.52500000782310963       -5.0000000745058060E-002  -1.0000000000000000     
  0.52500000782310963       -2.5000000372529030E-002   1.0000000000000000     
  0.52500000782310963        0.0000000000000000        1.0000000000000000     
  0.55000000819563866       -7.5000001117587090E-002  -1.0000000000000000     
  0.55000000819563866       -5.0000000745058060E-002  -1.0000000000000000     
  0.55000000819563866       -2.5000000372529030E-002   1.0000000000000000     
  0.55000000819563866        0.0000000000000000        1.0000000000000000     
  0.57500000856816769       -7.5000001117587090E-002  -1.0000000000000000     
  0.57500000856816769       -5.0000000745058060E-002  -1.0000000000000000     
  0.57500000856816769       -2.5000000372529030E-002   1.0000000000000000     
  0.57500000856816769        0.0000000000000000        1.0000000000000000     
  0.60000000894069672       -7.5000001117587090E-002  -1.0000000000000000     
  0.60000000894069672       -5.0000000745058060E-002  -1.0000000000000000     
  0.60000000894069672       -2.5000000372529030E-002   1.0000000000000000     
  0.60000000894069672        0.0000000000000000        1.0000000000000000     
  0.62500000931322575       -7.5000001117587090E-002  -1.0000000000000000     
  0.62500000931322575       -5.0000000745058060E-002  -1.0000000000000000     
  0.62500000931322575       -2.5000000372529030E-002   1.0000000000000000     
  0.62500000931322575        0.0000000000000000        1.0000000000000000     
  0.65000000968575478       -7.5000001117587090E-002  -1.0000000000000000     
  0.65000000968575478       -5.0000000745058060E-002  -1.0000000000000000     
  0.65000000968575478       -2.5000000372529030E-002   1.0000000000000000     
  0.65000000968575478        0.0000000000000000        1.0000000000000000     
  0.67500001005828381       -7.5000001117587090E-002  -1.0000000000000000     
  0.67500001005828381       -5.0000000745058060E-002  -1.0000000000000000     
  0.67500001005828381       -2.5000000372529030E-002   1.0000000000000000     
  0.67500001005828381        0.0000000000000000        1.0000000000000000     
  0.70000001043081284       -7.5000001117587090E-002  -1.0000000000000000     
  0.70000001043081284       -5.0000000745058060E-002  -1.0000000000000000     
  0.70000001043081284       -2.5000000372529030E-002   1.0000000000000000     
  0.70000001043081284        0.0000000000000000        1.0000000000000000     
  0.72500001080334187       -7.5000001117587090E-002  -1.0000000000000000     
  0.72500001080334187       -5.0000000745058060E-002  -1.0000000000000000     
  0.72500001080334187       -2.5000000372529030E-002   1.0000000000000000     
  0.72500001080334187        0.0000000000000000        1.0000000000000000     
  0.75000001117587090       -7.5000001117587090E-002  -1.0000000000000000     
  0.75000001117587090       -5.0000000745058060E-002  -1.0000000000000000     
  0.75000001117587090       -2.5000000372529030E-002   1.0000000000000000     
  0.75000001117587090        0.0000000000000000        1.0000000000000000     
  0.77500001154839993       -7.5000001117587090E-002  -1.0000000000000000     
  0.77500001154839993       -5.0000000745058060E-002  -1.0000000000000000     
  0.77500001154839993       -2.5000000372529030E-002   1.0000000000000000     
  0.77500001154839993        0.0000000000000000        1.0000000000000000     
  0.80000001192092896       -7.5000001117587090E-002  -1.0000000000000000     
  0.80000001192092896       -5.0000000745058060E-002  -1.0000000000000000     
  0.80000001192092896       -2.5000000372529030E-002   1.0000000000000000     
  0.80000001192092896        0.0000000000000000        1.0000000000000000     
  0.82500001229345798       -7.5000001117587090E-002  -1.0000000000000000     
  0.82500001229345798       -5.0000000745058060E-002  -1.0000000000000000     
  0.82500001229345798       -2.5000000372529030E-002   1.0000000000000000     
  0.82500001229345798        0.0000000000000000        1.0000000000000000     
  0.85000001266598701       -7.5000001117587090E-002  -1.0000000000000000     
  0.85000001266598701       -5.0000000745058060E-002  -1.0000000000000000     
  0.85000001266598701       -2.5000000372529030E-002   1.0000000000000000     
  0.85000001266598701        0.0000000000000000        1.0000000000000000     
  0.87500001303851604       -7.5000001117587090E-002  -1.0000000000000000     
  0.87500001303851604       -5.0000000745058060E-002  -1.0000000000000000     
  0.87500001303851604       -2.5000000372529030E-002   1.0000000000000000     
  0.87500001303851604        0.0000000000000000        1.0000000000000000     
  0.90000001341104507       -7.5000001117587090E-002  -1.0000000000000000     
  0.90000001341104507       -5.0000000745058060E-002  -1.0000000000000000     
  0.90000001341104507       -2.5000000372529030E-002   1.0000000000000000     
  0.90000001341104507        0.0000000000000000        1.0000000000000000     
  0.92500001378357410       -7.5000001117587090E-002  -1.0000000000000000     
  0.92500001378357410       -5.0000000745058060E-002  -1.0000000000000000     
  0.92500001378357410       -2.5000000372529030E-002   1.0000000000000000     
  0.92500001378357410        0.0000000000000000        1.0000000000000000     
  0.95000001415610313       -7.5000001117587090E-002  -1.0000000000000000     
  0.95000001415610313       -5.0000000745058060E-002  -1.0000000000000000     
  0.95000001415610313       -2.5000000372529030E-002   1.0000000000000000     
  0.95000001415610313        0.0000000000000000        1.0000000000000000     
  0.97500001452863216       -7.5000001117587090E-002  -1.0000000000000000     
  0.97500001452863216       -5.0000000745058060E-002  -1.0000000000000000     
  0.97500001452863216       -2.5000000372529030E-002   1.0000000000000000     
  0.97500001452863216        0.0000000000000000        1.0000000000000000     
   1.0000000149011612       -7.5000001117587090E-002  -1.0000000000000000     
   1.0000000149011612       -5.0000000745058060E-002  -1.0000000000000000     
   1.0000000149011612       -2.5000000372529030E-002   1.0000000000000000     
   1.0000000149011612        0.0000000000000000        1.0000000000000000     
   1.0250000152736902       -7.5000001117587090E-002  -1.0000000000000000     
   1.0250000152736902       -5.0000000745058060E-002  -1.0000000000000000     
   1.0250000152736902       -2.5000000372529030E-002   1.0000000000000000     
   1.0250000152736902        0.0000000000000000        1.0000000000000000     
   1.0250000152736902        2.5000000372529030E-002   1.0000000000000000     
   1.0250000152736902        5.0000000745058060E-002   1.0000000000000000     
   1.0250000152736902        7.5000001117587090E-002   1.0000000000000000     
   1.0250000152736902       0.10000000149011612        1.0000000000000000     
   1.0250000152736902       0.12500000186264515        1.0000000000000000     
   1.0250000152736902       0.15000000223517418        1.0000000000000000     
   1.0250000152736902       0.17500000260770321        1.0000000000000000     
   1.0250000152736902       0.20000000298023224        1.0000000000000000     
   1.0250000152736902       0.22500000335276127        1.0000000000000000     
   1.0250000152736902       0.25000000372529030        1.0000000000000000     
   1.0250000152736902       0.27500000409781933        1.0000000000000000     
   1.0250000152736902       0.30000000447034836        1.0000000000000000     
   1.0250000152736902       0.32500000484287739        1.0000000000000000     
   1.0250000152736902       0.35000000521540642        1.0000000000000000     
   1.0250000152736902       0.37500000558793545        1.0000000000000000     
   1.0250000152736902       0.40000000596046448        1.0000000000000000     
   1.0250000152736902       0.42500000633299351        1.0000000000000000     
   1.0250000152736902       0.45000000670552254        1.0000000000000000     
   1.0250000152736902       0.47500000707805157        1.0000000000000000     
   1.0250000152736902       0.50000000745058060        1.0000000000000000     
   1.0250000152736902       0.52500000782310963        1.0000000000000000     
   1.0250000152736902       0.55000000819563866        1.0000000000000000     
   1.0250000152736902       0.57500000856816769        1.0000000000000000     
   1.0250000152736902       0.60000000894069672        1.0000000000000000     
   1.0500000156462193       -7.5000001117587090E-002  -1.0000000000000000     
   1.0500000156462193       -5.0000000745058060E-002  -1.0000000000000000     
   1.0500000156462193       -2.5000000372529030E-002   1.0000000000000000     
   1.0500000156462193        0.0000000000000000        1.0000000000000000     
   1.0500000156462193        2.5000000372529030E-002   1.0000000000000000     
   1.0500000156462193        5.0000000745058060E-002   1.0000000000000000     
   1.0500000156462193        7.5000001117587090E-002   1.0000000000000000     
   1.0500000156462193       0.10000000149011612        1.0000000000000000     
   1.0500000156462193       0.12500000186264515        1.0000000000000000     
   1.0500000156462193       0.15000000223517418        1.0000000000000000     
   1.0500000156462193       0.17500000260770321        1.0000000000000000     
   1.0500000156462193       0.20000000298023224        1.0000000000000000     
   1.0500000156462193       0.22500000335276127        1.0000000000000000     
   1.0500000156462193       0.25000000372529030        1.0000000000000000     
   1.0500000156462193       0.27500000409781933        1.0000000000000000     
   1.0500000156462193       0.30000000447034836        1.0000000000000000     
   1.0500000156462193       0.32500000484287739        1.0000000000000000     
   1.0500000156462193       0.35000000521540642        1.0000000000000000     
   1.0500000156462193       0.37500000558793545        1.0000000000000000     
   1.0500000156462193       0.40000000596046448        1.0000000000000000     
   1.0500000156462193       0.42500000633299351        1.0000000000000000     
   1.0500000156462193       0.45000000670552254        1.0000000000000000     
   1.0500000156462193       0.47500000707805157        1.0000000000000000     
   1.0500000156462193       0.50000000745058060        1.0000000000000000     
   1.0500000156462193       0.52500000782310963        1.0000000000000000     
   1.0500000156462193       0.55000000819563866        1.0000000000000000     
   1.0500000156462193       0.57500000856816769        1.0000000000000000     
   1.0500000156462193       0.60000000894069672        1.0000000000000000     
   1.0750000160187483       -7.5000001117587090E-002  -1.0000000000000000     
   1.0750000160187483       -5.0000000745058060E-002  -1.0000000000000000     
   1.0750000160187483       -2.5000000372529030E-002  -1.0000000000000000     
   1.0750000160187483        0.0000000000000000       -1.0000000000000000     
   1.0750000160187483        2.5000000372529030E-002  -1.0000000000000000     
   1.0750000160187483        5.0000000745058060E-002  -1.0000000000000000     
   1.0750000160187483        7.5000001117587090E-002  -1.0000000000000000     
   1.0750000160187483       0.10000000149011612       -1.0000000000000000     
   1.0750000160187483       0.12500000186264515       -1.0000000000000000     
   1.0750000160187483       0.15000000223517418       -1.0000000000000000     
   1.0750000160187483       0.17500000260770321       -1.0000000000000000     
   1.0750000160187483       0.20000000298023224       -1.0000000000000000     
   1.0750000160187483       0.22500000335276127       -1.0000000000000000     
   1.0750000160187483       0.25000000372529030       -1.0000000000000000     
   1.0750000160187483       0.27500000409781933       -1.0000000000000000     
   1.0750000160187483       0.30000000447034836       -1.0000000000000000     
   1.0750000160187483       0.32500000484287739       -1.0000000000000000     
   1.0750000160187483       0.35000000521540642       -1.0000000000000000     
   1.0750000160187483       0.37500000558793545       -1.0000000000000000     
   1.0750000160187483       0.40000000596046448       -1.0000000000000000     
   1.0750000160187483       0.42500000633299351       -1.0000000000000000     
   1.0750000160187483       0.45000000670552254       -1.0000000000000000     
   1.0750000160187483       0.47500000707805157       -1.0000000000000000     
   1.0750000160187483       0.50000000745058060       -1.0000000000000000     
   1.0750000160187483       0.52500000782310963       -1.0000000000000000     
   1.0750000160187483       0.55000000819563866       -1.0000000000000000     
   1.0750000160187483       0.57500000856816769        1.0000000000000000     
   1.0750000160187483       0.60000000894069672        1.0000000000000000     
   1.1000000163912773       -7.5000001117587090E-002  -1.0000000000000000     
   1.1000000163912773       -5.0000000745058060E-002  -1.0000000000000000     
   1.1000000163912773       -2.5000000372529030E-002  -1.0000000000000000     
   1.1000000163912773        0.0000000000000000       -1.0000000000000000     
   1.1000000163912773        2.5000000372529030E-002  -1.0000000000000000     
   1.1000000163912773        5.0000000745058060E-002  -1.0000000000000000     
   1.1000000163912773        7.5000001117587090E-002  -1.0000000000000000     
   1.1000000163912773       0.10000000149011612       -1.0000000000000000     
   1.1000000163912773       0.12500000186264515       -1.0000000000000000     
   1.1000000163912773       0.15000000223517418       -1.0000000000000000     
   1.1000000163912773       0.17500000260770321       -1.0000000000000000     
   1.1000000163912773       0.20000000298023224       -1.0000000000000000     
   1.1000000163912773       0.22500000335276127       -1.0000000000000000     
   1.1000000163912773       0.25000000372529030       -1.0000000000000000     
   1.1000000163912773       0.27500000409781933       -1.0000000000000000     
   1.1000000163912773       0.30000000447034836       -1.0000000000000000     
   1.1000000163912773       0.32500000484287739       -1.0000000000000000     
   1.1000000163912773       0.35000000521540642       -1.0000000000000000     
   1.1000000163912773       0.37500000558793545       -1.0000000000000000     
   1.1000000163912773       0.40000000596046448       -1.0000000000000000     
   1.1000000163912773       0.42500000633299351       -1.0000000000000000     
   1.1000000163912773       0.45000000670552254       -1.0000000000000000     
   1.1000000163912773       0.47500000707805157       -1.0000000000000000     
   1.1000000163912773       0.50000000745058060       -1.0000000000000000     
   1.1000000163912773       0.52500000782310963       -1.0000000000000000     
   1.1000000163912773       0.55000000819563866       -1.0000000000000000     
   1.1000000163912773       0.57500000856816769        1.0000000000000000     
   1.1000000163912773       0.60000000894069672        1.0000000000000000     
