-0.075 -0.075 -1         0.00000  0
-0.075 -0.050 -1         0.00000  0
-0.075 -0.025 -1         0.00000  0
-0.075  0.000 -1         0.00000  0
-0.075  0.025 -1         0.00000  0
-0.075  0.050 -1         0.00000  0
-0.075  0.075 -1         0.00000  0
-0.075  0.100 -1         0.00000  0
-0.075  0.125 -1         0.00000  0
-0.075  0.150 -1         0.00000  0
-0.075  0.175 -1         0.00000  0
-0.075  0.200 -1         0.00000  0
-0.075  0.225 -1         0.00000  0
-0.075  0.250 -1         0.00000  0
-0.075  0.275 -1         0.00000  0
-0.075  0.300 -1         0.00000  0
-0.075  0.325 -1         0.00000  0
-0.075  0.350 -1         0.00000  0
-0.075  0.375 -1         0.00000  0
-0.075  0.400 -1         0.00000  0
-0.075  0.425 -1         0.00000  0
-0.075  0.450 -1         0.00000  0
-0.075  0.475 -1         0.00000  0
-0.075  0.500 -1         0.00000  0
-0.075  0.525 -1         0.00000  0
-0.075  0.550 -1         0.00000  0
-0.075  0.575  1         0.00000  0
-0.075  0.600  1         0.00000  0
-0.050 -0.075 -1         0.00000  0
-0.050 -0.050 -1         0.00000  0
-0.050 -0.025 -1         0.00000  0
-0.050  0.000 -1         0.00000  0
-0.050  0.025 -1         0.00000  0
-0.050  0.050 -1         0.00000  0
-0.050  0.075 -1         0.00000  0
-0.050  0.100 -1         0.00000  0
-0.050  0.125 -1         0.00000  0
-0.050  0.150 -1         0.00000  0
-0.050  0.175 -1         0.00000  0
-0.050  0.200 -1         0.00000  0
-0.050  0.225 -1         0.00000  0
-0.050  0.250 -1         0.00000  0
-0.050  0.275 -1         0.00000  0
-0.050  0.300 -1         0.00000  0
-0.050  0.325 -1         0.00000  0
-0.050  0.350 -1         0.00000  0
-0.050  0.375 -1         0.00000  0
-0.050  0.400 -1         0.00000  0
-0.050  0.425 -1         0.00000  0
-0.050  0.450 -1         0.00000  0
-0.050  0.475 -1         0.00000  0
-0.050  0.500 -1         0.00000  0
-0.050  0.525 -1         0.00000  0
-0.050  0.550 -1         0.00000  0
-0.050  0.575  1         0.00000  0
-0.050  0.600  1         0.00000  0
-0.025 -0.075 -1         0.00000  0
-0.025 -0.050 -1         0.00000  0
-0.025 -0.025  1         0.00000  0
-0.025  0.000  1         0.00000  0
-0.025  0.025  1         0.00000  0
-0.025  0.050  1         0.00000  0
-0.025  0.075  1         0.00000  0
-0.025  0.100  1         0.00000  0
-0.025  0.125  1         0.00000  0
-0.025  0.150  1         0.00000  0
-0.025  0.175  1         0.00000  0
-0.025  0.200  1         0.00000  0
-0.025  0.225  1         0.00000  0
-0.025  0.250  1         0.00000  0
-0.025  0.275  1         0.00000  0
-0.025  0.300  1         0.00000  0
-0.025  0.325  1         0.00000  0
-0.025  0.350  1         0.00000  0
-0.025  0.375  1         0.00000  0
-0.025  0.400  1         0.00000  0
-0.025  0.425  1         0.00000  0
-0.025  0.450  1         0.00000  0
-0.025  0.475  1         0.00000  0
-0.025  0.500  1         0.00000  0
-0.025  0.525  1         0.00000  0
-0.025  0.550  1         0.00000  0
-0.025  0.575  1         0.00000  0
-0.025  0.600  1         0.00000  0
 0.000 -0.075 -1         0.00000  0
 0.000 -0.050 -1         0.00000  0
 0.000 -0.025  1         0.00000  0
 0.000  0.000  1         0.00000  0
 0.000  0.025  1         0.00000  0
 0.000  0.050  1       591.75560  0
 0.000  0.075  1         0.00000  0
 0.000  0.100  1      4259.56481  0
 0.000  0.125  1         3.47787  0
 0.000  0.150  1       110.77291  0
 0.000  0.175  1         0.00000  0
 0.000  0.200  1         0.00000  0
 0.000  0.225  1         0.00000  0
 0.000  0.250  1         0.00000  0
 0.000  0.275  1         0.00000  0
 0.000  0.300  1         0.00000  0
 0.000  0.325  1         0.00000  0
 0.000  0.350  1         0.00000  0
 0.000  0.375  1         0.00000  0
 0.000  0.400  1         0.00000  0
 0.000  0.425  1         0.00000  0
 0.000  0.450  1         0.00000  0
 0.000  0.475  1         0.00000  0
 0.000  0.500  1         0.00000  0
 0.000  0.525  1         0.00000  0
 0.000  0.550  1         0.00000  0
 0.000  0.575  1         0.00000  0
 0.000  0.600  1         0.00000  0
 0.025 -0.075 -1         0.00000  0
 0.025 -0.050 -1         0.00000  0
 0.025 -0.025  1         0.00000  0
 0.025  0.000  1      2948.79817  0
 0.030  0.022  0      2702.12170  0
 0.101  0.043  0      2949.81170  0
 0.054  0.026  0      2038.56771  0
 0.120  0.056  0      1581.98496  0
 0.022  0.045  0      1252.82582  0
 0.058  0.048  0      1723.72267  0
 0.030  0.067  0      1371.03049  0
 0.086  0.085  0       832.26400  0
 0.061  0.068  0      1112.15473  0
 0.038  0.083  0         0.00000  0
 0.061  0.115  0      1269.22568  0
 0.018  0.106  0      1824.86875  0
 0.023  0.149  0         0.00000  0
 0.035  0.165  0         0.00000  0
 0.024  0.187  0      1878.86086  0
 0.056  0.192  0       149.33823  0
 0.026  0.207  0         0.00000  0
 0.032  0.231  0       980.00860  0
 0.061  0.250  0         0.00000  1
 0.027  0.246  0         0.00000  0
 0.050 -0.075 -1         0.00000  0
 0.050 -0.050 -1         0.00000  0
 0.050 -0.025  1         0.00000  0
 0.050  0.000  1      1910.02387  0
 0.077  0.027  0       591.58510  0
 0.136  0.023  0      2245.54864  0
 0.131  0.075  0      1257.21076  0
 0.141  0.043  0      1393.80593  0
 0.089  0.064  0       559.47797  0
 0.110  0.086  0       844.26155  0
 0.110  0.108  0       489.48102  0
 0.134  0.119  0      1595.36421  0
 0.063  0.096  0      2154.55321  0
 0.088  0.120  0       446.50103  0
 0.077  0.144  0       661.56713  0
 0.150  0.148  0         0.00000  0
 0.036  0.122  0      1028.10550  0
 0.122  0.167  0         0.00000  0
 0.049  0.137  0       993.56007  0
 0.061  0.165  0         0.00000  0
 0.078  0.183  0      1574.31238  0
 0.058  0.211  0         0.00000  0
 0.069  0.232  0       646.19792  0
 0.073  0.250  0         0.00000  1
 0.075 -0.075 -1         0.00000  0
 0.075 -0.050 -1         0.00000  0
 0.075 -0.025  1         0.00000  0
 0.075  0.000  1      1079.83455  0
 0.164  0.022  0       971.35303  0
 0.103  0.022  0      2462.76766  0
 0.248  0.021  0      2478.87944  0
 0.182  0.038  0         0.00000  0
 0.209  0.020  0      1989.54828  0
 0.161  0.056  0      1469.02831  0
 0.179  0.064  0      1339.63085  0
 0.151  0.088  0       866.99394  0
 0.152  0.108  0      1351.19724  0
 0.126  0.139  0      1064.49663  0
 0.176  0.087  0         0.00000  0
 0.105  0.135  0       531.43728  0
 0.174  0.118  0       889.46041  0
 0.126  0.183  0       749.83269  0
 0.089  0.161  0        14.33250  0
 0.102  0.192  0       523.95249  0
 0.136  0.209  0       384.99292  0
 0.093  0.210  0      1189.75750  0
 0.137  0.230  0         0.00000  0
 0.107  0.218  0         0.00000  0
 0.100 -0.075 -1         0.00000  0
 0.100 -0.050 -1         0.00000  0
 0.100 -0.025  1         0.00000  0
 0.100  0.000  1      3298.57144  0
 0.304  0.023  0      1414.77912  0
 0.275  0.025  0      2262.63092  0
 0.264  0.047  0      1328.89604  0
 0.238  0.041  0      2160.59445  0
 0.242  0.064  0      2912.51106  0
 0.205  0.040  0      1027.38477  0
 0.282  0.062  0      1473.87238  0
 0.300  0.077  0         0.00000  0
 0.279  0.104  0      2247.78357  0
 0.217  0.061  0      2159.07434  0
 0.271  0.085  0      1745.14811  0
 0.203  0.079  0         5.17753  0
 0.235  0.085  0      1610.54080  0
 0.211  0.099  0      2351.04905  0
 0.198  0.119  0         0.00000  0
 0.181  0.137  0      1590.58895  0
 0.162  0.161  0         0.00000  0
 0.155  0.188  0         0.00000  0
 0.173  0.222  0         0.00000  0
 0.151  0.225  0         0.00000  0
 0.125 -0.075 -1         0.00000  0
 0.125 -0.050 -1         0.00000  0
 0.125 -0.025  1         0.00000  0
 0.125  0.000  1      1518.67447  0
 0.329  0.032  0       322.41426  0
 0.347  0.043  0         0.00000  0
 0.358  0.022  0      2396.60431  0
 0.297  0.043  0      3013.87139  0
 0.412  0.041  0      1971.45089  0
 0.447  0.025  0      1165.80971  0
 0.421  0.068  0       525.34528  0
 0.376  0.030  0         0.00000  0
 0.359  0.071  0       877.82962  0
 0.320  0.056  0      2444.34736  0
 0.332  0.073  0      1135.50664  0
 0.317  0.091  0       963.71065  0
 0.276  0.126  0      1220.94958  0
 0.253  0.099  0       907.01779  0
 0.224  0.118  0         0.00000  0
 0.198  0.153  0      1821.24870  0
 0.219  0.159  0       808.96271  0
 0.185  0.171  0       533.80895  0
 0.206  0.194  0         0.00000  0
 0.181  0.195  0         0.00000  0
 0.150 -0.075 -1         0.00000  0
 0.150 -0.050 -1         0.00000  0
 0.150 -0.025  1         0.00000  0
 0.150  0.000  1      2312.26610  0
 0.608  0.025  0      2823.54371  0
 0.410  0.020  0       754.46587  0
 0.580  0.023  0      1243.34134  0
 0.470  0.023  0      1311.49137  0
 0.594  0.042  0         0.00000  0
 0.479  0.052  0       380.36977  0
 0.497  0.022  0      2402.19596  0
 0.384  0.051  0       699.50556  0
 0.434  0.042  0      1124.17484  0
 0.410  0.086  0      1627.69707  0
 0.393  0.069  0      1587.37462  0
 0.354  0.099  0       143.50886  0
 0.303  0.122  0       866.99666  0
 0.280  0.146  0      1918.25919  0
 0.247  0.125  0      2068.51368  0
 0.258  0.165  0       901.29211  0
 0.237  0.141  0         0.00000  0
 0.259  0.185  0         0.00000  0
 0.243  0.178  0         0.00000  0
 0.219  0.182  0         0.00000  0
 0.175 -0.075 -1         0.00000  0
 0.175 -0.050 -1         0.00000  0
 0.175 -0.025  1         0.00000  0
 0.175  0.000  1         0.00000  0
 0.710  0.025  0       914.86299  0
 0.639  0.024  0       572.50818  0
 0.768  0.026  0      1121.66622  0
 0.627  0.040  0      1294.94124  0
 0.664  0.048  0       848.50755  0
 0.659  0.068  0         0.00000  0
 0.617  0.066  0         0.00000  0
 0.526  0.025  0       163.12439  0
 0.547  0.026  0      1807.61255  0
 0.451  0.059  0         0.00000  0
 0.504  0.069  0         0.00000  0
 0.480  0.073  0       305.05868  0
 0.455  0.083  0         0.00000  0
 0.372  0.082  0       378.41508  0
 0.363  0.117  0         0.00000  0
 0.327  0.110  0      1533.23240  0
 0.343  0.128  0      1046.78858  0
 0.313  0.139  0         0.00000  0
 0.294  0.161  0         0.00000  0
 0.291  0.177  0         0.00000  0
 0.200 -0.075 -1         0.00000  0
 0.200 -0.050 -1         0.00000  0
 0.200 -0.025  1         0.00000  0
 0.200  0.000  1      1317.77310  0
 0.880  0.027  0       318.58807  0
 0.814  0.022  0      1448.81681  0
 0.845  0.022  0       561.87821  0
 0.817  0.043  0      1485.72206  0
 0.789  0.029  0         0.00000  0
 0.667  0.023  0       352.56468  0
 0.683  0.057  0         0.00000  0
 0.767  0.083  0         0.00000  0
 0.697  0.084  0         0.00000  0
 0.589  0.087  0         0.00000  0
 0.499  0.044  0         0.00000  0
 0.564  0.043  0       371.75191  0
 0.550  0.059  0         0.00000  0
 0.529  0.053  0         0.00000  0
 0.501  0.095  0         0.00000  0
 0.461  0.105  0         0.00000  0
 0.404  0.110  0       484.77847  0
 0.388  0.122  0       868.09140  0
 0.384  0.137  0         0.00000  0
 0.335  0.152  0         0.00000  0
 0.225 -0.075 -1         0.00000  0
 0.225 -0.050 -1         0.00000  0
 0.225 -0.025  1         0.00000  0
 0.225  0.000  1       912.14609  0
 0.901  0.025  0      2651.84278  0
 0.950  0.037  0      2365.28638  0
 0.968  0.051  0         0.00000  0
 0.919  0.057  0         0.00000  0
 0.901  0.049  0         0.00000  0
 0.860  0.038  0      1684.59065  0
 0.849  0.061  0         0.00000  0
 0.739  0.022  0       745.55707  0
 0.738  0.044  0      1106.14983  0
 0.693  0.028  0       476.69037  0
 0.776  0.068  0         0.00000  0
 0.705  0.065  0         0.00000  0
 0.696  0.096  0         0.00000  0
 0.610  0.101  0         0.00000  0
 0.584  0.068  0         0.00000  0
 0.541  0.107  0         0.00000  0
 0.526  0.087  0        85.02228  0
 0.475  0.118  0         0.00000  0
 0.420  0.121  0         0.00000  0
 0.348  0.157  0         0.00000  0
 0.250 -0.075 -1         0.00000  0
 0.250 -0.050 -1         0.00000  0
 0.250 -0.025  1         0.00000  0
 0.250  0.000  1      4048.65694  0
 1.000  0.025  0         0.00000  0
 0.981  0.069  0         0.00000  0
 0.984  0.041  0      4816.17091  0
 0.931  0.021  0      2166.90411  0
 0.972  0.022  0      7699.72286  0
 0.930  0.051  0       365.55433  0
 0.873  0.060  0         0.00000  0
 0.874  0.083  0         0.00000  0
 0.856  0.086  0         0.00000  0
 0.802  0.088  0         0.00000  0
 0.827  0.059  0         0.00000  0
 0.773  0.048  0       404.50727  0
 0.808  0.069  0         0.00000  0
 0.744  0.068  0         0.00000  0
 0.729  0.062  0       631.63140  0
 0.635  0.066  0         0.00000  0
 0.629  0.095  0         0.00000  0
 0.540  0.081  0         0.00000  0
 0.485  0.108  0         0.00000  0
 0.433  0.094  0         0.00000  0
 0.275 -0.075 -1         0.00000  0
 0.275 -0.050 -1         0.00000  0
 0.275 -0.025  1         0.00000  0
 0.275  0.000  1      2488.24630  0
 0.300 -0.075 -1         0.00000  0
 0.300 -0.050 -1         0.00000  0
 0.300 -0.025  1         0.00000  0
 0.300  0.000  1      1511.58499  0
 0.325 -0.075 -1         0.00000  0
 0.325 -0.050 -1         0.00000  0
 0.325 -0.025  1         0.00000  0
 0.325  0.000  1         0.00000  0
 0.350 -0.075 -1         0.00000  0
 0.350 -0.050 -1         0.00000  0
 0.350 -0.025  1         0.00000  0
 0.350  0.000  1       271.71945  0
 0.375 -0.075 -1         0.00000  0
 0.375 -0.050 -1         0.00000  0
 0.375 -0.025  1         0.00000  0
 0.375  0.000  1         0.00000  0
 0.400 -0.075 -1         0.00000  0
 0.400 -0.050 -1         0.00000  0
 0.400 -0.025  1         0.00000  0
 0.400  0.000  1         0.00000  0
 0.425 -0.075 -1         0.00000  0
 0.425 -0.050 -1         0.00000  0
 0.425 -0.025  1         0.00000  0
 0.425  0.000  1      1345.55529  0
 0.450 -0.075 -1         0.00000  0
 0.450 -0.050 -1         0.00000  0
 0.450 -0.025  1         0.00000  0
 0.450  0.000  1      1972.17309  0
 0.475 -0.075 -1         0.00000  0
 0.475 -0.050 -1         0.00000  0
 0.475 -0.025  1         0.00000  0
 0.475  0.000  1      4210.80381  0
 0.500 -0.075 -1         0.00000  0
 0.500 -0.050 -1         0.00000  0
 0.500 -0.025  1         0.00000  0
 0.500  0.000  1      4005.64749  0
 0.525 -0.075 -1         0.00000  0
 0.525 -0.050 -1         0.00000  0
 0.525 -0.025  1         0.00000  0
 0.525  0.000  1       505.02548  0
 0.550 -0.075 -1         0.00000  0
 0.550 -0.050 -1         0.00000  0
 0.550 -0.025  1         0.00000  0
 0.550  0.000  1        44.67506  0
 0.575 -0.075 -1         0.00000  0
 0.575 -0.050 -1         0.00000  0
 0.575 -0.025  1         0.00000  0
 0.575  0.000  1      1329.21236  0
 0.600 -0.075 -1         0.00000  0
 0.600 -0.050 -1         0.00000  0
 0.600 -0.025  1         0.00000  0
 0.600  0.000  1      1069.60968  0
 0.625 -0.075 -1         0.00000  0
 0.625 -0.050 -1         0.00000  0
 0.625 -0.025  1         0.00000  0
 0.625  0.000  1         0.00000  0
 0.650 -0.075 -1         0.00000  0
 0.650 -0.050 -1         0.00000  0
 0.650 -0.025  1         0.00000  0
 0.650  0.000  1       302.36656  0
 0.675 -0.075 -1         0.00000  0
 0.675 -0.050 -1         0.00000  0
 0.675 -0.025  1         0.00000  0
 0.675  0.000  1      1874.89793  0
 0.700 -0.075 -1         0.00000  0
 0.700 -0.050 -1         0.00000  0
 0.700 -0.025  1         0.00000  0
 0.700  0.000  1      1654.10486  0
 0.725 -0.075 -1         0.00000  0
 0.725 -0.050 -1         0.00000  0
 0.725 -0.025  1         0.00000  0
 0.725  0.000  1      1486.62582  0
 0.750 -0.075 -1         0.00000  0
 0.750 -0.050 -1         0.00000  0
 0.750 -0.025  1         0.00000  0
 0.750  0.000  1       553.40135  0
 0.775 -0.075 -1         0.00000  0
 0.775 -0.050 -1         0.00000  0
 0.775 -0.025  1         0.00000  0
 0.775  0.000  1         0.00000  0
 0.800 -0.075 -1         0.00000  0
 0.800 -0.050 -1         0.00000  0
 0.800 -0.025  1         0.00000  0
 0.800  0.000  1       706.59984  0
 0.825 -0.075 -1         0.00000  0
 0.825 -0.050 -1         0.00000  0
 0.825 -0.025  1         0.00000  0
 0.825  0.000  1      2015.65352  0
 0.850 -0.075 -1         0.00000  0
 0.850 -0.050 -1         0.00000  0
 0.850 -0.025  1         0.00000  0
 0.850  0.000  1      1521.71831  0
 0.875 -0.075 -1         0.00000  0
 0.875 -0.050 -1         0.00000  0
 0.875 -0.025  1         0.00000  0
 0.875  0.000  1         0.00000  0
 0.900 -0.075 -1         0.00000  0
 0.900 -0.050 -1         0.00000  0
 0.900 -0.025  1         0.00000  0
 0.900  0.000  1       661.39099  0
 0.925 -0.075 -1         0.00000  0
 0.925 -0.050 -1         0.00000  0
 0.925 -0.025  1         0.00000  0
 0.925  0.000  1      1084.57468  0
 0.950 -0.075 -1         0.00000  0
 0.950 -0.050 -1         0.00000  0
 0.950 -0.025  1         0.00000  0
 0.950  0.000  1         0.00000  0
 0.975 -0.075 -1         0.00000  0
 0.975 -0.050 -1         0.00000  0
 0.975 -0.025  1         0.00000  0
 0.975  0.000  1      3885.89541  0
 1.000 -0.075 -1         0.00000  0
 1.000 -0.050 -1         0.00000  0
 1.000 -0.025  1         0.00000  0
 1.000  0.000  1      1726.23087  0
 1.025 -0.075 -1         0.00000  0
 1.025 -0.050 -1         0.00000  0
 1.025 -0.025  1         0.00000  0
 1.025  0.000  1         0.00000  0
 1.025  0.025  1         0.00000  0
 1.025  0.050  1         0.00000  0
 1.025  0.075  1         0.00000  0
 1.025  0.100  1         0.00000  0
 1.025  0.125  1         0.00000  0
 1.025  0.150  1         0.00000  0
 1.025  0.175  1         0.00000  0
 1.025  0.200  1         0.00000  0
 1.025  0.225  1         0.00000  0
 1.025  0.250  1         0.00000  0
 1.025  0.275  1         0.00000  0
 1.025  0.300  1         0.00000  0
 1.025  0.325  1         0.00000  0
 1.025  0.350  1         0.00000  0
 1.025  0.375  1         0.00000  0
 1.025  0.400  1         0.00000  0
 1.025  0.425  1         0.00000  0
 1.025  0.450  1         0.00000  0
 1.025  0.475  1         0.00000  0
 1.025  0.500  1         0.00000  0
 1.025  0.525  1         0.00000  0
 1.025  0.550  1         0.00000  0
 1.025  0.575  1         0.00000  0
 1.025  0.600  1         0.00000  0
 1.050 -0.075 -1         0.00000  0
 1.050 -0.050 -1         0.00000  0
 1.050 -0.025  1         0.00000  0
 1.050  0.000  1         0.00000  0
 1.050  0.025  1         0.00000  0
 1.050  0.050  1         0.00000  0
 1.050  0.075  1         0.00000  0
 1.050  0.100  1         0.00000  0
 1.050  0.125  1         0.00000  0
 1.050  0.150  1         0.00000  0
 1.050  0.175  1         0.00000  0
 1.050  0.200  1         0.00000  0
 1.050  0.225  1         0.00000  0
 1.050  0.250  1         0.00000  0
 1.050  0.275  1         0.00000  0
 1.050  0.300  1         0.00000  0
 1.050  0.325  1         0.00000  0
 1.050  0.350  1         0.00000  0
 1.050  0.375  1         0.00000  0
 1.050  0.400  1         0.00000  0
 1.050  0.425  1         0.00000  0
 1.050  0.450  1         0.00000  0
 1.050  0.475  1         0.00000  0
 1.050  0.500  1         0.00000  0
 1.050  0.525  1         0.00000  0
 1.050  0.550  1         0.00000  0
 1.050  0.575  1         0.00000  0
 1.050  0.600  1         0.00000  0
 1.075 -0.075 -1         0.00000  0
 1.075 -0.050 -1         0.00000  0
 1.075 -0.025 -1         0.00000  0
 1.075  0.000 -1         0.00000  0
 1.075  0.025 -1         0.00000  0
 1.075  0.050 -1         0.00000  0
 1.075  0.075 -1         0.00000  0
 1.075  0.100 -1         0.00000  0
 1.075  0.125 -1         0.00000  0
 1.075  0.150 -1         0.00000  0
 1.075  0.175 -1         0.00000  0
 1.075  0.200 -1         0.00000  0
 1.075  0.225 -1         0.00000  0
 1.075  0.250 -1         0.00000  0
 1.075  0.275 -1         0.00000  0
 1.075  0.300 -1         0.00000  0
 1.075  0.325 -1         0.00000  0
 1.075  0.350 -1         0.00000  0
 1.075  0.375 -1         0.00000  0
 1.075  0.400 -1         0.00000  0
 1.075  0.425 -1         0.00000  0
 1.075  0.450 -1         0.00000  0
 1.075  0.475 -1         0.00000  0
 1.075  0.500 -1         0.00000  0
 1.075  0.525 -1         0.00000  0
 1.075  0.550 -1         0.00000  0
 1.075  0.575  1         0.00000  0
 1.075  0.600  1         0.00000  0
 1.100 -0.075 -1         0.00000  0
 1.100 -0.050 -1         0.00000  0
 1.100 -0.025 -1         0.00000  0
 1.100  0.000 -1         0.00000  0
 1.100  0.025 -1         0.00000  0
 1.100  0.050 -1         0.00000  0
 1.100  0.075 -1         0.00000  0
 1.100  0.100 -1         0.00000  0
 1.100  0.125 -1         0.00000  0
 1.100  0.150 -1         0.00000  0
 1.100  0.175 -1         0.00000  0
 1.100  0.200 -1         0.00000  0
 1.100  0.225 -1         0.00000  0
 1.100  0.250 -1         0.00000  0
 1.100  0.275 -1         0.00000  0
 1.100  0.300 -1         0.00000  0
 1.100  0.325 -1         0.00000  0
 1.100  0.350 -1         0.00000  0
 1.100  0.375 -1         0.00000  0
 1.100  0.400 -1         0.00000  0
 1.100  0.425 -1         0.00000  0
 1.100  0.450 -1         0.00000  0
 1.100  0.475 -1         0.00000  0
 1.100  0.500 -1         0.00000  0
 1.100  0.525 -1         0.00000  0
 1.100  0.550 -1         0.00000  0
 1.100  0.575  1         0.00000  0
 1.100  0.600  1         0.00000  0
